1 0.339112 0.896204 0.209349 0.16357
1 0.454084 0.826831 0.0471466 0.0599782
1 0.6612 0.963126 0.115484 0.0734842
1 0.20677 0.304518 0.174765 0.17576
1 0.460695 0.695223 0.148439 0.210034
0 0.482743 0.0162967 0.0773935 0.0323644
2 0.207552 0.304342 0.176544 0.175964
1 0.103713 0.886527 0.0996418 0.0935429
1 0.218487 0.811836 0.102038 0.10131
0 0.681745 0.580285 0.08722 0.12417
1 0.453644 0.742878 0.133898 0.120646
1 0.294344 0.023721 0.119036 0.0471309
3 0.752243 0.417525 0.490929 0.835049
1 0.306813 0.646006 0.219465 0.246871
