1 0.483958 0.354837 0.156815 0.179788
1 0.777214 0.917412 0.137384 0.150567
1 0.575264 0.923136 0.163762 0.153606
1 0.525801 0.73554 0.120854 0.133613
1 0.100628 0.0882184 0.162645 0.170115
1 0.511093 0.538958 0.158596 0.161448
1 0.713248 0.523471 0.178057 0.175941
1 0.676262 0.345291 0.14818 0.157204
1 0.938757 0.310275 0.121775 0.177581
1 0.96146 0.682373 0.0769198 0.179989
1 0.950256 0.513098 0.0991268 0.152628
1 0.195246 0.409103 0.204985 0.174029
1 0.966692 0.87516 0.065856 0.16275
1 0.911644 0.0655894 0.141484 0.131179
1 0.729817 0.724561 0.201041 0.207442
1 0.424442 0.115457 0.203259 0.14789
1 0.274398 0.823532 0.126899 0.125696
1 0.175791 0.816578 0.134506 0.190537
1 0.951632 0.419391 0.0967354 0.0485007
1 0.63167 0.160407 0.187539 0.180118
1 0.270584 0.732005 0.085538 0.0715611
1 0.194275 0.59281 0.23359 0.183639
0 0.70376 0.952454 0.0862151 0.0947953
2 0.574111 0.921627 0.165636 0.154981
0 0.177166 0.818361 0.138271 0.186425
0 0.541004 0.0390009 0.114381 0.0780018
1 0.33632 0.0271123 0.102675 0.0539683
0 0.629197 0.0268359 0.0979592 0.0534374
0 0.417402 0.0170831 0.0730582 0.0339806
