2 0.112416 0.294633 0.115164 0.161487
2 0.699126 0.435702 0.184805 0.255075
3 0.323368 0.489127 0.130295 0.174334
3 0.0565972 0.804533 0.112514 0.246833
2 0.191032 0.524771 0.10899 0.14207
2 0.0665389 0.527404 0.108714 0.197046
2 0.323731 0.837134 0.122563 0.226925
3 0.324836 0.836295 0.122886 0.22711
3 0.451676 0.428229 0.109738 0.163096
2 0.598128 0.769563 0.116002 0.184551
2 0.0566092 0.809737 0.113218 0.247105
3 0.59857 0.768707 0.117619 0.184224
3 0.465639 0.791323 0.107185 0.181357
2 0.0228654 0.293358 0.0440053 0.154117
2 0.370996 0.204558 0.152192 0.1668
2 0.166262 0.812081 0.0997328 0.242374
