0 0.687042 0.11402 0.0919595 0.130249
0 0.505015 0.273998 0.0879464 0.0999875
1 0.932818 0.791578 0.119682 0.0924051
1 0.878181 0.299322 0.106201 0.103505
0 0.689745 0.931535 0.139842 0.129578
1 0.169537 0.618497 0.124407 0.0899501
1 0.718107 0.50092 0.100451 0.0934108
0 0.768254 0.139362 0.105031 0.158507
1 0.565258 0.573095 0.129966 0.143918
1 0.283949 0.514338 0.0879067 0.0935917
1 0.849302 0.932724 0.134906 0.083251
1 0.353558 0.853481 0.11982 0.098428
0 0.368798 0.767399 0.112279 0.0845549
0 0.884438 0.14644 0.145583 0.107709
1 0.646354 0.239718 0.0874376 0.0989022
1 0.974154 0.316062 0.0512691 0.115901
1 0.801921 0.77972 0.136204 0.102005
1 0.72617 0.34062 0.0956458 0.105484
1 0.401819 0.685645 0.12494 0.0986097
0 0.0666434 0.693197 0.103513 0.0861444
1 0.0425221 0.807844 0.08488 0.0819538
0 0.571172 0.273847 0.0786273 0.11861
1 0.133678 0.332059 0.147386 0.130874
3 0.942525 0.645974 0.112201 0.160572
1 0.206681 0.556852 0.137895 0.104482
0 0.13451 0.332839 0.148526 0.132675
1 0.602826 0.106668 0.064373 0.0783398
0 0.761182 0.109373 0.0814706 0.093639
1 0.887919 0.406914 0.077993 0.0646992
