0 0.24676 0.217202 0.12837 0.113998
1 0.703034 0.565793 0.14993 0.157239
1 0.702456 0.300589 0.139719 0.110766
1 0.303457 0.926354 0.143075 0.14084
1 0.112042 0.475028 0.173126 0.12857
1 0.382344 0.161325 0.137324 0.123175
1 0.948282 0.855289 0.103437 0.116974
1 0.415175 0.242091 0.149777 0.123312
1 0.744663 0.382885 0.158059 0.150227
1 0.211663 0.709217 0.160934 0.160657
1 0.354737 0.457955 0.148412 0.114008
1 0.872706 0.634109 0.123246 0.117998
1 0.310629 0.378698 0.138675 0.1138
1 0.866084 0.270301 0.165773 0.155398
1 0.915907 0.9296 0.137282 0.12836
1 0.0804245 0.388343 0.160849 0.14231
1 0.92249 0.355748 0.155021 0.153009
1 0.206531 0.136917 0.146301 0.132857
1 0.68779 0.811371 0.16604 0.173501
1 0.282891 0.294093 0.134625 0.112074
1 0.600128 0.601777 0.116845 0.114195
1 0.538689 0.659438 0.123314 0.130941
1 0.180457 0.62069 0.124325 0.0906765
1 0.179638 0.0583018 0.16734 0.115434
1 0.64744 0.229557 0.158351 0.119874
1 0.385041 0.524813 0.141054 0.108976
1 0.794036 0.684037 0.141631 0.12509
1 0.926917 0.571924 0.124872 0.125397
1 0.351333 0.862914 0.121596 0.118553
1 0.590188 0.0659009 0.164978 0.131758
1 0.619542 0.858946 0.14362 0.152541
1 0.149942 0.546132 0.152809 0.12847
1 0.0606473 0.307593 0.120162 0.117871
1 0.0442721 0.597605 0.0878607 0.110697
1 0.754865 0.745906 0.114989 0.111753
1 0.231324 0.961503 0.129367 0.0765157
1 0.844321 0.958616 0.13873 0.0818807
1 0.454145 0.317886 0.171795 0.128986
0 0.62566 0.151576 0.12807 0.104443
1 0.95473 0.495189 0.0897955 0.149633
1 0.736337 0.0244311 0.104309 0.0487601
1 0.347639 0.0790323 0.126755 0.110393
1 0.792724 0.15221 0.130613 0.111338
1 0.486031 0.975914 0.0956966 0.047785
1 0.772954 0.0627473 0.145923 0.105902
1 0.973958 0.395233 0.0516436 0.0838691
0 0.480411 0.388299 0.169293 0.124345
1 0.483449 0.712614 0.119184 0.114073
1 0.0834905 0.770672 0.11756 0.0978954
1 0.329918 0.0307989 0.10798 0.0613846
0 0.0589638 0.69249 0.117928 0.13934
1 0.976744 0.791818 0.0459483 0.0905559
1 0.478563 0.389421 0.168917 0.125065
0 0.551161 0.0245917 0.108112 0.0487897
1 0.771582 0.991844 0.045223 0.0160604
1 0.754819 0.989286 0.0624125 0.0214281
