2 0.358567 0.464064 0.338436 0.279899
1 0.826702 0.518757 0.116105 0.136408
0 0.590171 0.764924 0.113302 0.141909
0 0.695907 0.662711 0.0843534 0.0977654
1 0.663203 0.568494 0.0985061 0.122627
0 0.897541 0.27156 0.101709 0.118072
1 0.65774 0.74547 0.094722 0.116514
1 0.902073 0.48538 0.100379 0.140253
1 0.949624 0.633857 0.100752 0.14756
1 0.470063 0.833171 0.100186 0.124296
1 0.582856 0.948922 0.0889158 0.102156
0 0.927363 0.841327 0.145273 0.170406
1 0.719582 0.918389 0.0961666 0.128398
0 0.951419 0.249773 0.0971619 0.157659
1 0.653355 0.941025 0.100339 0.117949
1 0.948863 0.959437 0.0992744 0.0811259
2 0.0879994 0.566591 0.130904 0.22022
3 0.71066 0.358349 0.144952 0.154176
1 0.400355 0.850486 0.113734 0.145392
0 0.708844 0.358211 0.144418 0.155057
2 0.0573958 0.827995 0.114592 0.16197
1 0.60464 0.605694 0.100845 0.145182
1 0.927355 0.841165 0.145291 0.168197
2 0.290369 0.888837 0.121592 0.158338
1 0.821355 0.97927 0.0771866 0.0411656
0 0.582236 0.948656 0.0885327 0.102689
1 0.723192 0.744155 0.0833025 0.0936625
1 0.28977 0.887954 0.12047 0.155755
0 0.810542 0.640368 0.105872 0.0787085
1 0.817312 0.31957 0.144655 0.150259
1 0.503638 0.961394 0.116587 0.076474
1 0.533607 0.80708 0.0959122 0.118714
1 0.988696 0.417113 0.0224475 0.0780874
0 0.81671 0.318604 0.146601 0.148113
0 0.82953 0.688292 0.126663 0.159888
