1 0.10587 0.494618 0.109851 0.142545
1 0.206613 0.692379 0.133105 0.08988
1 0.846961 0.837733 0.124258 0.088127
1 0.480976 0.619757 0.13543 0.116182
1 0.854164 0.754549 0.124979 0.0872021
1 0.451245 0.397826 0.0985247 0.116914
1 0.065533 0.773697 0.124243 0.0838225
1 0.871621 0.568213 0.128073 0.0948942
1 0.86112 0.666322 0.128748 0.0818053
1 0.367924 0.393802 0.11655 0.165266
1 0.841611 0.922651 0.117185 0.0936623
1 0.0571442 0.948404 0.114288 0.09904
1 0.590105 0.845762 0.139601 0.0884259
1 0.623991 0.684069 0.113472 0.0845313
1 0.901455 0.369939 0.125222 0.149415
1 0.459025 0.788855 0.121352 0.0876496
1 0.445709 0.954099 0.124097 0.0847416
1 0.45024 0.868668 0.123065 0.0798904
1 0.63238 0.606558 0.119096 0.0769553
1 0.0531523 0.846356 0.105266 0.0821772
1 0.199344 0.848975 0.128485 0.0914357
1 0.599355 0.762704 0.126019 0.0812039
1 0.796224 0.365671 0.0835397 0.150875
1 0.957809 0.903072 0.0832548 0.0828452
1 0.586078 0.936738 0.153581 0.0964754
1 0.203269 0.766473 0.142105 0.0838842
1 0.54338 0.372581 0.0923049 0.154157
1 0.961248 0.820315 0.0769134 0.0819354
1 0.462593 0.701257 0.110599 0.0853331
1 0.0456452 0.538256 0.0910114 0.132174
3 0.0412796 0.216236 0.0817131 0.208534
1 0.184676 0.478022 0.105575 0.136534
1 0.628067 0.378264 0.0820489 0.170746
2 0.0415361 0.217632 0.0821666 0.208775
1 0.957475 0.971807 0.0834612 0.0559316
1 0.188906 0.931111 0.13389 0.0856913
1 0.969324 0.571868 0.0603131 0.0989883
1 0.82903 0.980362 0.12701 0.0391736
1 0.966579 0.736901 0.0665172 0.0803852
1 0.178534 0.984528 0.132824 0.0306251
3 0.910959 0.129176 0.177255 0.110309
1 0.978427 0.656002 0.0425048 0.0716441
1 0.979955 0.612944 0.0395304 0.160246
