0 0.91027 0.7286 0.0942481 0.101373
1 0.52355 0.319212 0.138534 0.138537
1 0.36543 0.255974 0.146134 0.144264
1 0.259997 0.851507 0.15407 0.131103
1 0.785261 0.9171 0.0961521 0.100083
1 0.231528 0.518473 0.129688 0.1222
1 0.275742 0.432076 0.122053 0.130809
0 0.917677 0.397156 0.0914297 0.105171
1 0.354018 0.679191 0.136006 0.125157
1 0.481531 0.863503 0.128755 0.119462
1 0.147866 0.691904 0.125415 0.129647
1 0.303935 0.759276 0.157285 0.142565
1 0.200473 0.609615 0.140752 0.137073
1 0.643509 0.0564437 0.133751 0.112887
1 0.593574 0.130727 0.168527 0.150739
1 0.473696 0.418173 0.137986 0.130835
1 0.423547 0.932647 0.111981 0.114235
1 0.212823 0.93439 0.180262 0.131221
1 0.171258 0.0911286 0.177683 0.14642
1 0.328111 0.352339 0.148459 0.143075
1 0.100976 0.288278 0.139772 0.128128
1 0.382029 0.590221 0.162827 0.137246
0 0.83491 0.953835 0.1021 0.0917451
1 0.448825 0.0646687 0.149048 0.124026
0 0.906636 0.0513736 0.0863507 0.0796437
1 0.101762 0.780045 0.104746 0.118024
1 0.421479 0.502224 0.155926 0.136528
1 0.0614912 0.872041 0.121692 0.127894
1 0.390949 0.15078 0.100654 0.111028
1 0.141319 0.193544 0.151197 0.150898
0 0.969697 0.0926752 0.0592117 0.100222
1 0.210573 0.0434797 0.153091 0.086349
1 0.0659605 0.372541 0.131921 0.124978
1 0.834225 0.0422283 0.101295 0.084326
1 0.559675 0.922236 0.0852132 0.0846658
1 0.55426 0.217043 0.141344 0.132381
1 0.0385409 0.467256 0.0770819 0.118842
0 0.589199 0.770515 0.125637 0.102811
0 0.878051 0.588321 0.0929105 0.104242
0 0.951012 0.954284 0.0974984 0.0902777
1 0.760286 0.260029 0.122615 0.103678
1 0.700367 0.943748 0.078032 0.0942874
1 0.713646 0.324026 0.130143 0.10772
1 0.86886 0.469356 0.0684154 0.0817693
1 0.96234 0.538202 0.0706019 0.0971639
0 0.963591 0.396197 0.0721861 0.160566
0 0.911413 0.502714 0.0773399 0.0871342
1 0.526926 0.716678 0.0705869 0.0649101
1 0.0268199 0.134832 0.053308 0.117986
1 0.496999 0.971913 0.0993264 0.0558963
0 0.978339 0.784342 0.0427616 0.0799894
0 0.822259 0.813249 0.145135 0.109179
0 0.716044 0.326445 0.131885 0.110015
0 0.644364 0.878988 0.0823761 0.0865769
1 0.0211296 0.54731 0.0415977 0.0739036
0 0.759925 0.261661 0.125171 0.10574
1 0.386509 0.980093 0.0839525 0.0394268
1 0.015642 0.921379 0.0308995 0.0628175
1 0.047529 0.0380337 0.0948692 0.0759313
1 0.0862803 0.0123491 0.0753522 0.0246982
1 0.47901 0.027488 0.128254 0.0544167
