1 0.702401 0.589091 0.166386 0.162091
2 0.5377 0.919489 0.304568 0.159614
1 0.611443 0.506521 0.147762 0.126225
1 0.137606 0.833454 0.120251 0.114599
1 0.26366 0.372804 0.15223 0.138172
1 0.442759 0.573558 0.133118 0.12402
1 0.0446601 0.125835 0.088304 0.121522
1 0.0389683 0.721757 0.0775664 0.127975
1 0.591829 0.693751 0.12574 0.131134
1 0.192953 0.302124 0.134971 0.153679
1 0.242309 0.680721 0.141021 0.134201
1 0.297595 0.735947 0.126205 0.110321
1 0.32506 0.434898 0.132368 0.143476
1 0.265738 0.18552 0.170158 0.163352
1 0.514829 0.631505 0.121083 0.105472
1 0.535838 0.444198 0.164223 0.148753
1 0.195594 0.105991 0.130275 0.119307
1 0.0474763 0.461176 0.0944667 0.119331
1 0.112804 0.576876 0.157329 0.137705
1 0.125996 0.246756 0.129 0.136036
1 0.407244 0.295489 0.0966312 0.0916818
1 0.0740707 0.184933 0.131532 0.137283
1 0.0794692 0.772339 0.117674 0.108548
1 0.173635 0.890653 0.136424 0.124155
1 0.191616 0.623156 0.129464 0.118379
1 0.380464 0.494541 0.145042 0.150731
1 0.345507 0.784098 0.122782 0.122257
1 0.237852 0.946477 0.129472 0.105502
1 0.123488 0.0590623 0.155875 0.117215
1 0.820801 0.695006 0.150227 0.148441
1 0.241085 0.841903 0.0906814 0.092369
1 0.74966 0.73934 0.155005 0.13965
1 0.459707 0.38306 0.165692 0.157692
1 0.3554 0.336326 0.084394 0.0852144
1 0.0707295 0.525192 0.141232 0.146274
1 0.0538122 0.0215043 0.106027 0.0428398
1 0.024164 0.399551 0.0478869 0.0956511
3 0.936097 0.845585 0.127613 0.177788
1 0.936386 0.846346 0.12683 0.174476
0 0.936109 0.846099 0.127016 0.175949
0 0.177631 0.889982 0.127396 0.123822
