0 0.889968 0.366847 0.116367 0.131953
0 0.842573 0.500512 0.146366 0.182172
1 0.50464 0.337992 0.134405 0.109721
1 0.533495 0.248436 0.143907 0.119613
1 0.73254 0.0455716 0.146234 0.0906205
1 0.572361 0.0829906 0.117709 0.10268
0 0.883244 0.9052 0.118693 0.13303
1 0.559446 0.166066 0.140321 0.102276
1 0.928125 0.78419 0.10681 0.137125
1 0.644211 0.373493 0.129059 0.114435
1 0.456252 0.494902 0.153761 0.115306
1 0.480421 0.415292 0.145306 0.117587
1 0.769082 0.71716 0.120138 0.143858
0 0.607677 0.548983 0.150901 0.129051
1 0.380368 0.735482 0.139362 0.119713
1 0.512611 0.788825 0.141909 0.108826
1 0.532618 0.698879 0.144638 0.117864
1 0.928858 0.527944 0.133806 0.133398
1 0.721374 0.130189 0.108257 0.0886219
1 0.696413 0.203292 0.143001 0.112304
1 0.709787 0.851393 0.0963137 0.11316
0 0.617957 0.459601 0.127919 0.103298
1 0.264446 0.933697 0.144863 0.131104
1 0.963233 0.390409 0.0718515 0.126477
1 0.790738 0.882493 0.13488 0.165488
1 0.555136 0.625598 0.13805 0.0936358
1 0.367023 0.936305 0.120208 0.126961
1 0.447644 0.969859 0.0992965 0.0598898
0 0.952964 0.936801 0.0936997 0.123643
1 0.674958 0.28958 0.14353 0.10958
1 0.591768 0.0228982 0.112727 0.04534
1 0.533558 0.981209 0.0867513 0.0373297
2 0.263667 0.934022 0.152592 0.129456
0 0.848296 0.743265 0.110711 0.12424
1 0.979302 0.546421 0.0408001 0.116315
1 0.97683 0.809615 0.0459999 0.12945
0 0.948232 0.101072 0.102351 0.165222
1 0.852222 0.740983 0.107993 0.120007
1 0.953086 0.937246 0.093828 0.124373
1 0.953768 0.0689411 0.0912535 0.0965455
