0 0.366715 0.222668 0.106199 0.0980736
1 0.852257 0.327085 0.122644 0.128444
1 0.397483 0.365189 0.110501 0.126594
0 0.12687 0.360245 0.136671 0.126498
1 0.917163 0.164745 0.16494 0.124206
1 0.0799315 0.250729 0.119817 0.121798
1 0.188818 0.583336 0.129997 0.123854
1 0.59288 0.12032 0.129248 0.121374
1 0.161499 0.6903 0.133471 0.120567
1 0.05689 0.175938 0.090851 0.0913992
0 0.468687 0.512165 0.106764 0.105441
0 0.544771 0.319634 0.115738 0.112135
1 0.872001 0.0303039 0.102886 0.0604743
1 0.574361 0.200392 0.142059 0.118566
0 0.339599 0.0615676 0.111217 0.121544
1 0.478428 0.277639 0.0709664 0.0745558
1 0.0554319 0.446628 0.11048 0.143166
0 0.740654 0.45726 0.113212 0.109295
1 0.0320277 0.561824 0.0636853 0.0853331
1 0.938812 0.370652 0.0979273 0.104383
0 0.940043 0.370218 0.0978994 0.106207
1 0.159014 0.81619 0.127928 0.140591
3 0.0605402 0.834913 0.117007 0.154278
0 0.211093 0.455928 0.128385 0.111276
0 0.71925 0.277423 0.123854 0.164837
0 0.841974 0.863193 0.100518 0.105711
1 0.645138 0.0475162 0.129667 0.0948581
1 0.126882 0.358321 0.134069 0.124433
0 0.883945 0.652664 0.100758 0.092907
2 0.158911 0.815939 0.128155 0.144688
