1 0.775697 0.85725 0.141076 0.145767
1 0.647809 0.493682 0.14226 0.172782
0 0.222874 0.24903 0.0796185 0.10669
1 0.548033 0.298311 0.18357 0.201169
1 0.163897 0.734373 0.225555 0.203233
1 0.898914 0.0724044 0.202173 0.144189
1 0.804104 0.957007 0.177328 0.0856123
0 0.874809 0.486847 0.0760856 0.0723603
1 0.677268 0.685192 0.254745 0.174473
1 0.222007 0.890112 0.189576 0.205362
1 0.914451 0.212808 0.110742 0.105971
1 0.738271 0.695659 0.124897 0.112525
0 0.212472 0.0364658 0.0956494 0.0724157
1 0.916744 0.297883 0.165214 0.149857
0 0.0637282 0.588628 0.125826 0.152513
1 0.0634407 0.590206 0.125548 0.149781
0 0.453304 0.518247 0.0888241 0.120551
1 0.979553 0.79231 0.0404602 0.105183
1 0.328387 0.719393 0.0928191 0.0755033
1 0.316605 0.977447 0.180092 0.0445018
3 0.428974 0.134901 0.307433 0.238677
0 0.420169 0.134123 0.284366 0.232634
0 0.364124 0.820922 0.223315 0.216964
0 0.546914 0.297597 0.186501 0.198089
1 0.0250756 0.953246 0.0498633 0.0912443
0 0.916807 0.295022 0.1653 0.151621
