2 0.417723 0.680456 0.328507 0.101155
1 0.734794 0.186035 0.169444 0.121225
0 0.936868 0.132054 0.11931 0.0963607
0 0.961983 0.728326 0.0752313 0.177443
0 0.967171 0.500055 0.0654271 0.0974143
3 0.362211 0.828013 0.253156 0.160753
0 0.619334 0.353028 0.0968635 0.131424
0 0.515845 0.375424 0.0559098 0.0875982
1 0.873523 0.701446 0.142712 0.142196
1 0.732917 0.0551259 0.119919 0.0844954
0 0.78342 0.355774 0.10054 0.0574113
1 0.967336 0.427497 0.0643278 0.0671073
1 0.782038 0.493973 0.130702 0.0908716
1 0.959546 0.310119 0.0801519 0.0925059
1 0.748725 0.636591 0.192197 0.12056
0 0.354703 0.428873 0.0969525 0.0484414
1 0.620979 0.354153 0.0993099 0.131742
1 0.346767 0.266774 0.16369 0.108945
1 0.74862 0.854906 0.0997225 0.113497
1 0.505272 0.222335 0.0649974 0.0650749
2 0.437131 0.065451 0.187734 0.130042
1 0.49924 0.551838 0.0553708 0.0926104
