2 0.718962 0.926742 0.17106 0.146035
1 0.895923 0.35467 0.208153 0.180402
1 0.849087 0.65656 0.205754 0.170955
2 0.354395 0.407952 0.236416 0.210175
2 0.27718 0.161403 0.226401 0.234002
2 0.0880663 0.825242 0.175892 0.289671
1 0.402503 0.0777993 0.161114 0.155419
1 0.706425 0.168078 0.180739 0.175885
1 0.860224 0.0825122 0.221457 0.16458
2 0.434123 0.843513 0.1954 0.195745
3 0.0871877 0.821911 0.172775 0.291221
1 0.431283 0.966821 0.128854 0.0654625
2 0.125645 0.230357 0.16629 0.189347
2 0.629365 0.618442 0.227564 0.233796
1 0.0649838 0.494984 0.082458 0.0815508
3 0.0373386 0.718301 0.0742906 0.174904
1 0.970738 0.245101 0.0576487 0.112784
1 0.968688 0.495758 0.0620602 0.143143
0 0.755171 0.477388 0.233384 0.237176
2 0.903093 0.943543 0.188317 0.112284
