3 0.600972 0.142114 0.230495 0.113383
2 0.265014 0.399749 0.228337 0.400117
0 0.41019 0.114926 0.151792 0.106202
3 0.180652 0.941031 0.236352 0.114793
3 0.534794 0.901479 0.232521 0.103182
3 0.887524 0.932197 0.223749 0.113716
2 0.897491 0.335261 0.0961518 0.169227
2 0.0764594 0.15081 0.152919 0.157453
2 0.0953682 0.0422167 0.181604 0.0844333
3 0.381118 0.690402 0.418255 0.129682
2 0.239559 0.492789 0.154105 0.228451
3 0.899685 0.334981 0.0959209 0.17176
1 0.0753722 0.150452 0.150744 0.157813
1 0.0269083 0.328432 0.0533111 0.101671
