0 0.698883 0.178735 0.0607562 0.142412
2 0.188927 0.442408 0.223531 0.2536
1 0.363319 0.540955 0.0917233 0.117402
1 0.56226 0.414524 0.0908548 0.0878083
1 0.563783 0.532414 0.112803 0.101329
1 0.778023 0.483421 0.102416 0.137281
1 0.681084 0.504967 0.0737801 0.103207
1 0.54737 0.14902 0.102897 0.0935445
2 0.572073 0.919981 0.101084 0.159303
1 0.56247 0.256887 0.11716 0.112879
1 0.571268 0.33821 0.105021 0.0579093
1 0.194412 0.270401 0.0896639 0.0909086
1 0.88739 0.224004 0.106632 0.0892123
1 0.0267375 0.118641 0.053475 0.0853686
1 0.897386 0.13495 0.112658 0.0813585
1 0.761083 0.772364 0.0868982 0.108095
1 0.917481 0.981093 0.100199 0.0372064
1 0.155782 0.127506 0.076239 0.10299
0 0.896166 0.508345 0.117656 0.0964973
0 0.522924 0.0367964 0.103176 0.0723749
2 0.239281 0.855486 0.0863096 0.272209
1 0.367993 0.284248 0.112949 0.0816702
1 0.380933 0.407227 0.112188 0.122869
3 0.0532665 0.864583 0.106533 0.265188
3 0.0418585 0.253939 0.0831686 0.133336
0 0.765475 0.175261 0.0606015 0.148238
1 0.0870797 0.113037 0.0579914 0.0934991
1 0.748273 0.3745 0.0630004 0.0618793
2 0.896304 0.786289 0.113915 0.158636
0 0.900547 0.395117 0.126539 0.127275
1 0.763426 0.176618 0.0631016 0.140715
0 0.859637 0.023613 0.0949727 0.0470431
1 0.4492 0.944314 0.0819245 0.108782
1 0.859708 0.0229513 0.094749 0.0456475
1 0.524335 0.0351907 0.0979962 0.0700904
0 0.921085 0.918721 0.0928752 0.0636578
0 0.188531 0.0160467 0.0902678 0.0315273
1 0.772783 0.991093 0.119748 0.0175102
1 0.34208 0.192608 0.0790442 0.0692829
