1 0.0708754 0.347443 0.141751 0.146534
1 0.904111 0.380038 0.13749 0.126843
1 0.0899745 0.263783 0.179327 0.151613
1 0.918715 0.725483 0.148201 0.153142
1 0.708807 0.728158 0.108337 0.106027
1 0.863217 0.459976 0.165758 0.142766
1 0.838064 0.67702 0.134892 0.150336
1 0.117813 0.191541 0.178179 0.141926
1 0.816735 0.8823 0.168671 0.149315
1 0.671975 0.809684 0.125975 0.121124
1 0.6427 0.886607 0.103859 0.0826449
1 0.93622 0.276351 0.123041 0.144982
1 0.77815 0.953225 0.158767 0.0921595
1 0.628732 0.96064 0.130963 0.0784044
1 0.21055 0.0594781 0.179188 0.117235
1 0.861655 0.813721 0.123634 0.115172
1 0.189721 0.132524 0.11849 0.115069
2 0.747735 0.630681 0.146278 0.152341
1 0.968032 0.494161 0.0631642 0.120043
1 0.74737 0.629436 0.147389 0.151357
1 0.0545879 0.434799 0.10826 0.11886
