1 0.232302 0.481907 0.139116 0.127901
1 0.603313 0.304803 0.156678 0.143419
1 0.0705618 0.648961 0.141124 0.13926
1 0.605648 0.657402 0.118852 0.114856
1 0.633852 0.0691225 0.121711 0.114712
1 0.569515 0.864956 0.145777 0.134811
1 0.694752 0.132527 0.128425 0.124133
1 0.817893 0.919219 0.137347 0.136058
1 0.421042 0.47563 0.15952 0.143894
1 0.551737 0.597281 0.141002 0.13537
1 0.118146 0.715617 0.152155 0.133354
1 0.222612 0.838638 0.154484 0.146285
1 0.486008 0.186686 0.125294 0.128357
1 0.269825 0.290286 0.138875 0.128381
1 0.701195 0.453284 0.128707 0.117101
1 0.288263 0.538179 0.134289 0.118066
1 0.708731 0.796793 0.121655 0.117441
1 0.787127 0.278305 0.152781 0.139653
1 0.343374 0.602312 0.149239 0.146761
1 0.953388 0.767192 0.0928348 0.136093
1 0.350645 0.955942 0.116725 0.0881155
1 0.655512 0.725266 0.127504 0.125754
1 0.372197 0.0569183 0.114902 0.111728
1 0.546133 0.250373 0.155178 0.141644
1 0.0702164 0.268604 0.140433 0.153316
1 0.938859 0.464117 0.122073 0.146227
1 0.926723 0.702932 0.1317 0.120773
1 0.172562 0.425352 0.12888 0.120859
1 0.873793 0.642644 0.154085 0.130598
1 0.503676 0.805928 0.121681 0.113601
1 0.0642985 0.871983 0.1271 0.117895
1 0.935958 0.108976 0.12727 0.119677
1 0.127296 0.934284 0.138402 0.123512
1 0.897685 0.399886 0.155657 0.120093
1 0.383562 0.399128 0.111209 0.104347
1 0.749756 0.856944 0.123412 0.11603
1 0.17554 0.771247 0.141312 0.1348
1 0.225244 0.213151 0.104913 0.10095
1 0.492776 0.537617 0.122668 0.117749
1 0.754769 0.192623 0.113911 0.107874
1 0.877644 0.961829 0.131384 0.0757637
1 0.442751 0.743012 0.147464 0.140712
1 0.967596 0.170593 0.0624229 0.116612
1 0.327673 0.341981 0.123773 0.114646
1 0.0456164 0.568083 0.0903884 0.143291
1 0.965521 0.547078 0.0668001 0.116873
1 0.610851 0.935448 0.131779 0.120024
1 0.819867 0.581023 0.149504 0.144167
1 0.835451 0.341854 0.14453 0.142126
1 0.652048 0.37957 0.157873 0.136522
1 0.425646 0.12433 0.149127 0.137005
1 0.0369919 0.803426 0.0739839 0.12707
1 0.404459 0.673991 0.158071 0.134631
1 0.177317 0.968114 0.131224 0.0632615
1 0.701811 0.236482 0.0940993 0.0957396
1 0.0365271 0.0642069 0.0730542 0.128414
1 0.111248 0.340768 0.127214 0.130406
1 0.14918 0.16235 0.125703 0.114957
1 0.752386 0.509922 0.117278 0.103483
1 0.656959 0.963615 0.144307 0.0722153
1 0.836892 0.0185866 0.0832639 0.0371732
1 0.984765 0.851238 0.0299555 0.0654151
1 0.835606 0.450333 0.0856767 0.0958648
1 0.0135824 0.49665 0.0268865 0.0581362
1 0.0234535 0.193833 0.0467074 0.107344
1 0.0890244 0.0962164 0.134492 0.147374
1 0.890766 0.050337 0.140438 0.100489
0 0.329567 0.343468 0.130618 0.113364
1 0.299991 0.893853 0.123621 0.118178
1 0.566071 0.0343383 0.134686 0.0683617
1 0.285786 0.0198831 0.0838485 0.0397661
1 0.413694 0.987338 0.0539036 0.0253239
1 0.979815 0.0191426 0.0396889 0.0380798
