1 0.352756 0.828257 0.138601 0.126458
1 0.502353 0.237844 0.159848 0.147084
1 0.687594 0.286235 0.127122 0.125971
1 0.0867809 0.105565 0.163061 0.156194
1 0.0828166 0.906108 0.151323 0.167109
1 0.563598 0.372318 0.131706 0.156477
1 0.200065 0.217654 0.195097 0.175118
1 0.340227 0.0624773 0.15894 0.123774
1 0.407238 0.957673 0.184899 0.0839617
1 0.364522 0.654963 0.271649 0.168669
1 0.426181 0.12771 0.171146 0.156741
1 0.0647588 0.696304 0.12832 0.164196
1 0.0361069 0.495025 0.0710242 0.143689
1 0.290187 0.439063 0.208104 0.228246
0 0.290917 0.438973 0.208542 0.227641
1 0.0312468 0.0191661 0.0621747 0.0381155
