0 0.289011 0.484781 0.0899968 0.0762156
0 0.0398782 0.508661 0.0797564 0.102638
1 0.248857 0.409724 0.0805588 0.0863031
1 0.689198 0.509508 0.119271 0.12118
1 0.0737829 0.273394 0.101938 0.102774
1 0.233171 0.326495 0.0984169 0.0965943
1 0.126989 0.468793 0.0955404 0.125897
1 0.0805114 0.691087 0.0995369 0.128647
1 0.340095 0.675425 0.108416 0.0744798
1 0.212368 0.878834 0.10115 0.121653
1 0.382719 0.955555 0.142617 0.0885087
1 0.110025 0.925453 0.0966684 0.104853
1 0.0321882 0.101008 0.0641752 0.105376
1 0.156831 0.0392883 0.0860256 0.0784684
1 0.43094 0.863012 0.106996 0.0905414
1 0.318613 0.583099 0.112152 0.0971928
1 0.0181516 0.707677 0.0361734 0.0880746
0 0.165172 0.673899 0.0913262 0.084388
0 0.317502 0.58263 0.115125 0.0965321
1 0.376082 0.77573 0.116799 0.0749248
0 0.157234 0.0389988 0.0862076 0.0779976
1 0.0270478 0.90104 0.053753 0.116021
0 0.0310389 0.0983537 0.0620778 0.10202
