0 0.95727 0.15215 0.0851933 0.0822448
1 0.577603 0.0433395 0.104882 0.0731191
0 0.0345851 0.756019 0.0688595 0.110424
1 0.136663 0.590835 0.100982 0.0960655
1 0.851042 0.17212 0.1202 0.0858853
1 0.177192 0.682636 0.122069 0.116287
1 0.0528839 0.827732 0.0962733 0.080907
0 0.893142 0.0748565 0.0649387 0.0624937
1 0.362366 0.952195 0.159588 0.0949496
1 0.687511 0.211984 0.123667 0.0718526
0 0.212917 0.866442 0.112799 0.117105
1 0.531679 0.979561 0.063098 0.0406039
1 0.649028 0.894712 0.0799515 0.0867026
1 0.0891598 0.718137 0.0649239 0.0943236
0 0.650249 0.893882 0.0777309 0.0861208
0 0.555536 0.864155 0.0717595 0.0698076
