1 0.608004 0.306295 0.126388 0.129293
1 0.182782 0.122777 0.126083 0.140499
1 0.415893 0.165195 0.129949 0.143717
1 0.755506 0.40979 0.119779 0.124992
1 0.710549 0.288089 0.137894 0.127104
0 0.145026 0.39184 0.153786 0.129877
1 0.835243 0.103478 0.126854 0.118006
1 0.322476 0.507287 0.132112 0.124366
1 0.829596 0.364691 0.123152 0.140485
1 0.401604 0.450277 0.13542 0.155078
1 0.538172 0.541746 0.123734 0.126576
1 0.0632345 0.257002 0.126469 0.150723
1 0.110044 0.175086 0.151856 0.13736
1 0.327107 0.0468072 0.133731 0.0923751
1 0.263527 0.0795122 0.135206 0.139625
1 0.275602 0.261566 0.138759 0.14592
1 0.101268 0.472428 0.123146 0.0919698
1 0.490282 0.127119 0.129405 0.135707
1 0.618073 0.493416 0.118849 0.1277
1 0.56999 0.0560321 0.131172 0.112064
1 0.469965 0.402227 0.132042 0.146973
1 0.534387 0.352778 0.11725 0.121763
1 0.30104 0.601354 0.113606 0.0931842
1 0.350652 0.221569 0.126666 0.124637
1 0.684071 0.440926 0.128795 0.151723
1 0.465258 0.621405 0.127206 0.125638
1 0.955482 0.275027 0.0890352 0.122405
1 0.077043 0.54578 0.154086 0.117753
1 0.772076 0.0300169 0.126298 0.0600339
1 0.951063 0.0371028 0.0978749 0.0738484
1 0.212275 0.314816 0.127644 0.1325
1 0.895561 0.321203 0.113917 0.122937
1 0.648605 0.0234736 0.104234 0.046838
1 0.418149 0.0363533 0.110301 0.0724438
1 0.0140719 0.44874 0.0278537 0.0655224
2 0.079778 0.543286 0.159058 0.126264
1 0.797192 0.220442 0.120728 0.100417
1 0.0384581 0.0384051 0.076315 0.076488
3 0.959496 0.658669 0.0807786 0.121673
0 0.0387497 0.0385693 0.077214 0.076505
