0 0.32722 0.108592 0.125309 0.152305
0 0.0872561 0.0810417 0.153338 0.162083
0 0.621052 0.45522 0.162887 0.18819
1 0.104266 0.805759 0.131183 0.112457
1 0.3715 0.399594 0.142715 0.162887
1 0.61599 0.926107 0.172675 0.147223
1 0.124156 0.34148 0.145146 0.174757
1 0.496853 0.433684 0.149306 0.177142
1 0.244204 0.369939 0.141736 0.1662
1 0.359115 0.599843 0.139871 0.138708
0 0.751311 0.481802 0.147047 0.181102
0 0.944761 0.24278 0.110479 0.159573
1 0.459409 0.143572 0.147295 0.142955
0 0.715043 0.192657 0.157257 0.17593
1 0.921335 0.743495 0.157329 0.179239
1 0.114552 0.936489 0.180022 0.126515
1 0.618823 0.660058 0.151322 0.154876
1 0.886841 0.0623118 0.133779 0.124624
1 0.214602 0.0797747 0.148293 0.159549
0 0.594434 0.163353 0.155072 0.165977
1 0.73253 0.667261 0.142671 0.161141
1 0.238224 0.571305 0.164726 0.17642
1 0.843636 0.225953 0.151089 0.166609
1 0.940747 0.932614 0.117646 0.125781
1 0.754137 0.0579344 0.14667 0.11463
0 0.966335 0.0830652 0.0663497 0.140594
0 0.964728 0.533361 0.0698504 0.192763
0 0.886106 0.0622149 0.131544 0.12397
0 0.871492 0.508563 0.133658 0.138802
1 0.715735 0.190845 0.155136 0.174417
1 0.444217 0.887275 0.120344 0.131735
0 0.75338 0.0597384 0.148066 0.117285
1 0.0345938 0.317404 0.0691877 0.175102
0 0.215334 0.080306 0.149633 0.160612
0 0.033122 0.313251 0.0662439 0.171193
1 0.427144 0.986091 0.159723 0.0274804
1 0.93615 0.853467 0.125341 0.0978971
1 0.0120512 0.926467 0.0238308 0.0843089
0 0.622007 0.0349377 0.125196 0.0695921
0 0.238327 0.573842 0.163226 0.173501
0 0.843464 0.227704 0.151032 0.166814
0 0.102114 0.540556 0.192284 0.192051
