1 0.108952 0.170642 0.130329 0.131752
1 0.92234 0.786759 0.130022 0.115589
0 0.693935 0.723446 0.116267 0.103627
0 0.633514 0.401415 0.102685 0.110453
1 0.143921 0.658867 0.19454 0.15734
1 0.453927 0.0880952 0.149985 0.0938784
1 0.913149 0.0681972 0.118585 0.115091
1 0.293496 0.30488 0.104313 0.0736507
1 0.951657 0.36456 0.0966858 0.104243
1 0.706509 0.503252 0.121342 0.114627
1 0.582217 0.786904 0.167327 0.129315
1 0.239142 0.434838 0.102817 0.0675328
1 0.783631 0.156128 0.138352 0.121535
1 0.732212 0.613195 0.140284 0.139028
1 0.791072 0.377712 0.11227 0.109114
1 0.692626 0.961863 0.0993934 0.076275
1 0.0693429 0.345571 0.0864477 0.0975235
0 0.734147 0.612252 0.141032 0.141051
1 0.725906 0.257495 0.0892916 0.0835852
0 0.725268 0.257879 0.088408 0.086149
0 0.790592 0.376371 0.115604 0.110296
1 0.51067 0.858763 0.11821 0.103052
1 0.21405 0.991926 0.0850513 0.0158887
