1 0.214832 0.434222 0.166615 0.12397
1 0.497703 0.115204 0.152742 0.125363
1 0.640069 0.470696 0.128078 0.112119
1 0.669758 0.158416 0.139952 0.0957779
1 0.469441 0.431674 0.146952 0.107376
1 0.446896 0.512645 0.140882 0.085248
1 0.937271 0.239043 0.123107 0.162216
1 0.902954 0.496931 0.118428 0.132217
1 0.382163 0.716982 0.125446 0.0992548
1 0.834676 0.658399 0.151495 0.1265
1 0.767287 0.8718 0.086895 0.123984
1 0.240486 0.345249 0.134717 0.0840324
1 0.68855 0.849052 0.0989828 0.127198
0 0.974711 0.919037 0.0503401 0.125356
1 0.212765 0.532381 0.137638 0.10463
1 0.18988 0.618843 0.168792 0.108066
1 0.250193 0.279757 0.138421 0.0770525
1 0.498274 0.248111 0.148381 0.0995206
1 0.484646 0.340223 0.14286 0.110795
1 0.665967 0.247477 0.129069 0.0788971
1 0.619598 0.564909 0.12514 0.0891478
1 0.131235 0.78233 0.0909696 0.106544
1 0.478512 0.797964 0.158463 0.176615
1 0.925207 0.0590072 0.145162 0.117053
1 0.656781 0.0294312 0.130452 0.0565427
2 0.835122 0.658989 0.154159 0.126763
0 0.975683 0.481511 0.0481385 0.125809
1 0.976031 0.481917 0.0475786 0.125802
2 0.479821 0.796842 0.162892 0.176713
