0 0.582884 0.713502 0.0902743 0.0794587
1 0.58706 0.79017 0.118182 0.0628411
0 0.414628 0.109463 0.0675965 0.0874272
1 0.926959 0.86066 0.144396 0.134491
1 0.205134 0.0575751 0.152684 0.113014
1 0.947958 0.645781 0.103595 0.101177
1 0.26254 0.471815 0.0657407 0.0921398
1 0.391318 0.332854 0.160493 0.144519
1 0.370321 0.779414 0.15187 0.0659764
1 0.132756 0.682535 0.106971 0.0864756
1 0.336108 0.477428 0.05562 0.0866448
1 0.931979 0.334877 0.134938 0.114989
1 0.539736 0.484425 0.121805 0.15335
1 0.128504 0.343426 0.131098 0.114809
1 0.272659 0.682619 0.080488 0.123509
1 0.944967 0.960331 0.109184 0.0744951
1 0.728174 0.825197 0.159147 0.115047
1 0.219504 0.150776 0.0997407 0.0770043
1 0.122646 0.486269 0.11889 0.150473
1 0.576578 0.975423 0.108028 0.0486906
1 0.222384 0.809073 0.0933483 0.0570374
1 0.682238 0.121503 0.0712075 0.113741
1 0.578744 0.896201 0.110606 0.109528
1 0.366285 0.863224 0.158266 0.100774
1 0.860937 0.0267393 0.162652 0.0531677
0 0.740242 0.921222 0.117821 0.0665205
1 0.536144 0.34257 0.110328 0.121273
1 0.373669 0.678659 0.124087 0.13426
1 0.631332 0.349163 0.0711262 0.110485
1 0.502619 0.123593 0.0898457 0.165431
0 0.741886 0.485144 0.129421 0.0970142
1 0.968817 0.110005 0.0620363 0.109665
1 0.846339 0.111752 0.115114 0.119696
1 0.311949 0.118147 0.0562215 0.0839215
1 0.557422 0.131454 0.067691 0.141465
1 0.414961 0.470481 0.10377 0.0903273
1 0.741373 0.402147 0.139578 0.28117
0 0.334179 0.0198381 0.110423 0.0393354
1 0.938179 0.43736 0.114086 0.0983427
0 0.204503 0.459541 0.05254 0.105164
0 0.630522 0.416345 0.0770452 0.268099
1 0.525485 0.0203886 0.122254 0.0402636
0 0.740167 0.399419 0.135541 0.274297
1 0.716274 0.645996 0.0895803 0.140732
