2 0.599455 0.221479 0.250203 0.200349
2 0.823739 0.116423 0.187067 0.176551
1 0.679484 0.702391 0.131848 0.14489
1 0.934634 0.751801 0.130732 0.102912
1 0.477032 0.935311 0.169535 0.129378
1 0.685255 0.509307 0.157475 0.133523
1 0.935862 0.528403 0.127196 0.0932624
1 0.930054 0.863816 0.138808 0.103043
1 0.915348 0.955731 0.16895 0.0879151
1 0.408541 0.683778 0.202284 0.146851
1 0.927814 0.640991 0.142923 0.118004
1 0.375585 0.574654 0.20398 0.142187
1 0.319591 0.349233 0.179684 0.11329
1 0.942303 0.405044 0.114079 0.126046
1 0.420259 0.805705 0.236476 0.158605
2 0.361715 0.471458 0.230132 0.149243
2 0.409583 0.685692 0.20499 0.149506
1 0.663397 0.972612 0.103163 0.0547758
1 0.0448478 0.0502804 0.0892369 0.0990724
