1 0.238269 0.892994 0.144306 0.104855
1 0.2098 0.690228 0.145112 0.100067
1 0.450353 0.267514 0.104012 0.13875
1 0.454917 0.709089 0.130207 0.0998092
1 0.554787 0.400746 0.145215 0.0781061
1 0.224504 0.801144 0.144857 0.0898763
1 0.828616 0.365929 0.200958 0.102543
1 0.849743 0.759841 0.135525 0.0911752
1 0.0884823 0.801068 0.124884 0.0960021
1 0.565598 0.280602 0.124518 0.121474
1 0.779615 0.278308 0.139213 0.0863953
1 0.445415 0.0412853 0.107862 0.082041
1 0.780505 0.173067 0.139201 0.111364
1 0.838732 0.670152 0.149146 0.0975618
1 0.104457 0.900022 0.139505 0.107809
1 0.43436 0.505191 0.126914 0.114038
1 0.0891555 0.318268 0.107228 0.125223
1 0.579703 0.585014 0.134938 0.102784
1 0.462944 0.797186 0.129862 0.0922642
1 0.0453071 0.687112 0.0906141 0.104326
1 0.398971 0.402503 0.150438 0.131745
1 0.489995 0.970598 0.130794 0.0586923
1 0.615906 0.864468 0.126043 0.0775447
1 0.850928 0.873764 0.137062 0.0904191
1 0.751765 0.0863051 0.142501 0.0853623
1 0.600963 0.771075 0.141426 0.103412
1 0.0706154 0.570962 0.116507 0.14665
1 0.63014 0.965854 0.159037 0.0678468
1 0.807667 0.484022 0.165727 0.0799129
1 0.204698 0.589019 0.131484 0.0969548
1 0.866966 0.953545 0.13708 0.0748038
1 0.151372 0.194674 0.122747 0.12814
1 0.266547 0.361627 0.104685 0.126645
1 0.959065 0.855323 0.0817574 0.0728791
1 0.481972 0.888806 0.142064 0.0910172
1 0.59733 0.67476 0.117181 0.0852311
1 0.344127 0.233584 0.096472 0.120471
1 0.342252 0.0313582 0.0904912 0.0621955
1 0.566245 0.49329 0.148906 0.0942961
1 0.535357 0.0484657 0.0882793 0.0957314
0 0.177044 0.339453 0.113574 0.126248
1 0.823718 0.571207 0.135443 0.0803981
1 0.248956 0.97896 0.122027 0.0417325
1 0.26165 0.212586 0.0878486 0.121983
1 0.444897 0.606254 0.124549 0.0894499
1 0.0275976 0.308349 0.055092 0.132961
1 0.177608 0.339511 0.116371 0.133471
1 0.0606993 0.170964 0.106608 0.12176
0 0.0617951 0.171928 0.105844 0.123375
1 0.103068 0.981472 0.1438 0.0368556
0 0.261283 0.210437 0.0935099 0.12131
0 0.0173439 0.157032 0.0333331 0.133277
