0 0.76902 0.571781 0.10053 0.14284
0 0.679786 0.591429 0.0773762 0.0818501
0 0.391119 0.674078 0.0928277 0.0902255
1 0.148592 0.76315 0.146046 0.149679
0 0.630829 0.429246 0.0893342 0.0953665
2 0.215363 0.935801 0.167223 0.126699
1 0.87502 0.806798 0.0889012 0.115322
0 0.94704 0.191241 0.094116 0.0890082
1 0.967674 0.431304 0.0633388 0.120688
0 0.414842 0.963691 0.122653 0.072047
1 0.773053 0.804953 0.0832356 0.102247
1 0.0525595 0.974735 0.0931809 0.0502529
1 0.689939 0.834631 0.0830786 0.127034
0 0.900362 0.605429 0.0852971 0.0993879
0 0.47707 0.418029 0.0904264 0.0901402
0 0.578605 0.581804 0.117126 0.118576
0 0.946304 0.0324051 0.107182 0.0644931
1 0.59277 0.588476 0.0848272 0.0932059
1 0.393095 0.580255 0.11281 0.0868735
0 0.392319 0.577603 0.113423 0.086699
0 0.551847 0.431361 0.0430107 0.05677
0 0.151084 0.763266 0.149483 0.151436
3 0.131579 0.444406 0.258457 0.864969
0 0.851874 0.171137 0.0899595 0.0948956
1 0.946085 0.032202 0.107829 0.0642029
1 0.416796 0.826097 0.125483 0.102397
1 0.946821 0.191739 0.0923032 0.088309
0 0.974981 0.568624 0.0493219 0.137191
