0 0.395641 0.416471 0.106148 0.12954
0 0.67755 0.20923 0.120202 0.129615
0 0.574887 0.351782 0.105658 0.145246
1 0.946328 0.362294 0.106785 0.108096
1 0.418672 0.601323 0.0892297 0.0981025
1 0.362508 0.170775 0.0971601 0.100027
1 0.762729 0.482742 0.165449 0.125921
1 0.634323 0.522674 0.0982541 0.0983398
1 0.530124 0.54785 0.0902132 0.0976969
1 0.793838 0.276191 0.138777 0.162543
1 0.229017 0.673421 0.101655 0.109709
0 0.342504 0.459665 0.0768377 0.0913641
1 0.481503 0.325365 0.0881359 0.102991
1 0.354021 0.0416024 0.109472 0.0826839
1 0.0614616 0.426118 0.107847 0.114356
1 0.114122 0.236229 0.116032 0.142799
0 0.0638093 0.426159 0.108674 0.116934
0 0.043489 0.181537 0.0720227 0.078525
1 0.864678 0.31257 0.111815 0.119409
0 0.0307917 0.970556 0.0608308 0.0588884
1 0.177183 0.141165 0.0937572 0.100719
