1 0.533688 0.0737533 0.136851 0.129486
1 0.17217 0.378302 0.095425 0.114914
1 0.946783 0.462736 0.106433 0.124506
1 0.366354 0.350686 0.125345 0.115555
1 0.705848 0.804438 0.120753 0.118784
1 0.175093 0.632776 0.135095 0.133723
1 0.351444 0.953392 0.12573 0.0929338
1 0.637614 0.551598 0.1125 0.103264
1 0.445803 0.828424 0.134355 0.120795
1 0.686206 0.486436 0.124845 0.114572
1 0.472278 0.530959 0.123141 0.116659
1 0.240762 0.876654 0.145541 0.134858
1 0.773484 0.738153 0.13965 0.123492
1 0.905951 0.844155 0.132379 0.136017
1 0.127986 0.709077 0.130323 0.124482
1 0.816697 0.668913 0.1341 0.140057
1 0.663427 0.876284 0.125302 0.12612
1 0.785823 0.344051 0.121757 0.123807
1 0.222418 0.561787 0.12362 0.113191
1 0.386544 0.665523 0.123565 0.126759
1 0.572911 0.408683 0.133714 0.119569
1 0.316298 0.427774 0.129639 0.128294
1 0.487558 0.147292 0.129797 0.12305
1 0.427339 0.596765 0.129743 0.118147
1 0.943084 0.771793 0.111518 0.113975
1 0.857186 0.909796 0.130028 0.127393
1 0.523273 0.472667 0.124758 0.113503
1 0.59447 0.614593 0.127547 0.128287
1 0.869246 0.598208 0.134788 0.12607
1 0.803074 0.956219 0.124882 0.0872738
1 0.733418 0.41336 0.137973 0.130708
1 0.878242 0.207813 0.139546 0.140869
1 0.330361 0.743378 0.130756 0.137602
1 0.618964 0.332389 0.130631 0.123924
1 0.277276 0.499511 0.130498 0.117745
1 0.49558 0.757469 0.118531 0.125567
1 0.3495 0.0673282 0.13351 0.134656
1 0.40179 0.277141 0.139063 0.111645
1 0.628865 0.943912 0.137879 0.11147
1 0.665744 0.255476 0.147523 0.143419
1 0.0706642 0.030254 0.0911068 0.0600745
1 0.451028 0.209568 0.128156 0.12404
1 0.579225 0.0282672 0.118305 0.056276
1 0.970168 0.388184 0.0592117 0.102205
1 0.18568 0.940755 0.128788 0.117736
1 0.698154 0.183731 0.12796 0.127542
0 0.742413 0.102776 0.129404 0.133844
1 0.578323 0.971277 0.115704 0.0567673
1 0.542126 0.680413 0.149616 0.150501
1 0.97169 0.716102 0.0559992 0.108034
1 0.922026 0.535051 0.147098 0.127808
1 0.970103 0.654579 0.0595193 0.0756328
1 0.302246 0.984274 0.0742822 0.0313411
1 0.962942 0.0395164 0.0734326 0.0782442
1 0.137936 0.97523 0.101616 0.0489442
1 0.0283919 0.88709 0.0567838 0.09382
1 0.831495 0.285152 0.108963 0.107435
1 0.0212387 0.683282 0.0423241 0.09676
