1 0.755392 0.218971 0.129916 0.129857
1 0.115302 0.527691 0.15558 0.161622
1 0.58712 0.151993 0.137737 0.147627
1 0.835957 0.716153 0.117946 0.124602
1 0.346437 0.54618 0.124682 0.127474
1 0.782447 0.811885 0.130758 0.138405
1 0.545413 0.776116 0.140854 0.142764
1 0.456979 0.252433 0.13562 0.140868
1 0.150358 0.701658 0.127648 0.127891
1 0.472896 0.82859 0.128874 0.132034
1 0.42861 0.490947 0.140285 0.140545
1 0.184207 0.463247 0.1308 0.135383
1 0.258698 0.426338 0.129835 0.147287
1 0.610869 0.717133 0.127753 0.129869
1 0.702931 0.287497 0.110781 0.114321
1 0.658228 0.903181 0.145382 0.149362
1 0.505962 0.447 0.115139 0.115949
1 0.317433 0.360588 0.136618 0.137752
1 0.399502 0.887089 0.126232 0.128098
1 0.234647 0.659464 0.106375 0.104267
1 0.934849 0.445912 0.120289 0.114551
1 0.0601188 0.577203 0.120238 0.151671
1 0.628548 0.321733 0.13705 0.125934
1 0.738268 0.607819 0.124071 0.117325
1 0.793148 0.557427 0.110254 0.108938
1 0.524848 0.195212 0.122992 0.131218
1 0.66145 0.104429 0.141742 0.14672
1 0.711209 0.844273 0.156315 0.1609
1 0.867313 0.508317 0.127849 0.132022
1 0.728097 0.0424323 0.0999899 0.0848645
1 0.563307 0.378454 0.109278 0.106722
1 0.283787 0.584366 0.146478 0.152122
1 0.300688 0.927628 0.236433 0.14417
1 0.0683829 0.706941 0.136076 0.234644
1 0.932467 0.0330069 0.115137 0.0657341
0 0.928872 0.946359 0.120303 0.105536
1 0.669993 0.65672 0.121666 0.123576
1 0.383544 0.299522 0.122473 0.12727
1 0.9375 0.66087 0.119018 0.126402
1 0.82998 0.154164 0.15022 0.163553
0 0.486212 0.969523 0.113988 0.0605743
1 0.585182 0.946243 0.127357 0.106118
1 0.955351 0.0646548 0.087538 0.122093
1 0.970377 0.384186 0.0588053 0.120224
