0 0.902612 0.0593355 0.133989 0.118581
1 0.584736 0.299487 0.141041 0.151054
1 0.439754 0.638591 0.133778 0.130143
1 0.888796 0.204704 0.13904 0.153268
1 0.338776 0.746114 0.133328 0.145852
1 0.821374 0.14944 0.141242 0.146229
1 0.515594 0.697839 0.141218 0.155845
1 0.551503 0.935661 0.111002 0.110524
1 0.641587 0.514929 0.143772 0.144272
1 0.664603 0.0737123 0.152152 0.145335
1 0.714906 0.86636 0.146351 0.147556
1 0.579894 0.757315 0.148501 0.151941
1 0.167166 0.432153 0.114119 0.11986
1 0.805227 0.454361 0.139791 0.149591
1 0.734766 0.390591 0.136593 0.144429
1 0.790441 0.905394 0.152839 0.155852
1 0.568927 0.456893 0.123346 0.129432
1 0.659479 0.337105 0.127766 0.125805
1 0.456767 0.181407 0.142855 0.14219
1 0.943341 0.541008 0.113318 0.135092
1 0.305834 0.079674 0.134224 0.132658
1 0.522164 0.241757 0.142332 0.139237
1 0.0484554 0.73008 0.0899665 0.0858767
1 0.135577 0.708474 0.0953041 0.0893142
1 0.713726 0.573673 0.14936 0.151381
1 0.737498 0.115691 0.132904 0.133855
1 0.374254 0.137959 0.154899 0.146433
1 0.304654 0.968329 0.114486 0.0631423
1 0.105617 0.363166 0.11206 0.108308
0 0.359227 0.59985 0.140487 0.148597
1 0.227315 0.488716 0.132975 0.134387
1 0.230957 0.937273 0.121065 0.122425
1 0.208336 0.210934 0.133352 0.140132
0 0.478869 0.420977 0.155392 0.149194
1 0.117838 0.920157 0.119464 0.146477
1 0.923275 0.727283 0.132274 0.134566
1 0.343364 0.327166 0.135139 0.132246
0 0.654853 0.805368 0.138944 0.145629
1 0.140246 0.160679 0.136331 0.136585
1 0.636037 0.955759 0.125563 0.0880141
1 0.290514 0.54822 0.141637 0.162305
1 0.0748901 0.0992983 0.136423 0.142472
1 0.88054 0.504755 0.136472 0.141371
0 0.973297 0.613631 0.0529666 0.11151
1 0.409512 0.821136 0.142783 0.151695
1 0.82927 0.0294614 0.097857 0.0586866
1 0.240336 0.702137 0.109855 0.119079
1 0.856293 0.671894 0.152775 0.171009
1 0.404744 0.367703 0.0947031 0.0987539
1 0.776327 0.603518 0.0973139 0.101397
1 0.584433 0.0515902 0.147688 0.102119
1 0.951031 0.97379 0.094739 0.0521793
1 0.493551 0.867998 0.146837 0.150976
1 0.881689 0.937452 0.136597 0.125073
1 0.786572 0.632321 0.142814 0.154862
1 0.9464 0.284032 0.104687 0.0761707
0 0.0487223 0.517702 0.096579 0.0905091
1 0.275474 0.263176 0.134566 0.150127
1 0.15521 0.981255 0.0981532 0.0372913
0 0.954665 0.218394 0.0901978 0.0844899
0 0.0241157 0.0630577 0.0465952 0.124492
0 0.290219 0.546534 0.140501 0.16422
0 0.272668 0.262918 0.139659 0.149818
1 0.158846 0.0191094 0.0847721 0.0380665
0 0.0244568 0.612668 0.0488173 0.104306
1 0.247483 0.0441387 0.111816 0.0878594
1 0.969004 0.332658 0.0613909 0.12132
1 0.968485 0.0863037 0.0618479 0.101098
1 0.0236988 0.0629011 0.0471258 0.125802
1 0.00789334 0.423378 0.01548 0.0978161
