1 0.147137 0.224596 0.119015 0.108078
1 0.630089 0.125441 0.0960928 0.0771941
1 0.0610339 0.181859 0.100335 0.117003
1 0.480746 0.258759 0.116212 0.124558
1 0.202674 0.299444 0.152107 0.155661
1 0.057557 0.372703 0.113818 0.119205
1 0.443076 0.546756 0.151349 0.135186
1 0.617538 0.20892 0.134318 0.0839964
1 0.840027 0.0391873 0.082418 0.0584208
1 0.839755 0.140083 0.109228 0.0794868
1 0.617222 0.0407731 0.130793 0.079588
1 0.41498 0.199978 0.111112 0.110938
1 0.255683 0.0438852 0.0882202 0.0642474
1 0.630701 0.296607 0.111262 0.0630341
1 0.241124 0.546977 0.112771 0.126842
1 0.327083 0.41928 0.147064 0.151089
1 0.271106 0.357102 0.133556 0.142195
1 0.475968 0.0430579 0.145088 0.0828778
1 0.855422 0.223608 0.142727 0.0840763
1 0.123802 0.443474 0.121665 0.131808
2 0.0530265 0.770967 0.105655 0.261377
1 0.631444 0.383436 0.122401 0.0761046
1 0.171324 0.501359 0.126409 0.12102
1 0.960977 0.0679672 0.0771289 0.102159
3 0.0537141 0.771793 0.107428 0.264091
1 0.964384 0.262176 0.0708723 0.0833182
1 0.963244 0.159331 0.0730004 0.0864488
3 0.370869 0.653264 0.166555 0.215054
0 0.124489 0.441378 0.122033 0.126883
1 0.398119 0.468911 0.102074 0.0963236
0 0.478986 0.0443307 0.139493 0.080496
3 0.620847 0.577313 0.757913 0.845374
