0 0.436506 0.197238 0.0915886 0.130804
1 0.477256 0.881341 0.14041 0.137268
1 0.599078 0.221499 0.0823917 0.117815
1 0.068944 0.133565 0.137511 0.118145
0 0.349967 0.190148 0.0884724 0.131875
1 0.845269 0.92577 0.196385 0.148461
1 0.513249 0.586966 0.0896423 0.122477
1 0.329444 0.769235 0.124645 0.12962
1 0.935617 0.244335 0.0916607 0.119298
1 0.593326 0.361255 0.0844934 0.105133
1 0.768997 0.61673 0.0899596 0.116183
1 0.0670354 0.924678 0.118059 0.1305
1 0.599633 0.589511 0.0853119 0.115783
1 0.93829 0.638369 0.100407 0.149194
1 0.516252 0.206655 0.0800159 0.132528
0 0.657345 0.943238 0.140376 0.111685
1 0.56875 0.924654 0.137964 0.135409
1 0.394629 0.828428 0.165712 0.177068
1 0.0976991 0.537034 0.0923893 0.130896
0 0.853138 0.235969 0.0844324 0.137464
1 0.426483 0.343611 0.092471 0.124656
1 0.0885929 0.314211 0.0939379 0.103798
1 0.430764 0.576883 0.0865051 0.122443
1 0.0287059 0.528311 0.0574118 0.120751
1 0.677364 0.231413 0.0769576 0.115828
1 0.348274 0.570476 0.0895587 0.13408
1 0.930227 0.386824 0.0849153 0.112908
1 0.873324 0.82704 0.132778 0.151902
1 0.51455 0.351573 0.0922698 0.127261
0 0.259064 0.32711 0.0799579 0.127691
1 0.183211 0.557164 0.0867379 0.118958
1 0.83298 0.042622 0.0899625 0.0851921
1 0.763364 0.375888 0.0912375 0.148279
1 0.766329 0.23486 0.0855491 0.129752
0 0.92257 0.0385565 0.0872493 0.0764813
1 0.497555 0.0276843 0.0918252 0.0549558
1 0.854664 0.626493 0.0853813 0.122298
1 0.340858 0.348471 0.0794486 0.103935
0 0.842064 0.38901 0.0936232 0.125156
0 0.0448634 0.208262 0.0890896 0.0899826
1 0.227432 0.172824 0.176187 0.106531
1 0.586534 0.0202544 0.0867821 0.040219
1 0.681281 0.602166 0.0792859 0.106302
1 0.752176 0.0315824 0.0790832 0.0629985
1 0.175681 0.330618 0.0847665 0.0940418
1 0.679337 0.363811 0.0863378 0.132809
1 0.842331 0.390846 0.0899231 0.125655
1 0.774763 0.765322 0.114953 0.124221
0 0.261171 0.571595 0.0889652 0.131804
1 0.242304 0.981196 0.0808064 0.0375195
1 0.852882 0.234045 0.0831034 0.137198
1 0.147224 0.944772 0.115651 0.10996
1 0.0194973 0.305414 0.0386264 0.0928072
1 0.027849 0.883014 0.0551441 0.11897
1 0.202146 0.737109 0.201644 0.161531
1 0.259868 0.573559 0.089379 0.13538
0 0.679832 0.364074 0.0838451 0.132752
1 0.267763 0.173966 0.0866295 0.0988598
1 0.671412 0.0243323 0.084415 0.0486388
