1 0.870151 0.541411 0.157488 0.157883
1 0.774185 0.457315 0.0851018 0.0833176
1 0.558918 0.196105 0.149794 0.14388
1 0.444956 0.0878242 0.137194 0.129857
1 0.68999 0.0707103 0.127028 0.129311
1 0.502017 0.0488679 0.154341 0.0977358
1 0.952608 0.867179 0.0947835 0.116484
1 0.517812 0.266698 0.142878 0.134152
1 0.740651 0.346161 0.127226 0.111279
2 0.45768 0.688184 0.56393 0.53745
1 0.367563 0.1534 0.103716 0.107516
1 0.927731 0.152836 0.139682 0.121123
1 0.907919 0.932709 0.12554 0.11449
1 0.354312 0.379611 0.0802776 0.0819016
1 0.804492 0.275617 0.09639 0.10109
1 0.19895 0.0286764 0.0829502 0.0573528
1 0.882369 0.210827 0.127795 0.113071
1 0.946637 0.481949 0.106269 0.118121
1 0.682751 0.40943 0.0862865 0.0848923
1 0.963002 0.3843 0.0733414 0.0719523
0 0.633299 0.124557 0.116161 0.110904
1 0.631884 0.125604 0.113754 0.115574
0 0.954896 0.0543778 0.0886526 0.100508
1 0.974454 0.303155 0.0507059 0.0929713
1 0.921359 0.275931 0.125018 0.122538
1 0.9559 0.0565828 0.0879977 0.106267
1 0.714361 0.441558 0.109369 0.110075
1 0.557185 0.0118512 0.0470124 0.0237024
1 0.873327 0.346272 0.0610563 0.0629583
