2 0.517994 0.734168 0.158578 0.163078
0 0.032555 0.923145 0.0651101 0.110594
2 0.57114 0.238618 0.172579 0.157374
0 0.656742 0.658054 0.104866 0.102037
2 0.936568 0.325675 0.125355 0.157529
0 0.157207 0.369486 0.0734238 0.0878267
0 0.0841408 0.0888678 0.0794503 0.0858176
2 0.95083 0.816149 0.0956552 0.257389
1 0.631595 0.0563557 0.145164 0.10329
0 0.118004 0.884301 0.0808258 0.0860173
1 0.744284 0.55539 0.114366 0.112486
2 0.588307 0.416887 0.188704 0.152684
0 0.24542 0.42257 0.09002 0.0925225
0 0.415304 0.652563 0.0645179 0.0674748
