1 0.184544 0.492083 0.102141 0.0787871
2 0.327989 0.302799 0.196587 0.243772
1 0.0420799 0.693069 0.0841597 0.0800118
1 0.0416012 0.491588 0.0830162 0.0800444
2 0.117323 0.0620163 0.142423 0.0898694
1 0.185678 0.783357 0.102626 0.083426
2 0.914628 0.533642 0.167993 0.58885
1 0.044559 0.780814 0.0884847 0.0759661
1 0.183731 0.402155 0.099515 0.0800581
3 0.911849 0.939813 0.17529 0.119175
2 0.912588 0.94056 0.174824 0.118194
1 0.299625 0.0413988 0.0558789 0.0500086
3 0.335547 0.880227 0.196829 0.238318
2 0.180945 0.249973 0.106803 0.224113
2 0.333397 0.881294 0.203206 0.237413
1 0.185028 0.693515 0.0984963 0.0826417
1 0.0333406 0.616419 0.066213 0.0692689
1 0.0365281 0.892355 0.0724465 0.0990814
1 0.185769 0.972712 0.0962293 0.0541546
2 0.194504 0.881481 0.0793924 0.125644
1 0.0433053 0.971678 0.0866105 0.0559067
2 0.62373 0.367563 0.1216 0.493068
2 0.284477 0.594942 0.292276 0.250402
2 0.0468509 0.260031 0.0885 0.259682
