2 0.403216 0.0990906 0.22826 0.196119
0 0.116687 0.916451 0.0638182 0.0589702
1 0.77459 0.936683 0.141912 0.125531
1 0.582474 0.669759 0.163422 0.122661
1 0.913093 0.559092 0.131308 0.126059
1 0.913423 0.0463412 0.133147 0.0924125
1 0.602572 0.875478 0.144877 0.151539
1 0.728967 0.831582 0.155104 0.143437
1 0.911065 0.727049 0.125649 0.134467
1 0.751579 0.623094 0.165603 0.119838
2 0.316103 0.418917 0.629628 0.455769
1 0.957462 0.636276 0.0842977 0.138659
1 0.949843 0.831312 0.0993941 0.14706
0 0.276655 0.842209 0.0660238 0.060461
2 0.750994 0.0481882 0.156694 0.0957566
1 0.404507 0.728006 0.190905 0.113831
1 0.641283 0.962775 0.141312 0.0739768
0 0.963829 0.0756969 0.0716 0.141536
1 0.979823 0.928067 0.0396967 0.0886191
0 0.407106 0.727932 0.190249 0.115622
1 0.964189 0.0751041 0.0704619 0.137406
0 0.206629 0.937288 0.111532 0.082732
