2 0.136072 0.71208 0.252401 0.244165
1 0.830006 0.240252 0.142717 0.140743
2 0.461693 0.924888 0.153914 0.124383
0 0.619252 0.163249 0.102918 0.104065
2 0.0687693 0.474398 0.137539 0.114474
1 0.181069 0.0512494 0.168616 0.102499
2 0.316452 0.415281 0.182219 0.162848
1 0.371161 0.0420603 0.135949 0.0834013
1 0.490838 0.373908 0.126552 0.12565
1 0.763681 0.0595943 0.150258 0.117446
1 0.725561 0.278113 0.0890839 0.13433
1 0.929163 0.175219 0.141287 0.169155
1 0.886944 0.0336904 0.11577 0.0673809
1 0.225405 0.194999 0.207758 0.181073
1 0.947007 0.629008 0.104133 0.147419
1 0.967874 0.0367683 0.0637991 0.0732542
1 0.677223 0.279405 0.104652 0.149313
1 0.315635 0.41325 0.178207 0.158338
0 0.776259 0.467088 0.0941999 0.123715
1 0.340349 0.180321 0.0824929 0.112501
0 0.411 0.099964 0.096285 0.101494
1 0.0696923 0.474288 0.139385 0.116977
0 0.670266 0.280665 0.0901563 0.154902
1 0.970584 0.388461 0.0580122 0.14118
1 0.0864106 0.593886 0.172821 0.112567
2 0.562713 0.650282 0.286742 0.336752
0 0.914485 0.847499 0.0976121 0.128434
