1 0.779749 0.587548 0.12747 0.124158
1 0.503232 0.284003 0.135091 0.0988762
1 0.939317 0.806598 0.118852 0.118796
1 0.556944 0.707088 0.12124 0.0876956
1 0.784198 0.72396 0.143192 0.0893586
1 0.932397 0.587009 0.134636 0.143283
1 0.500153 0.373869 0.135684 0.0840024
1 0.559001 0.883322 0.155218 0.100089
1 0.247447 0.143157 0.0945781 0.129036
2 0.926492 0.0592417 0.138913 0.116693
1 0.548531 0.791548 0.15945 0.0776531
2 0.289369 0.744327 0.380075 0.257711
2 0.782458 0.0847544 0.145638 0.168387
2 0.183407 0.283891 0.241467 0.171038
1 0.789312 0.834733 0.157133 0.162964
0 0.905769 0.271003 0.0923337 0.0586414
1 0.181444 0.284501 0.233958 0.16609
1 0.584034 0.958898 0.180244 0.0819156
1 0.537067 0.620489 0.114522 0.0918614
