2 0.743071 0.895611 0.201922 0.207422
2 0.951786 0.888772 0.0964278 0.218346
0 0.928886 0.437722 0.140997 0.125153
3 0.834845 0.531402 0.15969 0.205922
1 0.371 0.0989904 0.114379 0.130168
0 0.252486 0.125178 0.118576 0.117175
1 0.855978 0.091216 0.137072 0.109185
1 0.606691 0.331809 0.107296 0.138837
1 0.895906 0.302996 0.095878 0.084923
1 0.0861137 0.184958 0.107053 0.15242
1 0.500832 0.0587035 0.107664 0.117407
2 0.0860438 0.184523 0.106569 0.152834
0 0.321005 0.0379859 0.0635405 0.0616726
3 0.0478884 0.804594 0.092568 0.272622
2 0.769414 0.249698 0.144156 0.218592
0 0.895357 0.30102 0.100981 0.0870262
2 0.837539 0.532435 0.165156 0.203632
1 0.768788 0.250834 0.143363 0.218953
3 0.24518 0.35015 0.106985 0.11021
0 0.498791 0.0587427 0.110128 0.116733
0 0.332326 0.695961 0.15182 0.140715
1 0.204849 0.403433 0.0908348 0.0892968
2 0.626058 0.459401 0.155996 0.161933
