1 0.18431 0.477077 0.0826162 0.115525
1 0.413087 0.718186 0.0802116 0.133308
1 0.102308 0.452691 0.079641 0.131285
1 0.399402 0.85882 0.0854295 0.133834
1 0.269105 0.467423 0.0877259 0.143619
2 0.958087 0.747869 0.0836995 0.143532
1 0.244673 0.70412 0.0874306 0.139532
1 0.0955196 0.105517 0.149243 0.102818
1 0.434003 0.49687 0.0853071 0.109921
1 0.674885 0.457923 0.136266 0.129074
1 0.113308 0.0314048 0.118901 0.062419
1 0.624403 0.892485 0.149671 0.0897344
1 0.625326 0.963976 0.169415 0.0717267
1 0.947085 0.932089 0.102694 0.126628
1 0.0310337 0.447489 0.0620673 0.123985
1 0.0662387 0.838065 0.0845894 0.141762
1 0.464123 0.343815 0.116409 0.122027
1 0.313042 0.869192 0.0813241 0.125387
1 0.333925 0.706911 0.0870988 0.135322
1 0.165163 0.680611 0.0852358 0.128446
0 0.345889 0.480997 0.0994896 0.144303
1 0.618921 0.80308 0.11332 0.08799
0 0.076325 0.685642 0.0829133 0.136597
0 0.114866 0.310615 0.0818278 0.128909
0 0.362232 0.333581 0.0773294 0.112928
1 0.076902 0.684642 0.0832549 0.138519
0 0.334561 0.707824 0.0901138 0.132752
0 0.0380573 0.302288 0.0761147 0.128024
1 0.283871 0.328891 0.0857673 0.127801
1 0.0381994 0.29946 0.0759432 0.122897
1 0.361928 0.334419 0.0774773 0.112968
0 0.148959 0.846509 0.0864681 0.133929
1 0.232089 0.845971 0.0897336 0.154127
0 0.283388 0.329899 0.085371 0.130119
0 0.198926 0.319838 0.0905885 0.122818
1 0.0135473 0.835289 0.0267874 0.144815
1 0.149102 0.845702 0.0849899 0.129835
1 0.657259 0.566234 0.184123 0.0951104
1 0.0192654 0.674042 0.0382738 0.139294
0 0.0203123 0.674305 0.0401528 0.136609
1 0.34798 0.482459 0.0910022 0.136665
1 0.629523 0.718823 0.120719 0.0916883
