1 0.29517 0.517616 0.151709 0.10394
1 0.117364 0.318083 0.118931 0.0872322
1 0.158643 0.539569 0.142437 0.0970883
1 0.330484 0.665871 0.142423 0.0939655
1 0.100537 0.159261 0.12417 0.087751
1 0.337561 0.745137 0.15356 0.0831928
1 0.267009 0.367948 0.146661 0.103802
1 0.256697 0.210713 0.120405 0.081369
1 0.342011 0.818298 0.151291 0.102147
1 0.247297 0.137849 0.121572 0.0892592
1 0.370846 0.896722 0.117466 0.0795743
1 0.145533 0.46312 0.139417 0.093491
1 0.10194 0.236967 0.120698 0.0889863
1 0.263889 0.284066 0.130879 0.0832853
1 0.30989 0.593265 0.142684 0.0836996
1 0.376785 0.963802 0.142341 0.0720134
1 0.20226 0.84093 0.116582 0.0912595
1 0.135739 0.393298 0.132045 0.0943651
1 0.222659 0.910151 0.145604 0.109154
0 0.670994 0.850456 0.104 0.0922495
1 0.179259 0.688493 0.144098 0.0901719
1 0.166735 0.617557 0.141923 0.0892555
1 0.0766511 0.0252243 0.138869 0.0499355
1 0.23052 0.97636 0.135386 0.0467968
1 0.0195087 0.700444 0.0390174 0.106626
0 0.279333 0.427547 0.144554 0.0696716
1 0.027922 0.984628 0.0549099 0.0304167
1 0.18266 0.764062 0.120143 0.0851632
