1 0.511673 0.0633635 0.105313 0.10549
1 0.679282 0.392345 0.0913556 0.101656
0 0.404451 0.110782 0.116854 0.11139
0 0.716044 0.48587 0.089427 0.0794933
1 0.943859 0.308752 0.112283 0.096559
1 0.870551 0.538539 0.069737 0.0852266
1 0.885881 0.140781 0.116752 0.0958865
1 0.52837 0.54174 0.125351 0.13148
1 0.559713 0.956894 0.125643 0.085397
1 0.748236 0.799757 0.113646 0.107613
1 0.81782 0.9674 0.0813984 0.06499
0 0.803245 0.633012 0.0778153 0.0877706
0 0.772642 0.889614 0.125061 0.106482
1 0.887997 0.671269 0.0710056 0.0774883
1 0.952461 0.433667 0.0950776 0.106947
1 0.728348 0.661076 0.0898385 0.103496
1 0.92128 0.209911 0.133017 0.110418
1 0.824539 0.406035 0.0840747 0.0833649
0 0.38403 0.0201158 0.0768688 0.0402316
0 0.426306 0.244893 0.12048 0.130345
1 0.858489 0.0515068 0.139487 0.103014
1 0.42359 0.244177 0.123226 0.136214
1 0.788138 0.539723 0.0754282 0.0703659
0 0.368347 0.666864 0.0739731 0.0570872
1 0.797413 0.143732 0.0842565 0.0925176
1 0.53873 0.682843 0.129025 0.109387
1 0.969924 0.0479384 0.0593629 0.0810322
1 0.819969 0.701079 0.0945086 0.0866082
1 0.817068 0.299467 0.103456 0.0836144
1 0.309636 0.911832 0.251755 0.106034
0 0.587092 0.413333 0.102842 0.11913
1 0.505059 0.779218 0.0940295 0.101962
2 0.298208 0.910953 0.278701 0.113214
1 0.21742 0.885774 0.101183 0.0836527
