0 0.235861 0.126399 0.0979074 0.0991556
1 0.301572 0.9541 0.0833222 0.090778
1 0.142044 0.539535 0.120815 0.13072
0 0.862935 0.947648 0.0915992 0.0865217
0 0.504922 0.298039 0.0795308 0.0795575
1 0.125559 0.893322 0.125724 0.141127
1 0.382769 0.598614 0.102869 0.0668645
1 0.411913 0.405856 0.0884271 0.0883204
1 0.327746 0.230209 0.132473 0.117885
1 0.928998 0.137606 0.13794 0.145962
0 0.656799 0.340014 0.131724 0.0929396
0 0.235644 0.286541 0.0903322 0.0910243
0 0.825914 0.819368 0.0830493 0.0682517
