1 0.382408 0.924105 0.121681 0.13419
1 0.148485 0.519802 0.140107 0.143602
1 0.49745 0.784723 0.151058 0.151981
1 0.401322 0.139203 0.145442 0.15395
1 0.213318 0.5633 0.101445 0.117981
1 0.147454 0.0944167 0.126997 0.127452
1 0.481216 0.207381 0.13236 0.135215
1 0.350343 0.680809 0.153764 0.168771
1 0.80759 0.701806 0.156109 0.15474
1 0.0930393 0.175983 0.151324 0.148195
1 0.188494 0.0470486 0.154976 0.0940431
1 0.352227 0.367365 0.131433 0.133972
1 0.429943 0.417634 0.162654 0.164213
1 0.102586 0.715369 0.133568 0.136102
1 0.936851 0.542623 0.126297 0.138878
1 0.873079 0.626505 0.124094 0.119303
1 0.627825 0.303223 0.11895 0.114806
1 0.248429 0.809673 0.150345 0.152717
1 0.321094 0.870777 0.119052 0.12934
1 0.616312 0.847643 0.140908 0.129416
1 0.27865 0.311852 0.153451 0.142758
1 0.634875 0.585268 0.128169 0.123444
1 0.177034 0.762732 0.146533 0.158585
1 0.0401178 0.124114 0.0801464 0.125009
1 0.489434 0.484246 0.13143 0.124212
1 0.282996 0.614084 0.119386 0.124397
1 0.419349 0.732119 0.139593 0.147052
1 0.328743 0.215929 0.121031 0.103354
1 0.789724 0.968751 0.137051 0.0623839
1 0.562141 0.533256 0.127769 0.118082
1 0.7004 0.629873 0.0991395 0.107421
1 0.843927 0.458203 0.111528 0.105855
1 0.770812 0.412471 0.109744 0.111154
1 0.0767118 0.447469 0.100539 0.100284
1 0.0428217 0.967728 0.0850372 0.0642462
1 0.536964 0.92154 0.133856 0.127886
1 0.126874 0.979254 0.107746 0.0412083
1 0.471205 0.969219 0.101377 0.061174
1 0.695397 0.377856 0.142635 0.156008
1 0.0380342 0.401534 0.075818 0.11313
1 0.0193961 0.907722 0.0385911 0.0914892
1 0.71739 0.602462 0.133067 0.167137
1 0.0377421 0.666267 0.075443 0.115675
1 0.56062 0.258845 0.088416 0.0829935
2 0.934237 0.848655 0.129988 0.171577
1 0.934538 0.848128 0.129932 0.170069
1 0.0184997 0.0179741 0.0363369 0.0357682
