1 0.289371 0.732796 0.172383 0.166602
1 0.638007 0.55899 0.129759 0.128647
1 0.816323 0.127057 0.174956 0.148947
1 0.393558 0.886508 0.126557 0.121712
1 0.328613 0.560687 0.158604 0.154776
1 0.449665 0.700236 0.151533 0.147147
1 0.214934 0.642875 0.157969 0.158322
1 0.39245 0.639625 0.148349 0.132741
1 0.169348 0.941715 0.150518 0.116569
1 0.500731 0.14016 0.170002 0.16199
1 0.877112 0.610646 0.119381 0.115657
1 0.953681 0.346594 0.0920131 0.136411
0 0.171175 0.336951 0.188955 0.192547
1 0.694212 0.631159 0.168935 0.149132
1 0.8098 0.768042 0.128043 0.128285
1 0.637364 0.3255 0.180829 0.163944
1 0.465023 0.954393 0.138821 0.0908055
0 0.0565342 0.0373015 0.113068 0.0740379
1 0.763434 0.470446 0.111038 0.11447
1 0.502716 0.77251 0.122851 0.116701
0 0.522444 0.409553 0.166876 0.163646
1 0.343702 0.819424 0.14363 0.125315
1 0.702116 0.408255 0.16443 0.150706
1 0.816193 0.533238 0.1313 0.11979
1 0.923898 0.278227 0.151613 0.143355
1 0.0375137 0.422784 0.0750275 0.112808
1 0.730167 0.0663487 0.157805 0.131645
1 0.0598015 0.7931 0.119603 0.160303
1 0.743968 0.700014 0.151393 0.149346
1 0.543777 0.843417 0.149435 0.141288
1 0.0889379 0.503533 0.157033 0.119259
1 0.947207 0.682993 0.105156 0.119934
1 0.866174 0.204728 0.161448 0.147828
1 0.864271 0.871083 0.0967861 0.115516
1 0.823223 0.964493 0.132826 0.0705281
0 0.439198 0.077598 0.190762 0.153798
1 0.211213 0.978842 0.0972931 0.0420195
1 0.960965 0.94477 0.0774245 0.0970757
1 0.974033 0.852755 0.051527 0.0981095
1 0.081506 0.896656 0.0725545 0.0805601
1 0.0234698 0.965538 0.0464617 0.0672663
1 0.685332 0.0242476 0.103549 0.0483562
0 0.925328 0.281501 0.149345 0.143153
1 0.714266 0.979184 0.0926654 0.0412472
3 0.173996 0.340281 0.191097 0.202265
1 0.839785 0.224114 0.100814 0.102336
1 0.0179251 0.0887274 0.0356559 0.0705254
