1 0.596787 0.145465 0.153673 0.0919279
1 0.223618 0.581709 0.0912685 0.118938
1 0.675512 0.603664 0.0811145 0.11842
0 0.0870192 0.851083 0.109636 0.158942
1 0.931264 0.66266 0.099906 0.101622
1 0.744029 0.243009 0.141234 0.0810124
1 0.752784 0.164582 0.176358 0.0878257
1 0.750816 0.0773503 0.142124 0.0847816
0 0.162566 0.827691 0.093865 0.136864
1 0.0502803 0.593895 0.100561 0.124187
1 0.358647 0.0681174 0.143247 0.0853604
0 0.129985 0.585439 0.097379 0.125215
1 0.371889 0.293597 0.0866883 0.0867089
1 0.734924 0.336338 0.163347 0.112218
1 0.606293 0.0602913 0.112946 0.0798151
1 0.309869 0.57284 0.0780014 0.112749
1 0.969982 0.116305 0.0595341 0.0966448
1 0.351168 0.813354 0.0981594 0.123249
1 0.596751 0.228939 0.134002 0.0757056
1 0.263674 0.310308 0.128845 0.0898196
1 0.960115 0.371381 0.0791438 0.083339
1 0.959909 0.28627 0.0794709 0.0865828
1 0.10585 0.315287 0.0982533 0.104103
1 0.587334 0.316214 0.132095 0.0950828
1 0.247899 0.818535 0.102755 0.124018
1 0.501971 0.57637 0.102956 0.137559
1 0.971679 0.199503 0.0563986 0.0801781
1 0.58358 0.803508 0.149884 0.0820894
0 0.761478 0.620325 0.0927525 0.123276
1 0.0154716 0.0776216 0.0305499 0.0712055
1 0.261202 0.956878 0.0708178 0.0601732
0 0.346269 0.9489 0.0782906 0.0668502
1 0.214898 0.0183273 0.108927 0.0362319
1 0.76754 0.0190889 0.118184 0.0375907
1 0.372466 0.0127919 0.119208 0.0254616
1 0.618398 0.00981429 0.110846 0.0193583
1 0.0229303 0.856613 0.0450715 0.127093
1 0.206518 0.088944 0.118513 0.100518
0 0.438174 0.815552 0.0935934 0.123767
1 0.593793 0.586865 0.0965683 0.133825
1 0.762209 0.619485 0.094721 0.123646
1 0.841272 0.632883 0.0941122 0.126647
0 0.24893 0.81927 0.102763 0.126084
1 0.0789518 0.314562 0.056362 0.0967118
1 0.982646 0.67952 0.034205 0.107261
0 0.841662 0.6291 0.0954322 0.133432
1 0.129261 0.31312 0.0502139 0.10774
1 0.977709 0.0360008 0.0443566 0.0713168
