1 0.181637 0.838304 0.1144 0.111088
1 0.285942 0.369702 0.132501 0.141705
1 0.0310393 0.78637 0.0620785 0.0965366
1 0.47831 0.207564 0.0898238 0.0948735
0 0.0824194 0.149317 0.107869 0.126444
0 0.129875 0.691817 0.0943252 0.0874497
1 0.583324 0.097355 0.0898412 0.0846639
1 0.284519 0.593378 0.151707 0.138056
1 0.029723 0.405098 0.059446 0.0977368
0 0.349486 0.74758 0.1026 0.0994669
0 0.517798 0.128121 0.0748128 0.0871505
0 0.544283 0.305902 0.0820565 0.0856141
1 0.0102709 0.157625 0.0202669 0.0788508
0 0.449664 0.0845492 0.0611783 0.0590542
0 0.3814 0.0191872 0.0821617 0.0383744
1 0.515971 0.12822 0.0744545 0.0865697
1 0.0843178 0.148754 0.112189 0.126346
1 0.177277 0.528511 0.0626246 0.0633766
0 0.451713 0.0175515 0.0589408 0.0350071
0 0.478761 0.207083 0.0909076 0.0963621
