1 0.33284 0.312579 0.137889 0.137417
1 0.0909037 0.421655 0.135177 0.135445
1 0.364358 0.120791 0.114427 0.121394
2 0.556127 0.778777 0.208703 0.271698
1 0.305616 0.0779003 0.12292 0.119699
1 0.270261 0.275123 0.131977 0.125338
1 0.393956 0.355193 0.121778 0.13238
1 0.515292 0.192585 0.091419 0.146492
1 0.054024 0.378449 0.107691 0.142296
1 0.206093 0.21112 0.142594 0.149916
1 0.13298 0.471567 0.147715 0.144969
1 0.957418 0.955676 0.0844846 0.088183
1 0.190454 0.519678 0.131844 0.136119
1 0.134565 0.0204145 0.102003 0.0406315
0 0.865027 0.183476 0.0700009 0.144705
1 0.731518 0.181581 0.0606171 0.133043
1 0.256493 0.541976 0.125192 0.139208
0 0.432369 0.168967 0.0988199 0.139205
1 0.798841 0.188262 0.0578027 0.142014
1 0.437081 0.166652 0.100436 0.138549
1 0.594585 0.179076 0.062399 0.128094
0 0.665523 0.179672 0.0664438 0.12851
1 0.665264 0.185684 0.0676035 0.139444
1 0.0351985 0.185754 0.0696402 0.131616
