1 0.281874 0.121661 0.0823449 0.0978587
1 0.613897 0.578397 0.129525 0.132383
1 0.641288 0.933709 0.121336 0.113057
1 0.389583 0.840496 0.107283 0.104519
1 0.401505 0.0556545 0.148247 0.110999
1 0.261868 0.770076 0.115723 0.110823
1 0.102145 0.387328 0.126802 0.123828
0 0.18328 0.880315 0.161653 0.158648
1 0.21324 0.494287 0.159623 0.167075
1 0.747585 0.661504 0.139764 0.147707
1 0.507171 0.528794 0.101942 0.12676
0 0.29029 0.413625 0.140754 0.152784
1 0.36287 0.683723 0.177995 0.137017
1 0.222937 0.364756 0.115068 0.127317
1 0.540087 0.288533 0.120924 0.132022
1 0.037236 0.738292 0.0736727 0.120808
1 0.739842 0.837939 0.10589 0.112342
1 0.957731 0.771124 0.0835992 0.105597
1 0.376368 0.58384 0.123615 0.109266
1 0.24682 0.964801 0.075857 0.0699115
1 0.314603 0.874654 0.062626 0.0617623
0 0.438244 0.620248 0.108325 0.120322
1 0.11086 0.977197 0.106067 0.0450952
0 0.095356 0.0393992 0.120647 0.0783441
1 0.424005 0.4875 0.0922194 0.0944437
1 0.127026 0.608319 0.140082 0.146175
1 0.774729 0.776606 0.0899391 0.080881
1 0.555594 0.555226 0.0762181 0.0964911
0 0.126154 0.608676 0.142749 0.145601
0 0.376043 0.585051 0.123111 0.112049
0 0.0303811 0.175721 0.0606226 0.0673683
