1 0.706238 0.865877 0.133594 0.158031
1 0.86603 0.223648 0.171538 0.180604
1 0.208848 0.0889807 0.105079 0.111673
1 0.258936 0.869195 0.120625 0.11919
1 0.410052 0.39316 0.135689 0.158768
1 0.629047 0.897091 0.1278 0.141274
1 0.885869 0.830693 0.122389 0.130564
1 0.243934 0.456026 0.144616 0.16744
1 0.571198 0.511077 0.112854 0.120455
1 0.498236 0.795539 0.126552 0.128371
1 0.129627 0.219417 0.156465 0.152755
1 0.548047 0.937529 0.109901 0.116615
1 0.33822 0.612529 0.103596 0.0991603
1 0.730077 0.681044 0.109213 0.105668
1 0.382685 0.966985 0.108195 0.0657208
1 0.0937525 0.701956 0.126897 0.124991
1 0.442512 0.0536112 0.0921116 0.107222
1 0.2187 0.670085 0.196799 0.146931
1 0.685138 0.315348 0.147228 0.137497
1 0.500469 0.37011 0.121162 0.152107
1 0.097758 0.932983 0.111271 0.110448
1 0.924673 0.381631 0.130708 0.11298
1 0.648167 0.475673 0.110492 0.12264
1 0.49816 0.550077 0.118474 0.150129
1 0.932871 0.158068 0.134193 0.175241
1 0.583502 0.754907 0.122002 0.125979
1 0.661111 0.726766 0.109456 0.137342
1 0.150103 0.49172 0.117933 0.115699
1 0.32342 0.427242 0.142199 0.174343
1 0.819701 0.663591 0.132348 0.134996
1 0.79436 0.8533 0.0987914 0.093451
1 0.0357315 0.95475 0.0711838 0.0905
1 0.469253 0.952184 0.1084 0.0954257
1 0.337271 0.84353 0.114363 0.140651
1 0.734584 0.438848 0.150884 0.172644
1 0.0296569 0.546631 0.0593138 0.115111
1 0.0862898 0.100239 0.158645 0.137763
1 0.581312 0.33294 0.121672 0.141253
1 0.681045 0.0301839 0.0772755 0.0603678
1 0.90752 0.318175 0.0926075 0.0708947
1 0.420373 0.582122 0.0962588 0.080864
1 0.415009 0.815045 0.10915 0.11287
1 0.0324459 0.736467 0.06407 0.081185
1 0.376681 0.120091 0.125088 0.196629
1 0.975595 0.351426 0.0482786 0.0879921
1 0.533503 0.0854233 0.0786835 0.0681875
1 0.976345 0.572042 0.0468626 0.108565
1 0.0518127 0.456179 0.0840273 0.0663749
0 0.954299 0.977884 0.0901321 0.0441459
