0 0.687261 0.91943 0.173132 0.157828
1 0.323358 0.0596988 0.173871 0.118882
1 0.913859 0.742328 0.165121 0.106494
3 0.118627 0.329368 0.23227 0.38725
1 0.945384 0.826361 0.109232 0.0770365
1 0.397437 0.228238 0.136548 0.0714662
1 0.696199 0.499068 0.160208 0.165661
1 0.0441967 0.0599662 0.0883934 0.119932
1 0.546974 0.422304 0.166619 0.159972
1 0.42215 0.288372 0.142127 0.0828437
0 0.0946815 0.220119 0.177488 0.173514
1 0.515944 0.736104 0.13875 0.14601
1 0.36319 0.121737 0.115456 0.05212
1 0.966008 0.946639 0.0679847 0.103926
1 0.619735 0.460178 0.119251 0.144042
1 0.389759 0.166241 0.102103 0.0487275
1 0.775481 0.533534 0.139599 0.125264
1 0.954171 0.918372 0.090543 0.157641
