0 0.585634 0.530295 0.0740739 0.123957
0 0.281499 0.322672 0.143937 0.130772
0 0.0494789 0.892431 0.0712253 0.100154
1 0.226653 0.511301 0.100129 0.126328
1 0.135615 0.702952 0.0876452 0.101809
1 0.705949 0.807869 0.072646 0.0803781
1 0.0368511 0.728519 0.0737021 0.0937119
1 0.884753 0.780122 0.0887129 0.103167
1 0.0956896 0.277438 0.12455 0.114135
0 0.0534082 0.0452148 0.106088 0.0900152
1 0.122824 0.489694 0.10124 0.136139
1 0.592883 0.792877 0.0922937 0.0933688
1 0.782569 0.796691 0.085022 0.10804
1 0.630017 0.951355 0.154784 0.0972226
1 0.790988 0.958971 0.15424 0.0814888
1 0.266873 0.113175 0.0714508 0.0847766
0 0.312055 0.95302 0.154269 0.0932922
