1 0.608464 0.837926 0.130634 0.0911092
1 0.200016 0.895247 0.122378 0.129142
2 0.216623 0.185682 0.130833 0.187062
1 0.317456 0.73096 0.127875 0.137879
1 0.601047 0.755887 0.138849 0.0907568
1 0.433517 0.778234 0.0897028 0.0604048
0 0.575289 0.665491 0.158934 0.107453
1 0.815578 0.886623 0.13262 0.0987141
1 0.802766 0.630622 0.154174 0.116458
1 0.971082 0.778533 0.0576688 0.0643611
1 0.136687 0.956439 0.108902 0.0869319
1 0.977126 0.853477 0.0454111 0.0911957
1 0.639757 0.977055 0.100444 0.0453372
2 0.926111 0.252884 0.147006 0.067797
1 0.42436 0.70632 0.0728002 0.0857003
0 0.42503 0.706317 0.0682013 0.0853864
3 0.926354 0.253638 0.146161 0.0680599
1 0.941315 0.686324 0.116452 0.127565
1 0.804353 0.807646 0.146679 0.0950561
1 0.980297 0.93734 0.0391045 0.0833559
1 0.801562 0.720738 0.158417 0.0961082
1 0.956727 0.59798 0.0857618 0.0976794
2 0.067015 0.219503 0.132894 0.398223
