0 0.508422 0.290019 0.10427 0.09095
1 0.313082 0.515613 0.120974 0.112738
1 0.844576 0.562302 0.0764034 0.100157
1 0.921525 0.572627 0.086779 0.100367
1 0.250242 0.389938 0.15855 0.136187
1 0.396349 0.346581 0.108796 0.127069
1 0.905301 0.120315 0.0830224 0.0974786
1 0.539422 0.627651 0.128033 0.0766218
0 0.865175 0.435045 0.0941215 0.0911509
1 0.102273 0.11176 0.108569 0.0898501
1 0.255109 0.0318877 0.0883718 0.0627743
1 0.782397 0.0925612 0.122341 0.0847141
1 0.828728 0.36058 0.127062 0.10812
1 0.278114 0.742048 0.123509 0.0977198
0 0.45862 0.488401 0.0929141 0.106372
0 0.582277 0.451928 0.107593 0.156374
1 0.26441 0.200112 0.0929657 0.103743
1 0.387256 0.182881 0.0780355 0.0564624
1 0.250389 0.303631 0.0895905 0.0570998
1 0.73633 0.459575 0.0885737 0.0798663
0 0.268077 0.0981992 0.125326 0.0800225
1 0.865578 0.0277093 0.0641595 0.0549724
1 0.779192 0.273505 0.127925 0.0757931
1 0.745091 0.0181819 0.0850971 0.0356456
1 0.458674 0.488147 0.0922935 0.104545
1 0.663631 0.417093 0.1012 0.12146
0 0.783535 0.200997 0.113621 0.0679132
0 0.661919 0.418024 0.0962105 0.120766
1 0.268312 0.0996852 0.122544 0.0864847
