1 0.705436 0.465954 0.137191 0.11837
1 0.598627 0.768307 0.143847 0.123805
1 0.229337 0.108717 0.146799 0.128099
1 0.349894 0.79736 0.152828 0.115139
1 0.25505 0.190987 0.136796 0.118378
1 0.734308 0.552356 0.140749 0.115437
1 0.356006 0.0522532 0.146426 0.104506
1 0.694344 0.15488 0.155118 0.141911
1 0.293122 0.706895 0.144346 0.129447
1 0.943669 0.621281 0.111751 0.118046
1 0.367815 0.33718 0.155538 0.13448
1 0.507622 0.585965 0.159045 0.130741
1 0.826925 0.70726 0.147295 0.122753
1 0.140359 0.457311 0.164779 0.149293
1 0.869173 0.782311 0.144266 0.14126
1 0.191704 0.91899 0.149898 0.157403
1 0.456756 0.94557 0.14474 0.108273
1 0.899012 0.556114 0.171825 0.139314
1 0.046697 0.681968 0.0927804 0.106366
1 0.529807 0.338342 0.11331 0.098208
1 0.732832 0.232273 0.104603 0.0882053
1 0.236953 0.629212 0.165201 0.141815
1 0.25807 0.873759 0.139968 0.154919
1 0.0704427 0.760856 0.125105 0.126367
1 0.47507 0.266956 0.141281 0.131747
1 0.544048 0.670075 0.148718 0.14405
1 0.406895 0.412246 0.11743 0.095004
1 0.19601 0.530394 0.135509 0.112123
1 0.200549 0.0418094 0.126929 0.0836189
1 0.87475 0.0465684 0.128897 0.0931369
1 0.313823 0.257832 0.157395 0.125838
1 0.777902 0.629422 0.152439 0.109218
1 0.957498 0.714457 0.0828457 0.116735
1 0.928812 0.915204 0.130805 0.153203
1 0.0438365 0.225541 0.0874594 0.100711
1 0.120046 0.946 0.142703 0.107999
1 0.640441 0.0675115 0.154295 0.126686
1 0.460692 0.177926 0.115793 0.0938168
1 0.815868 0.398465 0.11392 0.113583
1 0.030029 0.978558 0.060058 0.0427576
1 0.861418 0.477453 0.147924 0.137788
1 0.38527 0.866159 0.160935 0.124551
1 0.444537 0.106095 0.134206 0.1108
1 0.0291696 0.806077 0.0583392 0.0864255
1 0.300609 0.962803 0.189867 0.0733657
1 0.810696 0.947249 0.132852 0.105065
1 0.610379 0.858782 0.162419 0.136801
1 0.919478 0.129915 0.150944 0.120687
0 0.810299 0.0194133 0.0761936 0.0388194
1 0.0979594 0.379951 0.161543 0.126534
1 0.572929 0.0412204 0.111285 0.0824295
1 0.968163 0.872152 0.0631497 0.131315
0 0.968826 0.876508 0.0609765 0.143883
1 0.867406 0.92035 0.252966 0.156802
1 0.983012 0.296437 0.0335709 0.0932541
1 0.296693 0.0170304 0.088586 0.0339503
