1 0.928913 0.860053 0.122202 0.12533
1 0.643919 0.0599385 0.131386 0.119877
1 0.861995 0.0508978 0.156978 0.101497
1 0.300663 0.251952 0.137596 0.137961
1 0.946092 0.371625 0.107749 0.128788
1 0.536886 0.496165 0.12761 0.120628
1 0.887788 0.320556 0.148353 0.139423
1 0.271477 0.0564109 0.120445 0.112822
1 0.70811 0.118313 0.116435 0.122754
1 0.333988 0.331328 0.115451 0.116485
1 0.160214 0.151014 0.145048 0.153611
1 0.884399 0.644279 0.154077 0.135352
1 0.593617 0.572844 0.143205 0.144221
1 0.743352 0.756919 0.0968633 0.102045
1 0.345194 0.106154 0.151596 0.149022
1 0.964105 0.450902 0.0697111 0.114666
1 0.699767 0.688213 0.127295 0.124487
1 0.369104 0.184602 0.0914384 0.0906612
1 0.671322 0.376731 0.101185 0.100395
1 0.468983 0.449497 0.0872159 0.0904383
1 0.568489 0.0382438 0.128629 0.0759978
1 0.921379 0.0916472 0.124961 0.135285
1 0.555473 0.261082 0.118418 0.124718
1 0.7444 0.431057 0.126402 0.107805
1 0.610409 0.323122 0.132608 0.12319
1 0.862607 0.917614 0.103688 0.118556
1 0.192657 0.0360895 0.128865 0.072179
1 0.483846 0.202447 0.125799 0.133902
1 0.41626 0.390386 0.112253 0.126419
1 0.950374 0.153042 0.0989504 0.135031
1 0.221161 0.206202 0.124783 0.116983
1 0.832404 0.235728 0.171858 0.171027
1 0.94903 0.97921 0.0942565 0.0415368
1 0.758045 0.182657 0.127075 0.123322
1 0.429579 0.14445 0.0976932 0.0997951
1 0.640227 0.626601 0.152302 0.114481
2 0.47668 0.820645 0.118154 0.211212
1 0.666276 0.649714 0.0934429 0.073306
0 0.775994 0.526738 0.131489 0.133637
0 0.845641 0.562711 0.118987 0.118419
1 0.480152 0.0133133 0.0550979 0.0266267
1 0.98843 0.215654 0.0227084 0.0564609
1 0.349906 0.963947 0.0790417 0.0657856
