1 0.0906236 0.477951 0.108219 0.145023
1 0.0734753 0.279579 0.130708 0.126019
1 0.302 0.19304 0.129799 0.0958225
1 0.616827 0.170704 0.119521 0.0912676
1 0.622997 0.27798 0.132376 0.0923416
1 0.338946 0.775742 0.145764 0.184098
1 0.342793 0.418078 0.210642 0.145782
1 0.633979 0.388582 0.148401 0.118645
1 0.0377094 0.959216 0.0752625 0.0808817
1 0.443927 0.649293 0.123063 0.116902
1 0.273019 0.318269 0.145181 0.121337
1 0.565576 0.942589 0.132148 0.11381
1 0.929614 0.960904 0.10951 0.0777439
0 0.817811 0.209184 0.138597 0.132525
1 0.673028 0.477262 0.0866482 0.0680431
1 0.67102 0.55918 0.0865333 0.106216
1 0.798851 0.384576 0.0866482 0.0598909
1 0.500174 0.280664 0.0639952 0.0840678
1 0.295515 0.84108 0.0724311 0.0852058
1 0.625674 0.0431695 0.126099 0.0862692
1 0.0155197 0.814965 0.0308538 0.0943599
0 0.626346 0.0447813 0.126884 0.0881326
