1 0.716973 0.826202 0.16977 0.154462
1 0.348577 0.778743 0.189156 0.172933
1 0.437692 0.351456 0.168185 0.15963
1 0.379514 0.0479101 0.160329 0.0949361
1 0.623604 0.410016 0.184602 0.161156
1 0.533338 0.801374 0.178631 0.165834
1 0.904171 0.863504 0.169957 0.139063
1 0.195306 0.224494 0.220555 0.226862
1 0.187656 0.544231 0.157692 0.143115
1 0.0758126 0.114061 0.151625 0.190451
1 0.405255 0.580101 0.173998 0.173387
1 0.484607 0.0938988 0.151351 0.180244
0 0.825448 0.476261 0.126558 0.173378
1 0.151676 0.748549 0.188469 0.223941
0 0.576859 0.142617 0.154738 0.151307
1 0.114807 0.353446 0.193458 0.155702
1 0.0300542 0.674362 0.0596148 0.150976
1 0.0627228 0.410621 0.122275 0.125649
1 0.0434559 0.462454 0.0869118 0.112556
1 0.576647 0.142128 0.150574 0.15024
1 0.936672 0.186072 0.12482 0.157396
0 0.937636 0.184587 0.122355 0.154275
0 0.723638 0.0302206 0.104655 0.0602765
3 0.750751 0.151981 0.190922 0.17288
2 0.149253 0.747943 0.195202 0.225659
1 0.0960698 0.244193 0.0654451 0.0663849
