0 0.249186 0.102792 0.094886 0.106905
1 0.0365384 0.916231 0.0730768 0.114812
1 0.361294 0.780676 0.144801 0.113609
1 0.426323 0.59877 0.149711 0.110552
1 0.392134 0.689213 0.138408 0.119488
1 0.256256 0.732933 0.123482 0.141357
1 0.270796 0.959842 0.103659 0.080003
1 0.266701 0.339197 0.11152 0.14893
1 0.0812709 0.294701 0.101572 0.116052
1 0.476884 0.393114 0.152526 0.113993
1 0.130979 0.545182 0.107346 0.1277
1 0.0548846 0.525382 0.104768 0.11445
1 0.0987507 0.932927 0.10638 0.124905
0 0.335242 0.11623 0.102105 0.123437
1 0.212628 0.566203 0.106361 0.127015
1 0.190228 0.948031 0.0865864 0.103938
1 0.0320834 0.0441258 0.0641668 0.0881525
1 0.0875757 0.057809 0.102241 0.109619
1 0.162409 0.091669 0.113599 0.15325
1 0.573157 0.190735 0.10399 0.112406
1 0.156313 0.714067 0.121826 0.15423
1 0.489512 0.160091 0.112696 0.123465
0 0.410254 0.136126 0.104099 0.144968
1 0.0698695 0.686259 0.105038 0.127422
0 0.310701 0.563482 0.0805435 0.0925643
1 0.0229546 0.6772 0.0456706 0.10334
0 0.536557 0.0240182 0.100203 0.0479159
0 0.0208655 0.274135 0.0415888 0.104981
1 0.464523 0.493875 0.093362 0.074656
1 0.0207139 0.273845 0.0412953 0.105242
1 0.349691 0.975912 0.0712527 0.0480512
1 0.336243 0.114895 0.0967258 0.123662
