2 0.0646818 0.872328 0.128596 0.208953
1 0.676154 0.114789 0.143191 0.148227
1 0.941651 0.141383 0.116697 0.155381
1 0.807376 0.254706 0.143968 0.165232
1 0.625226 0.0588912 0.151566 0.117782
1 0.0650883 0.0920585 0.129952 0.17801
1 0.896054 0.0622241 0.116611 0.120104
1 0.91992 0.237605 0.0904474 0.0813317
1 0.147837 0.032409 0.10306 0.0645553
1 0.877274 0.303962 0.134444 0.141371
1 0.472612 0.335564 0.150374 0.138149
1 0.534727 0.0281717 0.137303 0.0559471
1 0.815311 0.0280701 0.126764 0.0558809
0 0.877376 0.312653 0.142918 0.160315
1 0.974385 0.211435 0.050706 0.0831679
1 0.0328583 0.11914 0.065374 0.120786
