1 0.70263 0.218049 0.153778 0.103812
1 0.353996 0.805014 0.122013 0.103758
1 0.439279 0.0549519 0.127028 0.0921896
1 0.354935 0.418016 0.136333 0.0955665
1 0.732993 0.389787 0.1327 0.086161
1 0.337934 0.336733 0.132352 0.0955054
1 0.678499 0.0524502 0.136835 0.10038
1 0.298973 0.0828199 0.144591 0.0870996
1 0.865418 0.271016 0.0985296 0.0882387
1 0.542918 0.78519 0.133841 0.15966
1 0.500213 0.487465 0.13668 0.102442
1 0.843419 0.195641 0.114737 0.089718
1 0.451653 0.798033 0.109563 0.134971
1 0.306332 0.16956 0.136247 0.0903386
1 0.688246 0.135414 0.152211 0.101106
1 0.374195 0.4981 0.126634 0.0976291
1 0.736932 0.488406 0.123011 0.124718
1 0.938148 0.66568 0.104857 0.136346
1 0.478417 0.312157 0.153749 0.105255
1 0.835941 0.110205 0.107881 0.0939351
1 0.324621 0.246891 0.128043 0.105043
1 0.444849 0.145034 0.148947 0.0974732
1 0.495912 0.397463 0.13731 0.0953218
1 0.381313 0.592934 0.132097 0.117222
1 0.879935 0.365748 0.119259 0.0860665
1 0.468142 0.231181 0.15833 0.0999555
1 0.127099 0.378394 0.119121 0.133927
1 0.71568 0.302437 0.130404 0.0956773
1 0.880152 0.4687 0.140439 0.124829
1 0.10155 0.20813 0.117568 0.103312
1 0.28412 0.0241831 0.126424 0.0481763
1 0.849618 0.701365 0.110233 0.14634
1 0.0450455 0.403713 0.0897247 0.130576
1 0.530746 0.563732 0.090592 0.0642853
1 0.691788 0.959907 0.147826 0.0794715
0 0.871035 0.94207 0.158196 0.114246
1 0.821061 0.0200552 0.0994221 0.0399153
1 0.417285 0.00933464 0.110446 0.0186341
1 0.0762052 0.0204553 0.0834186 0.0407091
1 0.0261894 0.26735 0.0519228 0.0974149
1 0.769593 0.703039 0.097414 0.0949458
1 0.111913 0.275952 0.101782 0.0511435
0 0.980457 0.654695 0.0384526 0.130325
1 0.0139206 0.0407926 0.0273517 0.0815851
