1 0.634826 0.418416 0.119301 0.128628
1 0.834654 0.244246 0.150273 0.116227
1 0.289912 0.481371 0.126052 0.135597
1 0.600953 0.302855 0.130996 0.143979
1 0.558562 0.0780098 0.131557 0.0912201
1 0.850746 0.334916 0.15174 0.108203
0 0.0925214 0.528515 0.099455 0.1411
0 0.867712 0.790753 0.125595 0.134672
1 0.388795 0.609963 0.109733 0.118376
1 0.47473 0.588357 0.0890017 0.113229
1 0.374939 0.439292 0.125363 0.147076
1 0.872012 0.436739 0.136005 0.100999
1 0.428833 0.11947 0.141719 0.148988
1 0.291227 0.628862 0.112892 0.118648
1 0.372125 0.896356 0.116603 0.141253
1 0.563845 0.852192 0.109841 0.137178
1 0.472879 0.350821 0.158868 0.133793
1 0.202673 0.27944 0.142157 0.114078
1 0.120467 0.0998918 0.131455 0.143087
1 0.278244 0.916946 0.119524 0.149971
1 0.185782 0.925981 0.114698 0.144338
0 0.890621 0.531303 0.144542 0.127034
1 0.0680105 0.292357 0.135781 0.140847
1 0.470352 0.867887 0.12395 0.137026
1 0.0286785 0.109618 0.0573571 0.129209
1 0.19563 0.649411 0.114281 0.128664
1 0.656128 0.837405 0.105248 0.148464
1 0.568434 0.572543 0.100706 0.11986
1 0.178634 0.509068 0.113798 0.143159
1 0.103836 0.675088 0.104084 0.106253
1 0.211106 0.0546531 0.114498 0.109306
1 0.551047 0.0215862 0.141871 0.0427087
0 0.024806 0.54267 0.0488514 0.137408
1 0.655747 0.54587 0.110918 0.132793
1 0.752707 0.808787 0.112707 0.137313
1 0.973635 0.48266 0.0522671 0.129837
0 0.803832 0.0529281 0.152966 0.104904
1 0.941618 0.0444214 0.113309 0.0875297
1 0.952146 0.244461 0.0953498 0.162334
1 0.318433 0.155695 0.104883 0.0966969
1 0.0736342 0.939521 0.137715 0.119972
1 0.803706 0.0520152 0.152699 0.103276
0 0.961051 0.764325 0.0776377 0.139196
0 0.327294 0.210163 0.144893 0.12952
0 0.0292597 0.677058 0.0585193 0.125948
1 0.0291442 0.679708 0.0582884 0.129942
0 0.298961 0.0417482 0.137062 0.0829564
1 0.298677 0.040885 0.133771 0.0812803
0 0.0748208 0.938998 0.139894 0.120636
