1 0.352076 0.287223 0.169997 0.165879
1 0.0747107 0.101979 0.146738 0.167238
1 0.173629 0.0640531 0.15431 0.128106
1 0.587483 0.16388 0.168051 0.174354
1 0.689156 0.0737395 0.169597 0.147479
1 0.231305 0.362604 0.192958 0.181276
1 0.57286 0.475292 0.212147 0.234686
1 0.479529 0.248245 0.210005 0.176128
1 0.803161 0.438052 0.157031 0.15969
1 0.317327 0.0647256 0.174259 0.128228
1 0.7115 0.31065 0.140517 0.138698
1 0.0484217 0.53242 0.0961135 0.136144
1 0.812771 0.0517685 0.158671 0.102168
2 0.326916 0.654824 0.631803 0.450367
0 0.812604 0.0519648 0.158831 0.103391
0 0.0359159 0.168277 0.0704409 0.153544
2 0.233717 0.361732 0.200111 0.183157
1 0.0367249 0.173347 0.0725591 0.147723
