1 0.761628 0.320312 0.11524 0.101822
1 0.642619 0.767329 0.140357 0.132727
1 0.329141 0.545631 0.131136 0.127234
1 0.35775 0.892281 0.145785 0.138504
1 0.565473 0.616181 0.154357 0.143368
1 0.682403 0.695814 0.132252 0.116589
1 0.403168 0.820405 0.122943 0.119252
1 0.934082 0.34583 0.131269 0.126927
1 0.617058 0.544416 0.14969 0.135167
1 0.543967 0.902704 0.109046 0.108938
1 0.503176 0.68043 0.118802 0.120911
1 0.930561 0.749555 0.138878 0.128888
1 0.738425 0.625972 0.116153 0.116269
1 0.802048 0.560368 0.112158 0.113969
1 0.454197 0.749154 0.114549 0.115089
1 0.224643 0.684686 0.135282 0.12439
1 0.534758 0.260571 0.129216 0.120274
1 0.43226 0.408499 0.124564 0.134073
1 0.493432 0.962494 0.119468 0.0745761
1 0.808288 0.247304 0.106409 0.101045
1 0.379475 0.471254 0.140123 0.131643
1 0.661795 0.47058 0.142826 0.128331
1 0.953113 0.667227 0.0933877 0.123033
1 0.578758 0.189946 0.156829 0.148371
1 0.278858 0.614293 0.127378 0.121514
1 0.487434 0.340521 0.124203 0.120158
1 0.830753 0.881889 0.137231 0.122473
0 0.899784 0.420587 0.132519 0.114156
1 0.714396 0.387264 0.114723 0.101521
1 0.957105 0.939553 0.0857849 0.117692
1 0.840753 0.482467 0.117618 0.117449
0 0.775313 0.942143 0.149235 0.113441
1 0.980576 0.598907 0.0382925 0.0813336
1 0.887362 0.802936 0.120801 0.100472
1 0.918042 0.965461 0.145992 0.069078
1 0.306821 0.950566 0.124825 0.0973501
1 0.591843 0.847662 0.124077 0.112701
2 0.283856 0.399956 0.564033 0.799912
