1 0.175914 0.877252 0.12377 0.147894
0 0.457459 0.556163 0.0880932 0.106113
1 0.406272 0.647864 0.07064 0.0656989
1 0.523015 0.634514 0.11534 0.0914823
0 0.137938 0.376357 0.108991 0.103459
0 0.263205 0.672135 0.113478 0.119614
1 0.392094 0.789097 0.145242 0.15985
0 0.471256 0.427321 0.0885355 0.082865
0 0.90855 0.965714 0.128073 0.0685072
1 0.357528 0.879279 0.0737079 0.0606244
1 0.983145 0.921966 0.0333307 0.0814512
0 0.770309 0.573172 0.0920012 0.0805612
0 0.069573 0.822415 0.124967 0.120258
