1 0.112927 0.909055 0.111827 0.117273
1 0.223102 0.386959 0.141692 0.152063
1 0.366806 0.638047 0.137899 0.137135
1 0.413138 0.717538 0.133474 0.123741
1 0.596397 0.159808 0.133539 0.129687
1 0.460378 0.781253 0.147832 0.139062
1 0.621552 0.333746 0.130911 0.140034
1 0.857082 0.654263 0.164043 0.156204
1 0.279661 0.919027 0.145847 0.133313
1 0.0578363 0.955533 0.115619 0.0889333
1 0.318924 0.332056 0.156383 0.168862
1 0.460404 0.519096 0.158853 0.140038
1 0.508243 0.208522 0.134648 0.136896
1 0.0859714 0.673393 0.148705 0.155674
1 0.157274 0.599693 0.134392 0.132836
1 0.75418 0.538744 0.164664 0.174918
1 0.078057 0.208258 0.116832 0.121226
1 0.269096 0.554368 0.0900782 0.104097
1 0.908932 0.434638 0.121044 0.129231
1 0.827157 0.477211 0.120274 0.11855
1 0.143553 0.440011 0.131074 0.150056
1 0.225324 0.849691 0.147621 0.13094
1 0.937637 0.609791 0.124726 0.123862
1 0.0424065 0.730631 0.0847271 0.132364
1 0.531207 0.85575 0.171697 0.181009
1 0.0693659 0.484481 0.125962 0.123199
1 0.516447 0.605649 0.132894 0.114816
1 0.697438 0.131909 0.128924 0.146746
1 0.780847 0.264364 0.12058 0.120678
1 0.960192 0.844563 0.0793307 0.140343
1 0.329299 0.96199 0.156424 0.0754631
1 0.962294 0.396143 0.0743665 0.108397
1 0.695587 0.973058 0.106739 0.0536532
1 0.858423 0.221141 0.125739 0.13371
1 0.0308015 0.527501 0.0609682 0.128487
1 0.697133 0.287874 0.131508 0.149599
1 0.655959 0.75798 0.132957 0.159128
3 0.167584 0.141207 0.145402 0.147772
1 0.394489 0.453043 0.132135 0.118357
0 0.377659 0.0441734 0.135362 0.088253
1 0.0402745 0.251541 0.0791472 0.156634
0 0.169148 0.140746 0.14713 0.15022
1 0.973536 0.55667 0.0520535 0.111661
1 0.378065 0.0447375 0.137383 0.089475
