1 0.589123 0.217802 0.145347 0.147186
1 0.886872 0.143062 0.130785 0.135988
1 0.72222 0.321542 0.14632 0.148919
1 0.802096 0.371946 0.119721 0.119196
1 0.902044 0.455182 0.129987 0.150535
1 0.669187 0.25495 0.127834 0.124186
1 0.379793 0.0591946 0.152983 0.118389
1 0.805978 0.0753158 0.138387 0.138236
1 0.505294 0.163885 0.153884 0.158055
1 0.953723 0.214391 0.0925043 0.118483
1 0.455896 0.092255 0.123956 0.12115
1 0.963057 0.0900025 0.0721076 0.0796673
1 0.888126 0.0354091 0.146791 0.0708181
1 0.698264 0.0363426 0.121041 0.0722207
1 0.982633 0.451882 0.0340295 0.101959
1 0.973575 0.0430316 0.051708 0.0857149
2 0.0505552 0.941848 0.100367 0.115746
1 0.297654 0.0192195 0.0946779 0.0384242
