0 0.209238 0.432891 0.119501 0.10123
1 0.447891 0.274286 0.166201 0.164463
1 0.334639 0.54828 0.141472 0.12573
1 0.224739 0.826761 0.139078 0.153024
0 0.678794 0.531525 0.144567 0.143322
1 0.568547 0.385531 0.161194 0.159647
1 0.311811 0.0530196 0.100772 0.0999206
1 0.0244807 0.0893853 0.0489613 0.0932898
1 0.491084 0.664701 0.12297 0.123667
1 0.0590788 0.299768 0.116826 0.104079
1 0.589269 0.281963 0.0801051 0.0835302
1 0.402826 0.944379 0.118526 0.111241
1 0.456577 0.11507 0.0887992 0.0802695
0 0.665993 0.322952 0.0777289 0.0663229
1 0.0526052 0.655727 0.103989 0.137236
1 0.719224 0.173726 0.119333 0.12167
0 0.0529088 0.656061 0.105099 0.141206
