1 0.359357 0.527521 0.16387 0.135085
1 0.524682 0.22326 0.132565 0.157644
1 0.728127 0.928291 0.144976 0.143418
1 0.799619 0.893256 0.127036 0.144356
1 0.933056 0.256888 0.133506 0.12901
1 0.433994 0.26753 0.129166 0.146368
1 0.942801 0.783926 0.114119 0.163321
0 0.042171 0.778376 0.083925 0.12048
1 0.884087 0.837283 0.12263 0.145382
1 0.70695 0.654516 0.212019 0.238889
1 0.701159 0.405648 0.157198 0.156742
1 0.889023 0.579779 0.101981 0.1142
0 0.162135 0.800891 0.106244 0.128941
1 0.689565 0.12472 0.166146 0.186308
1 0.764706 0.0780308 0.190797 0.156011
1 0.050434 0.286558 0.0993188 0.165633
1 0.604464 0.164982 0.160349 0.201828
1 0.444371 0.763212 0.150551 0.124997
1 0.246349 0.707712 0.0906802 0.0902193
1 0.632711 0.494113 0.0938503 0.0920748
0 0.333809 0.283278 0.102779 0.160226
1 0.119809 0.0807471 0.11732 0.0764767
1 0.37102 0.689678 0.114134 0.116971
1 0.956053 0.186886 0.0867906 0.149207
1 0.193253 0.54793 0.133125 0.112691
1 0.974351 0.380237 0.050998 0.0787229
1 0.77474 0.546331 0.132657 0.131638
1 0.145995 0.237421 0.0752191 0.0893364
1 0.250372 0.316808 0.103036 0.160494
1 0.972831 0.527164 0.0536274 0.128242
1 0.139806 0.286391 0.0970791 0.195844
1 0.613083 0.473521 0.153434 0.136055
1 0.636089 0.796493 0.102704 0.0935708
0 0.776294 0.547993 0.135194 0.133747
1 0.62189 0.756514 0.137333 0.174446
0 0.972842 0.5299 0.0535076 0.140855
0 0.192824 0.550373 0.133965 0.114823
1 0.192898 0.681588 0.0672932 0.0601441
1 0.81872 0.0167129 0.0857475 0.0334258
