0 0.575009 0.269895 0.10947 0.11814
0 0.0505226 0.209645 0.100899 0.106932
0 0.129089 0.221719 0.0623364 0.0933047
0 0.509217 0.293701 0.079411 0.119095
1 0.478843 0.896691 0.0865428 0.102863
1 0.652398 0.234536 0.126646 0.143542
1 0.873345 0.314664 0.153378 0.111362
1 0.346874 0.544288 0.0992117 0.114353
1 0.342999 0.927836 0.100345 0.124944
1 0.413481 0.905807 0.0940616 0.1153
1 0.289358 0.774274 0.114803 0.153592
1 0.792357 0.121605 0.152249 0.119745
1 0.270289 0.585079 0.10209 0.0971632
2 0.756141 0.628061 0.239923 0.224038
1 0.0784388 0.62781 0.0628161 0.110853
1 0.114207 0.404105 0.0716992 0.100779
0 0.055966 0.953847 0.0803344 0.0923067
0 0.314718 0.0603238 0.168153 0.118719
1 0.0666299 0.137366 0.109111 0.083086
1 0.594079 0.102656 0.109783 0.0827606
1 0.413881 0.737501 0.117314 0.133213
1 0.274626 0.956366 0.101389 0.0859902
0 0.0994675 0.0674612 0.0990063 0.0948531
1 0.752942 0.06345 0.12925 0.087683
1 0.149588 0.855773 0.0933666 0.0882335
1 0.611492 0.152947 0.111937 0.0811182
1 0.20063 0.603771 0.0966203 0.106541
1 0.072894 0.83901 0.0799606 0.138705
1 0.710727 0.96903 0.152748 0.0616524
0 0.166032 0.444752 0.100572 0.152596
1 0.949213 0.115546 0.101215 0.103585
1 0.172715 0.129795 0.0872321 0.087283
1 0.0211404 0.625149 0.0416183 0.0932609
1 0.0378273 0.423476 0.07565 0.143874
1 0.512875 0.468242 0.189209 0.135426
1 0.140647 0.626403 0.082883 0.118139
1 0.334086 0.728269 0.0759447 0.0942142
2 0.512618 0.468691 0.193881 0.134674
1 0.646475 0.833154 0.208726 0.194531
1 0.75629 0.627737 0.240668 0.223892
0 0.552112 0.670412 0.183762 0.242925
1 0.132086 0.0326718 0.0934353 0.0652682
0 0.812945 0.197912 0.157066 0.123877
1 0.711685 0.515763 0.200943 0.139514
1 0.705877 0.379692 0.111645 0.0902693
1 0.5261 0.0588608 0.196302 0.11699
1 0.815722 0.197277 0.153484 0.120582
0 0.275408 0.436959 0.147842 0.136566
1 0.099372 0.0685293 0.0984483 0.0967816
1 0.237134 0.52837 0.064692 0.065664
1 0.21096 0.782825 0.0963916 0.128874
0 0.0111337 0.951809 0.0191223 0.0963825
0 0.0213776 0.621485 0.0424741 0.0913029
1 0.136598 0.78761 0.0741588 0.0802162
