1 0.595398 0.371575 0.0930052 0.102025
1 0.827188 0.441812 0.0920013 0.114421
1 0.139132 0.353231 0.108757 0.129508
1 0.943262 0.0881056 0.0902495 0.124182
0 0.954342 0.811129 0.0892078 0.0868425
1 0.684728 0.346788 0.0858583 0.0869601
1 0.351228 0.265247 0.121133 0.107927
1 0.896338 0.961337 0.0724161 0.0771816
1 0.270964 0.128411 0.118345 0.132308
1 0.381585 0.604877 0.134573 0.135497
1 0.387715 0.418609 0.117592 0.101644
1 0.690194 0.957654 0.088577 0.0806644
1 0.967835 0.952241 0.0626354 0.0953459
1 0.696216 0.241853 0.108962 0.103869
1 0.719776 0.469569 0.0672524 0.0963885
1 0.831643 0.659278 0.0518851 0.0567441
1 0.467794 0.523711 0.0915232 0.0740409
0 0.961408 0.698201 0.0751401 0.0795944
1 0.644878 0.708503 0.106875 0.123495
1 0.799473 0.763721 0.120549 0.143978
1 0.745571 0.852616 0.0739319 0.061978
0 0.791486 0.147127 0.0568533 0.0552147
0 0.979366 0.422652 0.040339 0.143602
0 0.528266 0.0291412 0.0695662 0.0490386
1 0.502572 0.391395 0.0639497 0.0843679
0 0.399799 0.043934 0.0807096 0.087868
0 0.413153 0.0662397 0.110649 0.132425
1 0.0475578 0.967988 0.0951156 0.0636916
