1 0.566007 0.908232 0.143788 0.167695
1 0.189051 0.343089 0.138356 0.153632
1 0.529595 0.256641 0.155162 0.170786
1 0.162378 0.131151 0.137283 0.114924
0 0.342897 0.13714 0.16632 0.168432
1 0.777865 0.587097 0.148539 0.147608
1 0.82641 0.433144 0.108177 0.118317
1 0.430229 0.360941 0.114159 0.142273
1 0.254166 0.700628 0.155157 0.190967
1 0.865157 0.655959 0.146547 0.163145
1 0.649546 0.782256 0.174379 0.169425
1 0.540335 0.719753 0.150719 0.156707
1 0.443328 0.642044 0.157956 0.145269
1 0.605904 0.0523551 0.126102 0.104032
1 0.0651737 0.964833 0.122232 0.0694429
1 0.0797088 0.270402 0.106425 0.114413
1 0.355969 0.761187 0.168792 0.178572
1 0.93026 0.542353 0.138739 0.153592
1 0.678429 0.949539 0.137408 0.10025
1 0.742034 0.394937 0.145866 0.145354
1 0.214586 0.0616443 0.170719 0.121989
1 0.74154 0.822013 0.0935757 0.102955
1 0.123696 0.881961 0.153454 0.178276
1 0.329074 0.575417 0.166469 0.169477
1 0.89931 0.0556025 0.127526 0.111205
0 0.928406 0.262669 0.1373 0.152964
1 0.253353 0.222996 0.152114 0.158621
1 0.13045 0.437926 0.186564 0.155542
1 0.673613 0.508642 0.132753 0.147003
1 0.843301 0.91855 0.1603 0.155914
1 0.756271 0.152941 0.115843 0.146539
1 0.0404614 0.379713 0.080088 0.124119
1 0.223593 0.932445 0.143773 0.133774
1 0.323809 0.9646 0.0953904 0.0704224
1 0.0400439 0.661466 0.0799807 0.10522
1 0.137542 0.185984 0.116158 0.105476
1 0.0627162 0.535762 0.125318 0.117745
1 0.786784 0.850583 0.118471 0.120667
1 0.701728 0.120946 0.142017 0.157832
1 0.567504 0.461185 0.132437 0.14842
1 0.953948 0.726006 0.0918645 0.149742
0 0.954991 0.724885 0.0895447 0.14918
1 0.663279 0.0669653 0.131402 0.133568
0 0.774494 0.983497 0.074371 0.0327179
0 0.459852 0.837001 0.153039 0.162022
1 0.517925 0.455127 0.116647 0.14086
1 0.82075 0.171768 0.11606 0.1243
0 0.953248 0.958676 0.0935047 0.0820608
0 0.0988341 0.929992 0.102168 0.0842382
1 0.598026 0.314568 0.0937179 0.115053
1 0.952314 0.959121 0.0944334 0.0812466
1 0.459562 0.837349 0.156428 0.164663
1 0.641756 0.356696 0.113003 0.141118
1 0.952628 0.0900936 0.0947442 0.126881
1 0.776413 0.984282 0.0745958 0.0314367
0 0.98157 0.360464 0.0362101 0.0835629
