1 0.789104 0.726587 0.137524 0.153591
1 0.66047 0.888953 0.166684 0.154866
1 0.242627 0.282672 0.165784 0.155978
1 0.461238 0.335148 0.181544 0.174299
1 0.627889 0.589337 0.153704 0.163003
1 0.581152 0.203516 0.148331 0.138424
1 0.922363 0.581392 0.122179 0.131937
1 0.102343 0.0631725 0.128987 0.122865
1 0.850654 0.391917 0.149549 0.150295
1 0.528355 0.271165 0.141586 0.135695
1 0.297566 0.580536 0.123089 0.119987
1 0.15065 0.368682 0.128157 0.103333
1 0.926409 0.225835 0.146573 0.178956
1 0.921749 0.95968 0.124376 0.0806409
1 0.64602 0.129182 0.140422 0.131368
1 0.416951 0.426998 0.123608 0.125364
1 0.0716189 0.859037 0.143238 0.145413
1 0.359105 0.161399 0.168917 0.155616
1 0.331868 0.485579 0.185355 0.165845
1 0.108174 0.442633 0.133655 0.117819
1 0.403725 0.0678572 0.156378 0.135714
1 0.272545 0.191306 0.112474 0.103979
1 0.686157 0.511803 0.134461 0.139709
1 0.560978 0.666455 0.151263 0.155203
1 0.0572936 0.131515 0.110793 0.106902
1 0.736301 0.820401 0.123522 0.12786
1 0.877369 0.278421 0.140078 0.140363
1 0.47466 0.786916 0.230844 0.208765
1 0.875761 0.667161 0.126564 0.134011
1 0.705658 0.0680966 0.145981 0.135992
1 0.0321462 0.237255 0.0642924 0.114464
1 0.958562 0.880507 0.0812976 0.147182
1 0.0627801 0.493295 0.12556 0.121146
1 0.240846 0.653207 0.121984 0.128942
1 0.0420068 0.936037 0.0840136 0.120504
1 0.742125 0.427474 0.13377 0.133947
1 0.384441 0.903929 0.172049 0.160875
1 0.634406 0.967735 0.0934933 0.0642962
1 0.789608 0.32603 0.092135 0.0863801
1 0.317912 0.948912 0.156249 0.101594
1 0.155465 0.696627 0.178405 0.179921
0 0.768914 0.0374669 0.126873 0.0746727
1 0.0345568 0.592569 0.0677332 0.129944
1 0.182375 0.725024 0.113837 0.114792
1 0.458999 0.0304003 0.122739 0.0604261
1 0.167147 0.0233079 0.0861692 0.0465462
1 0.957252 0.134169 0.0843884 0.142625
1 0.0205835 0.804441 0.0408033 0.080974
1 0.122523 0.671766 0.113213 0.123287
1 0.851949 0.977549 0.0743229 0.0446641
1 0.767262 0.0367306 0.124266 0.0734612
