0 0.316114 0.879402 0.0986564 0.118311
1 0.855786 0.301211 0.12371 0.148334
1 0.483576 0.0594704 0.159624 0.117463
1 0.456615 0.161756 0.147121 0.0978453
1 0.336982 0.537733 0.103527 0.100039
1 0.962112 0.28349 0.0752482 0.131688
1 0.328653 0.739367 0.141475 0.126179
1 0.232201 0.329707 0.132306 0.0896162
0 0.928737 0.0306004 0.142527 0.0607395
1 0.957851 0.395287 0.0836653 0.0995519
1 0.814893 0.970169 0.118376 0.0592557
2 0.667498 0.779649 0.15182 0.207714
1 0.91964 0.817144 0.160673 0.175116
0 0.122071 0.477522 0.128352 0.10742
1 0.321541 0.0658296 0.162155 0.130977
1 0.121769 0.475195 0.12737 0.11275
0 0.399488 0.345274 0.0980365 0.0978607
1 0.971922 0.684252 0.0557936 0.121763
0 0.16252 0.965944 0.0875801 0.0677177
1 0.669406 0.779747 0.159461 0.209364
0 0.32883 0.632088 0.104248 0.0765061
1 0.328546 0.63368 0.105055 0.0728643
1 0.0158156 0.395288 0.0311956 0.0501521
1 0.399208 0.346057 0.0961771 0.0999188
0 0.0560251 0.61994 0.0901885 0.0752175
