1 0.784927 0.178364 0.139371 0.138429
1 0.849558 0.115962 0.141827 0.1474
2 0.34557 0.192048 0.225271 0.256928
1 0.691268 0.33673 0.147806 0.105681
1 0.559216 0.133616 0.155468 0.158234
1 0.699522 0.440562 0.156175 0.11697
1 0.746565 0.96726 0.0824125 0.0654805
1 0.922975 0.0736549 0.131943 0.13181
1 0.637469 0.0765507 0.137361 0.150925
1 0.977331 0.476113 0.0448542 0.0889493
1 0.922432 0.448351 0.116435 0.113025
1 0.652095 0.971836 0.0914667 0.0563282
1 0.972115 0.308004 0.0553186 0.123652
1 0.703966 0.239076 0.129155 0.113727
0 0.703194 0.239587 0.129266 0.116013
1 0.767126 0.0261087 0.105136 0.0520802
1 0.842504 0.962657 0.0919111 0.0722835
1 0.696147 0.0507702 0.124118 0.100696
