2 0.109248 0.541052 0.21833 0.239077
2 0.202283 0.728288 0.164882 0.142683
1 0.896455 0.772864 0.118348 0.0947835
1 0.468516 0.0931925 0.131658 0.103758
1 0.863616 0.623761 0.131232 0.0976878
1 0.906428 0.850853 0.12131 0.0942755
1 0.521928 0.23319 0.150854 0.110078
1 0.811058 0.47418 0.100844 0.095188
1 0.497747 0.161817 0.137761 0.105798
1 0.887355 0.163397 0.121777 0.0948983
1 0.784941 0.308133 0.149936 0.119752
1 0.721224 0.157637 0.144881 0.109691
1 0.402992 0.281803 0.142877 0.131371
1 0.442706 0.442949 0.105208 0.0902466
2 0.0807936 0.361927 0.124855 0.152159
1 0.750218 0.23361 0.149058 0.112191
1 0.66231 0.700213 0.163446 0.114113
1 0.547349 0.317357 0.153933 0.124825
1 0.913506 0.241127 0.114045 0.0757249
1 0.232676 0.902775 0.116761 0.0785456
1 0.364877 0.176058 0.159869 0.162523
1 0.58348 0.397423 0.149319 0.111351
1 0.847837 0.0914181 0.153185 0.114897
1 0.849493 0.544362 0.132686 0.0983247
2 0.571148 0.665145 0.268571 0.180367
1 0.885613 0.697268 0.125929 0.100121
1 0.68554 0.77883 0.155573 0.108575
1 0.268034 0.0285426 0.12704 0.0568481
1 0.307156 0.0742794 0.15268 0.126556
1 0.957567 0.398048 0.0844471 0.100125
1 0.827323 0.0334834 0.117265 0.0665964
1 0.430779 0.364443 0.150713 0.12328
1 0.718198 0.938318 0.154795 0.103316
1 0.570385 0.901842 0.143245 0.0915868
1 0.0806243 0.362424 0.125623 0.155756
1 0.592571 0.961352 0.130066 0.0763967
1 0.947261 0.48534 0.103818 0.107448
1 0.0411529 0.242127 0.0822136 0.100852
1 0.661558 0.617972 0.123068 0.102491
2 0.0660123 0.768154 0.131164 0.139433
0 0.703524 0.852199 0.146157 0.0959303
1 0.928034 0.93242 0.142729 0.103375
1 0.427393 0.0382412 0.148614 0.0762759
0 0.431964 0.038934 0.142781 0.0776313
1 0.745708 0.980669 0.0749378 0.0383642
1 0.709036 0.85209 0.141353 0.094148
1 0.0954795 0.932912 0.172595 0.114995
1 0.102737 0.978967 0.118838 0.0414305
1 0.0653423 0.766987 0.130685 0.137305
0 0.0237318 0.17523 0.0472513 0.0780044
1 0.2088 0.826955 0.159323 0.105108
2 0.208443 0.82805 0.159092 0.106435
0 0.203851 0.827783 0.149286 0.105393
