1 0.438527 0.697981 0.110943 0.110622
0 0.965245 0.312295 0.0687673 0.0787059
1 0.720199 0.673666 0.12857 0.117142
1 0.23891 0.0854944 0.1312 0.118347
1 0.725076 0.222819 0.0979347 0.106364
1 0.253122 0.307521 0.107736 0.0812333
1 0.956925 0.429115 0.0848486 0.106717
1 0.877724 0.959024 0.101334 0.0816813
1 0.113732 0.0326829 0.061678 0.0649354
0 0.619489 0.152001 0.154087 0.176399
1 0.0629116 0.418827 0.125446 0.161224
1 0.441569 0.442604 0.0769881 0.0740789
0 0.0630555 0.419121 0.125984 0.161864
0 0.0369996 0.587499 0.0733221 0.11397
1 0.666857 0.780965 0.17559 0.134246
0 0.188536 0.469669 0.124625 0.104877
1 0.189219 0.471843 0.121861 0.104277
0 0.441209 0.443773 0.0809686 0.0789545
