2 0.764393 0.753504 0.132549 0.202756
1 0.0653196 0.45871 0.101567 0.118455
1 0.0475194 0.87986 0.0945558 0.139171
1 0.14779 0.494418 0.113488 0.150246
1 0.0335104 0.644694 0.0670208 0.113425
0 0.465303 0.490312 0.092616 0.0913244
1 0.110226 0.642519 0.119156 0.140823
2 0.710786 0.250872 0.239816 0.264815
0 0.235809 0.525973 0.125704 0.141278
1 0.217717 0.265031 0.0921215 0.11814
1 0.139655 0.238016 0.110294 0.132047
1 0.301414 0.292108 0.108137 0.110847
1 0.611085 0.976335 0.0790339 0.0471313
1 0.112964 0.0651283 0.0958191 0.12498
1 0.267924 0.0967771 0.107436 0.132156
1 0.53057 0.976474 0.0882836 0.0469186
1 0.124497 0.908581 0.0965234 0.1414
1 0.368387 0.184276 0.058338 0.0571349
0 0.188195 0.673345 0.115279 0.155037
1 0.023249 0.435709 0.0461589 0.106767
0 0.185054 0.075867 0.103712 0.123559
1 0.189841 0.673181 0.120004 0.150169
0 0.331659 0.939109 0.132197 0.120465
1 0.0556858 0.231409 0.0906463 0.0905975
0 0.113281 0.0639625 0.0985825 0.124391
1 0.238706 0.524116 0.128431 0.142031
0 0.267835 0.0979682 0.110762 0.134709
1 0.188124 0.072975 0.107001 0.118925
1 0.015729 0.209578 0.0312399 0.101064
2 0.560998 0.467827 0.0626733 0.150074
3 0.778106 0.515079 0.169483 0.241399
0 0.350962 0.107342 0.0903043 0.106553
1 0.789859 0.985537 0.0967869 0.0288341
