0 0.600833 0.618783 0.138288 0.118002
1 0.264285 0.344155 0.139297 0.180162
1 0.375001 0.773956 0.162816 0.156601
1 0.257401 0.0518514 0.108958 0.102095
1 0.280849 0.50155 0.105693 0.0913653
0 0.517748 0.502466 0.0806705 0.088949
1 0.894584 0.924221 0.0981874 0.115898
1 0.0631973 0.785506 0.125728 0.119187
1 0.483656 0.380581 0.118772 0.122225
1 0.72564 0.357051 0.0884565 0.128363
0 0.724835 0.845472 0.146114 0.163046
1 0.486728 0.934633 0.149511 0.130237
0 0.712774 0.0946099 0.108147 0.108846
1 0.449885 0.871305 0.122077 0.11234
0 0.911679 0.537676 0.115091 0.130582
1 0.255427 0.922455 0.140968 0.135032
1 0.0659693 0.485142 0.131939 0.154203
1 0.178927 0.964311 0.0917686 0.070967
1 0.484146 0.0818949 0.112496 0.139266
1 0.910646 0.538021 0.118965 0.133674
0 0.252959 0.92212 0.147955 0.136481
0 0.483721 0.0824683 0.112109 0.142663
1 0.0415727 0.460508 0.0827136 0.102724
1 0.826952 0.418871 0.0541689 0.0568494
