1 0.5498 0.870408 0.174089 0.171886
1 0.63835 0.233439 0.194057 0.177111
1 0.237117 0.149463 0.141516 0.161091
1 0.320981 0.0811798 0.160523 0.155995
1 0.772496 0.0986199 0.149982 0.145943
1 0.0699116 0.245212 0.139823 0.195665
1 0.586676 0.330106 0.136147 0.126224
0 0.378348 0.593638 0.165633 0.17885
1 0.149925 0.192071 0.141611 0.150838
1 0.897649 0.898119 0.201993 0.189329
1 0.164186 0.513023 0.139072 0.176515
1 0.883429 0.483851 0.183415 0.156464
1 0.625187 0.777606 0.168648 0.174052
1 0.219637 0.801246 0.173655 0.158912
1 0.818473 0.940105 0.203894 0.11775
1 0.698993 0.681136 0.199441 0.180847
1 0.919406 0.372872 0.161188 0.198155
1 0.955188 0.285998 0.08895 0.131084
1 0.74877 0.562576 0.128116 0.121022
1 0.819819 0.588489 0.147498 0.146464
1 0.506023 0.958312 0.133887 0.0833755
1 0.715943 0.173219 0.171265 0.148708
1 0.405371 0.947291 0.133289 0.103252
1 0.463306 0.482947 0.162871 0.160019
1 0.264929 0.564706 0.144992 0.167615
1 0.0493433 0.516085 0.0984935 0.142146
0 0.264997 0.565099 0.144792 0.166049
1 0.500722 0.394133 0.204482 0.16889
1 0.892992 0.0329798 0.131546 0.065616
1 0.146449 0.875415 0.13907 0.145786
1 0.939156 0.798673 0.120361 0.175913
1 0.077026 0.938245 0.148748 0.123105
1 0.402709 0.037237 0.154368 0.0740206
0 0.0753224 0.937002 0.145963 0.125996
1 0.379496 0.593646 0.168639 0.17786
1 0.537549 0.424835 0.114791 0.108743
1 0.349817 0.976959 0.0951012 0.0458932
0 0.0386219 0.768811 0.0764168 0.138627
