1 0.416134 0.392864 0.173436 0.181367
1 0.2738 0.944226 0.126488 0.111547
0 0.293888 0.677156 0.11009 0.108885
1 0.767609 0.0914908 0.0858781 0.0852891
0 0.186429 0.187204 0.089779 0.0906357
1 0.526809 0.858296 0.115065 0.114798
1 0.377749 0.91878 0.118128 0.112975
1 0.227267 0.796512 0.119962 0.128181
1 0.166411 0.712948 0.112948 0.102074
1 0.346854 0.179679 0.103322 0.101085
0 0.957338 0.0598087 0.0850604 0.118556
0 0.89393 0.543286 0.0959351 0.109732
0 0.0892728 0.548598 0.146239 0.141964
1 0.932833 0.255079 0.132702 0.156296
1 0.0904929 0.547049 0.146948 0.139959
0 0.585219 0.954995 0.0869806 0.0831169
1 0.879777 0.0709454 0.050404 0.0916727
