1 0.625549 0.352038 0.160723 0.179544
1 0.417793 0.500187 0.187305 0.168819
1 0.900638 0.116654 0.198725 0.233308
1 0.923297 0.935297 0.153407 0.12869
1 0.939819 0.38448 0.118375 0.154163
1 0.889791 0.669017 0.161216 0.162855
1 0.783132 0.738755 0.162788 0.175905
1 0.655001 0.628833 0.141644 0.137977
1 0.775465 0.549254 0.177341 0.165618
1 0.686327 0.825499 0.182494 0.19508
1 0.40568 0.806935 0.159203 0.159501
1 0.714945 0.24759 0.188411 0.202037
0 0.225699 0.670435 0.14783 0.174554
1 0.951371 0.552062 0.0960903 0.132026
1 0.877984 0.488505 0.136984 0.132902
1 0.325244 0.572762 0.163272 0.157703
1 0.106263 0.71806 0.109113 0.0951002
1 0.509527 0.402664 0.197166 0.211756
1 0.827576 0.972166 0.093639 0.0552571
3 0.15883 0.862602 0.195505 0.27415
1 0.97336 0.85875 0.0527015 0.112988
0 0.32701 0.573782 0.164549 0.157139
1 0.224352 0.669696 0.148928 0.17338
0 0.952463 0.0523945 0.0943563 0.10477
1 0.973921 0.625349 0.0516331 0.0810313
1 0.800032 0.136928 0.133478 0.120622
1 0.824681 0.172281 0.190176 0.201981
