0 0.0336004 0.467139 0.0672008 0.112349
1 0.171382 0.542339 0.12061 0.121403
0 0.739859 0.858222 0.136952 0.100986
1 0.113677 0.189451 0.0946915 0.0862168
1 0.149977 0.825726 0.101212 0.0993116
1 0.622434 0.283522 0.169944 0.146635
1 0.26362 0.169078 0.128842 0.130229
1 0.729498 0.37046 0.175442 0.167378
1 0.36906 0.904405 0.110051 0.10211
1 0.202936 0.34293 0.140869 0.12173
0 0.815758 0.644874 0.120333 0.107572
1 0.94153 0.79171 0.116663 0.139776
0 0.736372 0.0839905 0.108852 0.104107
0 0.650061 0.572096 0.169007 0.198988
1 0.762943 0.775863 0.1165 0.0974555
0 0.451483 0.797564 0.0642503 0.0535713
1 0.77977 0.971673 0.0998056 0.0563071
0 0.885291 0.211641 0.127579 0.110478
1 0.566392 0.765588 0.133986 0.118824
1 0.582302 0.866421 0.0709438 0.062554
1 0.735648 0.0837977 0.108421 0.103724
1 0.889008 0.945741 0.106683 0.0864115
1 0.352703 0.33931 0.13253 0.146411
0 0.0252169 0.0946879 0.0504338 0.0595054
