2 0.508633 0.792022 0.174041 0.236032
1 0.886922 0.182207 0.102078 0.118542
1 0.879055 0.33639 0.168624 0.14517
1 0.270149 0.856462 0.178652 0.147428
1 0.694701 0.12608 0.0918083 0.097716
1 0.847916 0.560026 0.142941 0.10552
1 0.0483962 0.163734 0.0960156 0.125764
1 0.446361 0.0837164 0.0978984 0.12705
0 0.276628 0.0588342 0.0840682 0.115782
0 0.95956 0.58079 0.0801394 0.136745
1 0.612256 0.113981 0.116361 0.149882
1 0.142693 0.962655 0.0888585 0.0742975
1 0.300112 0.193969 0.0876188 0.0952352
0 0.523564 0.102878 0.0889518 0.12723
0 0.191353 0.0542209 0.0959197 0.107538
1 0.0708552 0.830664 0.104056 0.0971497
1 0.0975047 0.0378288 0.108209 0.0756576
1 0.509457 0.260561 0.0877079 0.119284
1 0.522575 0.102874 0.0881066 0.130126
1 0.95935 0.191915 0.0807235 0.12517
2 0.256284 0.618714 0.19713 0.209086
1 0.906575 0.978123 0.0740285 0.0437124
1 0.354102 0.0540784 0.0952369 0.102084
1 0.982804 0.347673 0.0340981 0.10161
1 0.628023 0.283944 0.14092 0.103113
1 0.82553 0.864212 0.0726271 0.101535
1 0.905989 0.898221 0.0898643 0.085113
1 0.261178 0.617475 0.18798 0.205976
1 0.0295848 0.519589 0.0587234 0.0777506
0 0.35473 0.0552794 0.0963441 0.106982
1 0.294147 0.41221 0.0773163 0.0799059
1 0.0579702 0.969356 0.08428 0.0610888
1 0.0283345 0.421548 0.0561889 0.0602652
1 0.132464 0.171257 0.0865701 0.0895842
1 0.213353 0.176808 0.0974685 0.0968381
0 0.949406 0.686225 0.0967302 0.103793
0 0.0582259 0.968765 0.0841819 0.0620625
1 0.446776 0.231532 0.0753719 0.0793663
