0 0.58613 0.400171 0.10136 0.100057
0 0.859232 0.612809 0.101353 0.0957696
0 0.779108 0.209636 0.103652 0.105054
1 0.623691 0.67939 0.0949085 0.113161
0 0.792728 0.449055 0.115677 0.113912
1 0.374077 0.0686179 0.106721 0.117665
1 0.505724 0.622316 0.107692 0.109945
0 0.866068 0.289377 0.107174 0.113169
1 0.210911 0.712762 0.103271 0.104261
1 0.11686 0.53816 0.186264 0.184889
1 0.81922 0.772867 0.085287 0.07219
1 0.127963 0.710508 0.13012 0.142785
0 0.633473 0.335298 0.123608 0.117731
1 0.229171 0.247801 0.124288 0.0988049
1 0.159617 0.413294 0.129407 0.102044
1 0.2714 0.895954 0.158799 0.154325
1 0.216059 0.83937 0.144273 0.153633
1 0.284914 0.166012 0.182229 0.128134
1 0.931877 0.78622 0.115541 0.11334
1 0.19757 0.323666 0.143121 0.111529
1 0.715119 0.382671 0.117354 0.126214
1 0.450253 0.406225 0.0645912 0.0798434
0 0.908701 0.0326616 0.125729 0.0651447
1 0.353527 0.95068 0.147148 0.0976105
1 0.233391 0.590018 0.0877485 0.0818292
1 0.0423032 0.142699 0.0846064 0.123861
1 0.578998 0.0827715 0.16032 0.164437
1 0.497286 0.420878 0.06668 0.0719002
1 0.293643 0.0569093 0.126537 0.113819
1 0.0606045 0.62551 0.120891 0.140077
2 0.57806 0.0832688 0.159471 0.166087
2 0.928125 0.952491 0.132008 0.0950172
1 0.860277 0.160676 0.0968533 0.0913408
0 0.0436607 0.142287 0.0870339 0.126955
0 0.861627 0.160249 0.0983214 0.0918751
1 0.930014 0.952212 0.132929 0.0948257
1 0.0960944 0.969619 0.111716 0.0602813
