1 0.486305 0.820182 0.116448 0.11099
1 0.56165 0.532773 0.101389 0.120788
0 0.116162 0.399592 0.107246 0.120844
1 0.0685066 0.574687 0.0549771 0.0684764
1 0.434569 0.563222 0.110005 0.0977417
0 0.0232921 0.596221 0.0460531 0.0985011
0 0.546485 0.732516 0.11293 0.0903796
1 0.175879 0.0834863 0.122005 0.125922
1 0.681492 0.868677 0.112375 0.108217
2 0.283419 0.861149 0.237457 0.274003
1 0.342835 0.268044 0.0658816 0.0721969
2 0.0415948 0.764704 0.0831896 0.105574
2 0.124391 0.844907 0.14308 0.135233
1 0.209272 0.153138 0.103201 0.0919236
0 0.854929 0.838174 0.085144 0.105086
1 0.26706 0.113147 0.154892 0.17207
1 0.132651 0.0510312 0.117681 0.100532
1 0.525174 0.393721 0.0934927 0.0769333
1 0.119934 0.532611 0.0825187 0.0801496
1 0.854685 0.837502 0.0841739 0.102401
