2 0.53179 0.241296 0.164356 0.24994
2 0.0695547 0.0675665 0.138377 0.13448
0 0.8814 0.0281072 0.078311 0.0562144
2 0.282988 0.108113 0.147139 0.194464
0 0.979624 0.034614 0.0404572 0.0691602
2 0.0441533 0.228957 0.0870962 0.157541
2 0.231472 0.274313 0.136814 0.176533
1 0.0421032 0.426415 0.082882 0.166506
1 0.0450592 0.228669 0.0893758 0.159267
1 0.113096 0.953419 0.106944 0.092103
0 0.76286 0.0225394 0.0733118 0.0447061
0 0.591494 0.0235421 0.0837406 0.0468136
2 0.591097 0.0232898 0.0828632 0.0461704
1 0.591874 0.0231764 0.0828346 0.0461184
