1 0.0658984 0.542198 0.118316 0.149044
1 0.476759 0.556708 0.133529 0.163332
1 0.709701 0.514256 0.12211 0.136647
1 0.34687 0.447919 0.125616 0.139867
1 0.319627 0.206442 0.127312 0.164356
1 0.0995144 0.322558 0.143221 0.177155
1 0.802152 0.701446 0.129246 0.163311
1 0.477227 0.15799 0.124394 0.154699
0 0.481149 0.342723 0.12375 0.158727
1 0.564751 0.953752 0.119126 0.0920153
1 0.303127 0.657972 0.122075 0.129554
0 0.0413237 0.0523015 0.0826475 0.101375
0 0.261955 0.0456005 0.114219 0.0906229
1 0.0993985 0.961411 0.118343 0.0769118
0 0.100504 0.959932 0.118028 0.0793769
1 0.745502 0.977499 0.121612 0.0447855
