0 0.268739 0.438084 0.151395 0.121895
1 0.271707 0.530176 0.111554 0.0988815
1 0.410952 0.82987 0.119575 0.0996138
1 0.857862 0.781289 0.128947 0.10014
1 0.809938 0.936657 0.128931 0.102009
1 0.0653858 0.650733 0.126544 0.0995088
1 0.442401 0.663343 0.0992484 0.0958991
1 0.948651 0.451902 0.102414 0.122465
0 0.810902 0.239248 0.126965 0.112319
1 0.209755 0.759358 0.101482 0.072834
1 0.901016 0.625109 0.156428 0.11061
1 0.706527 0.490666 0.127058 0.102886
1 0.82684 0.853379 0.123428 0.087628
1 0.884787 0.700135 0.161428 0.114223
1 0.0753321 0.564151 0.116613 0.101616
1 0.436384 0.75412 0.119379 0.107151
1 0.170175 0.93071 0.139282 0.0995966
1 0.670686 0.565165 0.149272 0.103452
1 0.409031 0.913759 0.15745 0.110426
0 0.777597 0.323288 0.138343 0.108966
1 0.680852 0.648167 0.135884 0.0967417
0 0.133051 0.398324 0.14144 0.11128
1 0.5373 0.342341 0.127349 0.105556
1 0.175503 0.846512 0.164507 0.103208
1 0.918088 0.525497 0.133008 0.129632
1 0.587235 0.886767 0.141605 0.104103
1 0.654584 0.1543 0.127925 0.107084
1 0.612916 0.804912 0.145773 0.114951
1 0.970729 0.353632 0.0578589 0.102626
1 0.652653 0.730566 0.122826 0.0938102
0 0.731965 0.400619 0.138846 0.125898
0 0.58405 0.956613 0.123851 0.0867221
1 0.0904108 0.483377 0.12234 0.0984187
1 0.029297 0.968374 0.0585941 0.0618474
1 0.523602 0.433369 0.126705 0.108326
1 0.963968 0.967227 0.0717766 0.0655456
1 0.216325 0.688177 0.120088 0.0882771
1 0.141651 0.979837 0.139113 0.0401042
1 0.978102 0.725007 0.043538 0.102264
1 0.0278076 0.89839 0.0551228 0.0896692
0 0.247521 0.601721 0.105463 0.0810134
1 0.730686 0.400444 0.13963 0.126262
1 0.862803 0.177474 0.125042 0.111382
0 0.486216 0.498292 0.108773 0.0776802
1 0.121563 0.396131 0.11341 0.102999
0 0.61648 0.802671 0.146029 0.112497
0 0.724114 0.0805514 0.19072 0.154974
0 0.964146 0.967278 0.0711043 0.0654411
1 0.802158 0.986586 0.103116 0.0265393
1 0.611436 0.367544 0.0617336 0.0757164
