0 0.491345 0.0461115 0.0920438 0.0920475
0 0.852879 0.174477 0.0908875 0.0728837
1 0.636417 0.144253 0.0837871 0.103941
1 0.645127 0.246028 0.0920248 0.0845799
0 0.229042 0.0624287 0.0639117 0.123355
3 0.0908806 0.491335 0.118111 0.230804
0 0.168791 0.062739 0.074962 0.124772
1 0.0914197 0.837304 0.0844279 0.0765007
1 0.069889 0.929358 0.118261 0.0913762
0 0.360252 0.0446535 0.0718422 0.0882722
2 0.158153 0.711583 0.0838904 0.132115
1 0.0442132 0.250077 0.0793933 0.121674
1 0.0861882 0.0690348 0.0896916 0.135678
1 0.953153 0.332103 0.0935862 0.133824
1 0.745445 0.0731482 0.0757017 0.0692044
0 0.0249628 0.0923269 0.0495566 0.114698
2 0.784199 0.393953 0.0922009 0.138173
0 0.421661 0.0531094 0.0561384 0.105016
1 0.291615 0.0559671 0.0651419 0.111934
1 0.540712 0.246552 0.110332 0.12099
0 0.446437 0.226186 0.0640058 0.11757
0 0.561581 0.0254696 0.0719483 0.0508569
0 0.732199 0.109886 0.10711 0.151033
2 0.779239 0.822231 0.10739 0.172201
1 0.530381 0.429393 0.0900774 0.0928556
2 0.53024 0.42895 0.0894015 0.0925192
1 0.361445 0.266146 0.109271 0.144519
0 0.290846 0.0565385 0.0631151 0.111837
1 0.0206879 0.715374 0.041222 0.0805614
1 0.61664 0.628734 0.0701188 0.0823381
0 0.362634 0.265863 0.10985 0.147127
1 0.41941 0.0533657 0.0587943 0.104949
0 0.844281 0.0536461 0.0886506 0.0740658
1 0.1203 0.252221 0.0853764 0.146515
1 0.869557 0.245937 0.12671 0.079525
0 0.216756 0.242705 0.082277 0.133048
2 0.285971 0.891629 0.0830914 0.174791
2 0.542269 0.248272 0.116827 0.130968
0 0.0265396 0.57372 0.0530793 0.119784
