0 0.938425 0.86463 0.122629 0.105976
1 0.938924 0.76704 0.121186 0.0982859
1 0.649443 0.109075 0.0849172 0.115707
1 0.929451 0.668571 0.138592 0.0998143
1 0.439654 0.510891 0.119333 0.135798
1 0.419922 0.72421 0.132552 0.100353
1 0.720075 0.471066 0.113308 0.148315
1 0.574822 0.799663 0.168349 0.104562
1 0.784158 0.679833 0.134838 0.103868
1 0.444415 0.89962 0.141639 0.0809345
1 0.796367 0.775101 0.11854 0.0822266
1 0.806568 0.866678 0.143295 0.126745
1 0.537168 0.351061 0.130104 0.140843
0 0.551324 0.70589 0.143925 0.104497
1 0.436031 0.0335563 0.0899389 0.066615
1 0.541537 0.489918 0.115012 0.132251
1 0.58473 0.885935 0.117593 0.0707648
1 0.725762 0.100423 0.0796776 0.123255
1 0.841449 0.11332 0.145952 0.0970725
1 0.823611 0.45282 0.0930841 0.136727
1 0.817281 0.0322252 0.102321 0.0642996
1 0.716366 0.331672 0.0956888 0.131516
1 0.379183 0.114477 0.138014 0.0934701
1 0.635946 0.341499 0.0877349 0.137885
1 0.348558 0.403716 0.179707 0.107838
1 0.90587 0.441764 0.0986307 0.124387
1 0.433476 0.824509 0.123928 0.0823606
1 0.3214 0.518817 0.11627 0.12652
1 0.546356 0.111288 0.136602 0.140475
1 0.336026 0.0260924 0.0964057 0.0519026
1 0.345999 0.309048 0.139201 0.0729176
1 0.805582 0.31773 0.0785317 0.135752
1 0.335181 0.22206 0.155562 0.10293
1 0.617239 0.016303 0.0884323 0.0324972
1 0.628368 0.485514 0.0954592 0.128783
1 0.89344 0.310331 0.0735214 0.131076
1 0.552182 0.708216 0.154585 0.103305
1 0.931331 0.968041 0.135885 0.0632594
1 0.449573 0.982804 0.116484 0.0340487
1 0.545641 0.0245979 0.0661235 0.0487582
0 0.0169976 0.909211 0.0330435 0.117166
