1 0.506369 0.784469 0.136149 0.126504
1 0.072339 0.362842 0.144678 0.137286
1 0.300977 0.711341 0.163153 0.146315
1 0.0697899 0.761786 0.129126 0.123343
1 0.481306 0.203433 0.138914 0.130059
1 0.717181 0.134563 0.107003 0.113731
1 0.419277 0.927938 0.161656 0.139848
1 0.620317 0.651303 0.14629 0.149342
1 0.271995 0.482227 0.123043 0.123941
1 0.418546 0.264308 0.131385 0.12675
1 0.818705 0.365135 0.108225 0.110527
1 0.223571 0.549148 0.125304 0.119607
1 0.800061 0.667277 0.136109 0.129691
1 0.171949 0.619733 0.143287 0.132458
1 0.459119 0.857333 0.114592 0.114898
1 0.52898 0.13432 0.130684 0.124137
1 0.705278 0.507499 0.128703 0.13077
1 0.0652265 0.146672 0.130453 0.133275
1 0.64413 0.883342 0.127064 0.117244
1 0.234775 0.157525 0.130251 0.128198
1 0.922951 0.176217 0.142224 0.150108
1 0.600217 0.287638 0.137656 0.121615
1 0.179366 0.222582 0.129417 0.123858
1 0.908655 0.539076 0.110475 0.112206
1 0.121661 0.692072 0.124184 0.125297
1 0.284802 0.0736996 0.147027 0.147399
1 0.746598 0.739815 0.149073 0.133511
1 0.41041 0.572788 0.12354 0.117849
1 0.101059 0.0723254 0.13118 0.133833
1 0.330858 0.417824 0.148103 0.141765
1 0.849666 0.605218 0.110175 0.104261
1 0.120437 0.284372 0.151322 0.137299
1 0.673549 0.584292 0.132335 0.136165
1 0.154218 0.92529 0.113134 0.108026
1 0.345936 0.63465 0.127817 0.124123
1 0.200612 0.847968 0.132111 0.130656
1 0.49516 0.429393 0.146816 0.140248
1 0.928405 0.446888 0.14238 0.156108
1 0.0492439 0.442683 0.0984878 0.0958489
1 0.556612 0.708499 0.138093 0.123036
1 0.248817 0.786239 0.108814 0.101593
1 0.607124 0.940468 0.142534 0.119065
1 0.545611 0.349366 0.143182 0.138602
1 0.449141 0.502579 0.134257 0.148775
1 0.692628 0.800671 0.153288 0.148567
1 0.373196 0.333315 0.117782 0.102914
1 0.0393063 0.837302 0.0784657 0.128118
1 0.0896843 0.954055 0.174609 0.0899334
1 0.0213379 0.922667 0.0424076 0.0942585
1 0.650831 0.214319 0.101225 0.107635
1 0.839695 0.133773 0.150355 0.119216
1 0.967322 0.218514 0.0648558 0.12339
1 0.870188 0.394394 0.0849335 0.0986394
1 0.525432 0.978683 0.0778807 0.0422727
0 0.573998 0.0404153 0.0833297 0.0773414
1 0.360214 0.968762 0.125985 0.0622069
1 0.0402058 0.214083 0.0794833 0.117567
1 0.328237 0.0324233 0.120898 0.0644931
1 0.0220847 0.511939 0.0435639 0.0813545
