0 0.557113 0.740732 0.0962557 0.097445
0 0.309372 0.754322 0.0624279 0.0629864
1 0.809614 0.789745 0.111748 0.11483
1 0.412841 0.712022 0.0794801 0.0789714
1 0.676649 0.944111 0.124961 0.111778
1 0.571134 0.892746 0.0952995 0.0964444
1 0.828844 0.522538 0.0723685 0.074134
1 0.425987 0.43166 0.104376 0.120574
1 0.75017 0.854016 0.114644 0.110739
1 0.819658 0.357435 0.163513 0.15601
1 0.715203 0.905957 0.125168 0.120315
1 0.653792 0.76328 0.0851115 0.0947762
0 0.363522 0.661188 0.105161 0.0913939
0 0.583917 0.621955 0.1582 0.147579
1 0.874962 0.237773 0.0923049 0.0944082
2 0.218353 0.0876962 0.122859 0.123661
1 0.615627 0.156258 0.102558 0.111654
0 0.470748 0.955655 0.0993115 0.0872159
1 0.740036 0.245546 0.0919281 0.0903213
1 0.680535 0.209228 0.0817552 0.0796776
1 0.432536 0.798301 0.109441 0.102036
3 0.100273 0.823017 0.198005 0.351897
0 0.743203 0.497277 0.0945308 0.0852274
1 0.846986 0.283891 0.0616932 0.057252
0 0.337754 0.913363 0.0990301 0.0740447
1 0.961724 0.649507 0.0743551 0.0841423
1 0.704381 0.54404 0.101824 0.10174
1 0.667747 0.338118 0.107223 0.101223
0 0.778849 0.602637 0.11138 0.11033
0 0.361814 0.310575 0.0950324 0.107741
0 0.55057 0.410963 0.0840945 0.0828653
1 0.537172 0.0763203 0.102967 0.0990383
0 0.196247 0.262006 0.0771739 0.084396
1 0.495515 0.698066 0.104998 0.0972438
1 0.606052 0.274434 0.0908408 0.0975465
0 0.459459 0.563236 0.110211 0.118563
0 0.332807 0.854079 0.088367 0.0787339
0 0.384706 0.17658 0.080054 0.10237
1 0.499301 0.510682 0.123328 0.138089
1 0.42817 0.593721 0.0618351 0.0671601
0 0.393543 0.054411 0.115457 0.108088
1 0.964345 0.358798 0.0695007 0.0873291
1 0.628114 0.84313 0.0984024 0.0924609
0 0.711921 0.682432 0.106621 0.108431
1 0.36464 0.456039 0.0696459 0.0755271
0 0.492695 0.696607 0.110044 0.0991527
0 0.528686 0.218579 0.0682137 0.0698155
0 0.921781 0.304374 0.120117 0.126071
0 0.575618 0.318987 0.0941124 0.0990728
0 0.545713 0.214194 0.102064 0.0959558
1 0.702005 0.286014 0.0899699 0.0898577
0 0.964707 0.361236 0.0704169 0.0900785
1 0.474172 0.116749 0.0855596 0.0787985
2 0.119918 0.293429 0.104323 0.0872617
1 0.707707 0.688532 0.11208 0.118487
1 0.772473 0.43835 0.124136 0.133028
0 0.364926 0.456364 0.0694979 0.0752261
1 0.744922 0.497338 0.092572 0.0878541
3 0.152311 0.435355 0.294459 0.254453
1 0.694379 0.0712804 0.1308 0.141287
2 0.295054 0.0442458 0.141473 0.0869152
1 0.26496 0.185456 0.0531577 0.046255
1 0.37365 0.989568 0.0703216 0.0208638
