1 0.884895 0.932639 0.135675 0.0813258
0 0.789093 0.048886 0.100324 0.0968682
1 0.202823 0.920875 0.151748 0.100991
1 0.258617 0.330485 0.13792 0.118825
1 0.205261 0.665342 0.139606 0.0863402
0 0.0447102 0.298464 0.0887575 0.147315
1 0.672027 0.770887 0.147191 0.0876989
1 0.217281 0.584629 0.157496 0.0833868
1 0.192881 0.75106 0.134114 0.0878859
1 0.90046 0.676293 0.114243 0.088225
1 0.239203 0.416818 0.154321 0.102912
1 0.604888 0.0383272 0.0877004 0.0761691
1 0.893395 0.588836 0.147327 0.0950165
1 0.430058 0.859874 0.134289 0.094651
1 0.6833 0.845082 0.157965 0.0853454
1 0.225689 0.495263 0.151813 0.100516
1 0.878499 0.848504 0.150132 0.081032
1 0.66459 0.938118 0.106664 0.0906495
1 0.44966 0.940753 0.0961673 0.0783353
0 0.0261897 0.464647 0.0516255 0.108175
1 0.88506 0.764824 0.138418 0.0774312
1 0.425417 0.578807 0.154268 0.0948446
0 0.183776 0.82847 0.124041 0.0672147
1 0.671662 0.591555 0.118505 0.0797213
1 0.554341 0.186707 0.0901071 0.128602
1 0.470699 0.175746 0.121772 0.13107
1 0.454516 0.490113 0.12485 0.072719
1 0.97099 0.2019 0.0572298 0.0954371
1 0.702537 0.430594 0.140448 0.0899097
1 0.808943 0.216328 0.084819 0.162941
1 0.29053 0.152834 0.145462 0.132016
1 0.431154 0.674931 0.138741 0.101549
1 0.764582 0.977362 0.0683722 0.045217
0 0.690713 0.0524671 0.0813274 0.104934
0 0.528118 0.0306398 0.0774088 0.0609689
0 0.464882 0.39876 0.111001 0.083228
1 0.42649 0.764281 0.136399 0.0772865
1 0.902946 0.417896 0.159072 0.115961
1 0.63779 0.19843 0.0963039 0.127919
1 0.902575 0.215105 0.0712044 0.0936774
0 0.663502 0.676164 0.128912 0.0948125
0 0.87728 0.0513402 0.0957384 0.102121
0 0.903876 0.418405 0.161776 0.119564
1 0.683489 0.98399 0.108112 0.0320191
1 0.316539 0.0419383 0.160116 0.0838252
1 0.727475 0.200867 0.0737472 0.123271
1 0.887671 0.989507 0.164052 0.020704
1 0.685263 0.512304 0.10036 0.0741593
1 0.0215807 0.0492451 0.0429302 0.0984902
1 0.95997 0.044222 0.0784237 0.088281
0 0.915022 0.513367 0.110687 0.0855757
1 0.915364 0.514675 0.112813 0.0854796
1 0.00709435 0.652946 0.0137592 0.0623679
