2 0.534222 0.168199 0.245918 0.214951
1 0.864061 0.621907 0.140893 0.117124
0 0.668149 0.465922 0.133293 0.12141
0 0.32514 0.837405 0.102283 0.1181
1 0.752882 0.926965 0.146983 0.122465
1 0.718899 0.663562 0.135292 0.10029
1 0.878654 0.799283 0.135401 0.0978696
1 0.738773 0.753587 0.112044 0.0917127
1 0.304247 0.12108 0.0934241 0.0881359
1 0.20081 0.833 0.132237 0.103673
1 0.0493877 0.405599 0.0986187 0.0932272
1 0.898171 0.896826 0.141203 0.0977583
1 0.447157 0.415661 0.0860589 0.136575
1 0.740863 0.829031 0.0991678 0.0624416
0 0.199232 0.69626 0.121927 0.126127
1 0.897014 0.971802 0.139073 0.0562108
1 0.873005 0.7128 0.134261 0.0802797
1 0.325053 0.688834 0.0920236 0.113897
1 0.715621 0.563447 0.129323 0.101841
1 0.0354594 0.142808 0.0706268 0.109901
1 0.364904 0.439162 0.106129 0.135739
1 0.0385887 0.674271 0.0769245 0.0882521
1 0.42736 0.820995 0.110366 0.119239
0 0.577138 0.431415 0.111382 0.113425
0 0.325117 0.688197 0.0896573 0.112799
1 0.0439003 0.323733 0.0874889 0.0816688
1 0.0360157 0.229383 0.071711 0.0635924
0 0.714463 0.563412 0.132395 0.102041
1 0.197934 0.696416 0.123868 0.122569
1 0.764189 0.987961 0.11123 0.0239577
