1 0.171894 0.655299 0.156979 0.139666
1 0.0804881 0.807298 0.118007 0.116479
1 0.0423084 0.603367 0.0845762 0.113571
1 0.302891 0.860394 0.118279 0.132713
1 0.505251 0.6499 0.176269 0.162586
1 0.118761 0.727525 0.142235 0.135488
1 0.0719856 0.53408 0.121542 0.121233
1 0.87248 0.645148 0.163085 0.183316
1 0.0457157 0.874499 0.0914314 0.114328
1 0.760665 0.813673 0.125 0.130842
1 0.505125 0.150162 0.14216 0.128999
1 0.45432 0.726101 0.155032 0.145874
1 0.538933 0.0746936 0.139483 0.130186
1 0.464396 0.244633 0.137045 0.131512
1 0.739336 0.203098 0.116849 0.162599
1 0.629775 0.47443 0.176174 0.158602
1 0.677124 0.744594 0.103359 0.120749
1 0.966107 0.0385597 0.0676777 0.0771194
1 0.335074 0.446521 0.13407 0.163168
1 0.0335988 0.698264 0.0671976 0.100153
0 0.7528 0.554977 0.099942 0.130965
0 0.588787 0.0368217 0.1234 0.0734511
1 0.0234236 0.9563 0.0464032 0.0858045
1 0.212963 0.592164 0.119929 0.113147
1 0.956457 0.297139 0.0846765 0.0989508
1 0.119556 0.468262 0.105067 0.123126
1 0.526433 0.952421 0.135431 0.094372
0 0.678856 0.390873 0.177781 0.139404
1 0.678111 0.390433 0.177391 0.139455
1 0.363565 0.874225 0.0762815 0.0807717
0 0.862752 0.936285 0.128024 0.127429
1 0.739527 0.974685 0.108321 0.0503061
0 0.808824 0.570477 0.124035 0.11532
1 0.278467 0.0691406 0.109227 0.106425
1 0.805947 0.211718 0.112113 0.140888
0 0.617015 0.724319 0.117158 0.130852
1 0.170101 0.035367 0.10087 0.0702451
1 0.840805 0.308714 0.0595828 0.0594602
