1 0.895202 0.661027 0.165387 0.152927
1 0.481965 0.845987 0.100895 0.110665
1 0.305532 0.665043 0.119958 0.117713
1 0.203636 0.734515 0.113377 0.0905161
1 0.578128 0.416053 0.105686 0.113545
1 0.799085 0.456259 0.102853 0.10315
1 0.456695 0.517073 0.105215 0.117985
1 0.71683 0.326605 0.116281 0.133429
0 0.114792 0.771808 0.102899 0.0909715
1 0.278491 0.896886 0.124025 0.119805
1 0.582881 0.974673 0.0782204 0.0501895
1 0.637541 0.17371 0.0671213 0.0819173
1 0.853249 0.222132 0.173524 0.126471
0 0.844009 0.915461 0.113704 0.0993499
1 0.509276 0.128407 0.0712597 0.0760815
0 0.960743 0.428025 0.0783234 0.117412
1 0.413915 0.283261 0.0867254 0.152966
1 0.37913 0.587411 0.128029 0.123133
0 0.379284 0.587426 0.129175 0.119464
1 0.846679 0.914243 0.113188 0.101055
0 0.377044 0.968053 0.169037 0.0633063
0 0.716069 0.32603 0.116997 0.138159
1 0.960219 0.42749 0.0782491 0.117388
