1 0.262367 0.327532 0.113075 0.114201
1 0.383455 0.312244 0.118535 0.125117
1 0.236412 0.108839 0.12506 0.129506
1 0.291828 0.455578 0.104961 0.111529
0 0.0301341 0.138505 0.0602682 0.119791
1 0.121208 0.134411 0.122423 0.116246
1 0.141969 0.344103 0.113432 0.0953263
1 0.624226 0.209411 0.159266 0.158238
2 0.813595 0.530594 0.147519 0.136269
1 0.743161 0.41752 0.123267 0.131657
1 0.360615 0.0906769 0.121968 0.120682
1 0.160679 0.467259 0.126683 0.115302
0 0.383875 0.46473 0.095224 0.116423
1 0.488404 0.401153 0.168034 0.144428
2 0.946828 0.948785 0.105208 0.101523
0 0.1103 0.908173 0.141303 0.133677
1 0.513877 0.1 0.121183 0.131366
2 0.831281 0.667682 0.102088 0.124615
1 0.69041 0.330159 0.116625 0.103197
1 0.74976 0.0972387 0.0792285 0.0574891
0 0.778301 0.0362012 0.12 0.0723159
1 0.502481 0.678114 0.124074 0.116598
1 0.542442 0.515648 0.161859 0.163147
2 0.50291 0.677221 0.122779 0.117334
1 0.0375185 0.35709 0.0750371 0.101265
0 0.362292 0.0901699 0.121855 0.119196
