0 0.865211 0.0991741 0.133211 0.131394
1 0.638417 0.189978 0.107457 0.115238
1 0.511715 0.81006 0.072602 0.0826569
0 0.68396 0.881328 0.0637839 0.0930027
1 0.521719 0.945889 0.120052 0.108222
1 0.816736 0.363169 0.0953858 0.0766822
0 0.843612 0.570947 0.10394 0.107517
1 0.685152 0.614657 0.0852944 0.0978105
1 0.844655 0.912846 0.101557 0.0960652
2 0.225854 0.910362 0.169063 0.132293
1 0.793877 0.73553 0.0929263 0.0937909
1 0.224492 0.91042 0.166183 0.132549
1 0.983057 0.951046 0.0330722 0.0978792
0 0.678635 0.319392 0.0790505 0.0807582
