1 0.909565 0.705518 0.105198 0.0919225
1 0.236105 0.812906 0.0713951 0.0951314
0 0.744299 0.233939 0.0913742 0.0884677
1 0.59583 0.270882 0.0618008 0.0623231
1 0.227987 0.669259 0.0972981 0.127747
1 0.11533 0.22732 0.129411 0.120089
1 0.0511201 0.546291 0.10224 0.125293
1 0.81043 0.668417 0.0992473 0.0911231
1 0.0821334 0.872895 0.0877514 0.120686
0 0.452898 0.706091 0.097729 0.0734535
1 0.220961 0.220024 0.070854 0.0729614
0 0.328388 0.408494 0.116862 0.10773
1 0.327706 0.409467 0.120103 0.108727
1 0.986865 0.729008 0.0259846 0.0716155
0 0.958261 0.573955 0.0807562 0.0696967
