2 0.9103 0.612159 0.178451 0.217441
0 0.191007 0.172127 0.135796 0.106101
1 0.750882 0.146757 0.12 0.117812
1 0.40454 0.064952 0.157067 0.129904
1 0.148597 0.0852788 0.141898 0.118877
1 0.356123 0.726622 0.0941328 0.11428
1 0.443423 0.697862 0.102929 0.142435
1 0.194634 0.956493 0.141707 0.0865685
1 0.0618127 0.594103 0.116327 0.12143
1 0.0512761 0.196197 0.101686 0.115924
1 0.415264 0.52784 0.100607 0.126184
1 0.617008 0.670191 0.107504 0.124985
1 0.539482 0.264544 0.092128 0.126902
1 0.591455 0.500227 0.0995865 0.137165
1 0.241531 0.343076 0.118406 0.0939159
1 0.742382 0.89459 0.106994 0.142063
1 0.228863 0.250278 0.127414 0.106146
1 0.565177 0.926044 0.109627 0.142622
1 0.318132 0.546995 0.110542 0.122543
1 0.27196 0.74242 0.105244 0.139691
1 0.154019 0.569118 0.0909152 0.108976
1 0.674392 0.490887 0.098325 0.141746
1 0.345486 0.930293 0.161339 0.130111
1 0.449105 0.279555 0.111518 0.142159
1 0.531143 0.692912 0.0951625 0.142214
1 0.182113 0.744193 0.0990153 0.138396
1 0.0679086 0.282784 0.135095 0.111288
1 0.24542 0.563023 0.0964982 0.130135
0 0.720853 0.644511 0.149072 0.144548
1 0.0310646 0.775134 0.0621293 0.133259
1 0.491163 0.51287 0.106214 0.114062
1 0.682409 0.0487756 0.148515 0.0963014
1 0.43267 0.145504 0.159965 0.133619
1 0.121924 0.0342094 0.147112 0.0679505
1 0.101067 0.769599 0.0986421 0.117492
0 0.432176 0.144707 0.156253 0.132413
1 0.661168 0.903385 0.0967071 0.136542
1 0.0343881 0.108895 0.0687643 0.104514
0 0.619007 0.24854 0.113748 0.134412
1 0.751582 0.984173 0.125365 0.0313151
0 0.659744 0.900736 0.096247 0.135453
1 0.618635 0.248724 0.113741 0.131943
0 0.0897244 0.382054 0.16701 0.126292
1 0.69875 0.021018 0.110834 0.0418692
0 0.929625 0.036036 0.129909 0.0717339
1 0.01795 0.636643 0.0355702 0.081823
1 0.368419 0.986016 0.110907 0.0274634
