1 0.679797 0.879485 0.130125 0.121175
1 0.578901 0.62627 0.114547 0.133245
1 0.27391 0.244852 0.135122 0.160514
1 0.75822 0.0619948 0.125084 0.121103
1 0.714175 0.479133 0.105728 0.101091
1 0.819394 0.908544 0.0975776 0.0846472
0 0.597221 0.74842 0.133794 0.118688
1 0.864612 0.806458 0.0960171 0.104967
1 0.783147 0.588023 0.0945801 0.0668898
1 0.202551 0.642322 0.186684 0.187731
1 0.894524 0.72168 0.0914325 0.0829753
0 0.734155 0.390117 0.101487 0.108265
1 0.72081 0.980214 0.0978314 0.039072
1 0.885195 0.33922 0.110289 0.109147
1 0.726821 0.287302 0.12534 0.099214
1 0.733064 0.389409 0.101939 0.112274
1 0.321762 0.93184 0.146189 0.135386
1 0.0927052 0.830943 0.185144 0.237624
1 0.84428 0.507511 0.066855 0.0744354
1 0.964539 0.0613213 0.0702722 0.120508
1 0.364503 0.484816 0.0938832 0.140446
0 0.191146 0.460699 0.0895563 0.100999
