2 0.316352 0.896895 0.253287 0.205757
1 0.298185 0.224219 0.136496 0.134328
0 0.193206 0.647026 0.114999 0.101581
1 0.254629 0.469228 0.146898 0.116269
1 0.182314 0.264002 0.114626 0.128397
1 0.460706 0.41938 0.142015 0.121057
0 0.831135 0.35074 0.13448 0.100261
1 0.421702 0.161911 0.116293 0.139966
2 0.787823 0.641499 0.420564 0.235587
1 0.0617436 0.248168 0.123123 0.178892
1 0.833804 0.930096 0.112085 0.101119
2 0.84099 0.841067 0.259254 0.0876482
1 0.53351 0.131129 0.135857 0.160601
1 0.428411 0.526158 0.088253 0.0709443
1 0.968765 0.188853 0.0615026 0.110073
1 0.930803 0.471634 0.084775 0.0777055
1 0.0355853 0.130175 0.0711707 0.069639
2 0.939501 0.0794338 0.120086 0.157822
3 0.940292 0.0787255 0.117762 0.157149
0 0.932402 0.471588 0.0854414 0.0779243
1 0.110599 0.169369 0.0520774 0.0490299
2 0.599583 0.903203 0.160597 0.191934
1 0.52287 0.0349334 0.137795 0.0694121
