1 0.8977 0.919102 0.149664 0.155782
0 0.953858 0.217609 0.0921327 0.126636
1 0.118751 0.400577 0.128709 0.171272
1 0.453745 0.845213 0.208433 0.191363
1 0.781155 0.214413 0.184361 0.151819
1 0.395147 0.47152 0.198808 0.165742
1 0.60976 0.255439 0.135969 0.111377
0 0.266665 0.770833 0.169065 0.178402
1 0.653334 0.859156 0.180198 0.144732
1 0.40732 0.251351 0.187487 0.131231
1 0.181156 0.225408 0.184417 0.161266
1 0.0744319 0.871059 0.148154 0.168254
1 0.293438 0.951707 0.162507 0.0955467
1 0.19346 0.442949 0.10085 0.106033
0 0.600167 0.50755 0.19188 0.16274
1 0.813352 0.531227 0.193945 0.155595
1 0.26617 0.768928 0.173673 0.175295
0 0.02577 0.686428 0.0513712 0.16385
1 0.58961 0.0279392 0.129516 0.0555425
