1 0.194056 0.165099 0.147494 0.0757752
1 0.607625 0.869877 0.139363 0.0802271
1 0.730015 0.425556 0.111774 0.0751765
1 0.767046 0.936785 0.148099 0.076811
1 0.744879 0.790856 0.117132 0.0709145
1 0.570728 0.218264 0.132403 0.0714906
1 0.224876 0.813994 0.120026 0.0671332
1 0.389468 0.879689 0.134439 0.0685844
1 0.947435 0.413256 0.104372 0.0781901
1 0.739021 0.346831 0.138608 0.0729188
1 0.733537 0.721146 0.139169 0.0694585
1 0.233144 0.95611 0.132201 0.071542
1 0.368751 0.603183 0.115259 0.0643837
1 0.228414 0.671748 0.13739 0.0848007
1 0.364339 0.295004 0.131128 0.0693452
1 0.723393 0.210345 0.11606 0.0700366
1 0.956562 0.928212 0.0855019 0.0723037
1 0.703524 0.0713732 0.134958 0.0752909
1 0.580864 0.432898 0.115497 0.0719583
1 0.196029 0.449524 0.11711 0.0703678
1 0.17365 0.0318932 0.115874 0.0635992
1 0.599213 0.798924 0.129658 0.0743853
1 0.372207 0.669951 0.118732 0.0671489
1 0.356351 0.409384 0.160716 0.156694
1 0.593313 0.729034 0.112291 0.0747867
1 0.178076 0.303537 0.12988 0.0709745
1 0.383995 0.951386 0.124909 0.0732527
1 0.56123 0.0821974 0.115346 0.0866277
1 0.227668 0.886286 0.126429 0.0733925
1 0.595852 0.653245 0.128287 0.0822746
1 0.381651 0.736392 0.130922 0.0735821
1 0.378493 0.809475 0.117166 0.0722461
1 0.601722 0.941454 0.122977 0.0694021
1 0.760496 0.863416 0.142213 0.0712636
1 0.576092 0.355707 0.127396 0.0726061
1 0.592523 0.589896 0.104113 0.0589356
1 0.711905 0.138948 0.123664 0.0649967
1 0.361474 0.153713 0.125404 0.069604
1 0.347727 0.054717 0.116455 0.107291
1 0.360475 0.223605 0.126849 0.0675676
1 0.954555 0.854158 0.0906924 0.0749018
1 0.182329 0.375223 0.125278 0.0710407
1 0.565082 0.286842 0.13679 0.068218
1 0.952688 0.782226 0.0940783 0.0711107
1 0.949449 0.64125 0.100758 0.0724535
1 0.728142 0.278568 0.124677 0.0622671
1 0.930724 0.12769 0.136393 0.0766201
1 0.177601 0.0916085 0.11688 0.0620561
1 0.950465 0.581655 0.0981622 0.0739605
1 0.559403 0.0191328 0.109684 0.037649
1 0.218006 0.604998 0.122578 0.0599396
1 0.93358 0.0544923 0.126433 0.069061
1 0.934113 0.200342 0.129021 0.0762543
1 0.944029 0.70921 0.111941 0.0692763
1 0.936247 0.272689 0.116317 0.0742332
1 0.216782 0.744547 0.117269 0.0612829
1 0.606018 0.986032 0.113294 0.0276356
1 0.0203695 0.688619 0.0405033 0.0793923
1 0.714269 0.0151656 0.114068 0.0300861
1 0.0304447 0.967824 0.0602108 0.0628173
1 0.761863 0.985963 0.163735 0.0275285
1 0.381569 0.993945 0.144007 0.0117364
1 0.0331938 0.830769 0.06569 0.0771636
1 0.0254395 0.405125 0.0504629 0.0892408
1 0.931263 0.010642 0.116688 0.0212179
1 0.945233 0.981563 0.10781 0.0368742
