1 0.580363 0.650223 0.150215 0.0831062
1 0.117335 0.928714 0.13806 0.0955467
1 0.583908 0.472016 0.123663 0.0914463
1 0.579807 0.740884 0.135051 0.0859113
1 0.573723 0.372271 0.126151 0.0863975
1 0.582965 0.922269 0.142274 0.0896237
1 0.786322 0.471063 0.117638 0.079616
1 0.119569 0.838278 0.132588 0.0919654
1 0.104708 0.730081 0.158632 0.119671
1 0.777663 0.741921 0.157031 0.0798469
1 0.327512 0.851679 0.163722 0.0825012
1 0.333447 0.669766 0.119918 0.0750313
0 0.847252 0.0263258 0.103095 0.0523422
1 0.573727 0.559544 0.128069 0.0790009
1 0.316461 0.937669 0.169432 0.081883
1 0.789209 0.652426 0.154352 0.0842426
1 0.939447 0.0459368 0.116319 0.0918735
1 0.78592 0.833569 0.151634 0.0876173
1 0.587198 0.829254 0.155931 0.0846153
1 0.336583 0.760094 0.137132 0.0802495
1 0.782703 0.563246 0.141786 0.0845935
1 0.318037 0.584723 0.166649 0.0822053
1 0.756615 0.356429 0.146104 0.0848951
1 0.797016 0.919008 0.140115 0.0723647
1 0.58267 0.983961 0.140335 0.0319679
1 0.985068 0.563168 0.0297164 0.0826068
1 0.804463 0.983234 0.136959 0.0333012
1 0.985107 0.654465 0.0295258 0.0856099
1 0.331343 0.990335 0.137834 0.0190138
1 0.671739 0.270197 0.0438151 0.0584176
1 0.987894 0.921286 0.0239329 0.0828232
1 0.11508 0.986752 0.129811 0.0262437
1 0.983557 0.743138 0.0326002 0.0847166
