2 0.539234 0.892608 0.131918 0.162651
2 0.273866 0.856809 0.19815 0.210083
2 0.860382 0.51276 0.207354 0.21991
2 0.156876 0.764782 0.164059 0.135169
2 0.469199 0.363647 0.199727 0.174033
2 0.733769 0.943344 0.161472 0.11246
1 0.13082 0.480889 0.154958 0.173545
1 0.258241 0.536646 0.139576 0.154844
3 0.883911 0.239775 0.229736 0.474959
2 0.257296 0.537263 0.136344 0.155742
2 0.238079 0.0946203 0.300604 0.187968
0 0.0623484 0.30151 0.121867 0.197074
1 0.176573 0.313425 0.147927 0.180587
2 0.131148 0.481205 0.156915 0.174252
1 0.268164 0.0466348 0.16328 0.0930072
2 0.374085 0.574749 0.186624 0.262461
0 0.328799 0.324566 0.13457 0.160333
