1 0.67746 0.799653 0.129112 0.130105
1 0.612418 0.0808736 0.124913 0.107837
1 0.63141 0.965437 0.116946 0.0688063
1 0.734101 0.962116 0.100656 0.0752244
1 0.69533 0.24759 0.143531 0.119924
1 0.213457 0.901593 0.149179 0.112235
1 0.91986 0.938568 0.135779 0.121592
1 0.53735 0.230132 0.118607 0.103642
1 0.311267 0.832742 0.10437 0.132787
1 0.588185 0.152363 0.150114 0.123047
1 0.941836 0.627259 0.114938 0.124877
1 0.859149 0.676442 0.116846 0.134976
1 0.853053 0.0482197 0.139107 0.0959596
1 0.892709 0.300319 0.140735 0.129671
1 0.738481 0.170013 0.145874 0.131903
1 0.828793 0.960755 0.0920672 0.0780184
1 0.669772 0.334384 0.118956 0.0943805
1 0.755193 0.693648 0.0990701 0.106405
1 0.134602 0.688203 0.149198 0.111419
1 0.574754 0.825826 0.0935564 0.106265
1 0.866184 0.427442 0.124041 0.172224
1 0.662689 0.422386 0.124169 0.0777493
1 0.181131 0.833075 0.149112 0.112534
1 0.937496 0.235608 0.125008 0.123173
0 0.655304 0.686056 0.128442 0.0991801
1 0.546683 0.687471 0.100849 0.0964825
1 0.0520135 0.930011 0.102982 0.139157
1 0.801645 0.0963629 0.161372 0.139045
1 0.972472 0.160812 0.054733 0.106992
1 0.332707 0.0298473 0.0837154 0.0594986
1 0.665745 0.501437 0.13018 0.0757257
1 0.350787 0.676662 0.0706606 0.0863401
1 0.444404 0.980364 0.083977 0.0392559
1 0.387965 0.831439 0.0985157 0.129533
1 0.950617 0.837281 0.0987662 0.105763
1 0.695078 0.037899 0.133281 0.075798
1 0.521856 0.495263 0.119221 0.106344
1 0.436702 0.684736 0.0929627 0.0878026
1 0.526175 0.975203 0.0752887 0.0494008
0 0.519622 0.314481 0.10504 0.0892588
0 0.145258 0.760225 0.13434 0.105845
1 0.520998 0.459831 0.136792 0.188222
2 0.146096 0.130124 0.209393 0.140869
0 0.085737 0.400427 0.110545 0.0958821
1 0.341927 0.987137 0.103556 0.0257268
3 0.146264 0.132136 0.20667 0.143504
1 0.143417 0.759517 0.128886 0.10358
