1 0.395531 0.649511 0.0899651 0.0875399
1 0.0996473 0.653312 0.104473 0.108374
1 0.906074 0.59177 0.0918238 0.107312
1 0.798997 0.402963 0.085822 0.107666
0 0.0521874 0.872722 0.104375 0.163948
1 0.336163 0.863934 0.0843898 0.100853
1 0.373675 0.452176 0.0846984 0.104663
1 0.120719 0.0681271 0.0758775 0.109758
0 0.486568 0.0429768 0.0902698 0.0855067
1 0.571439 0.64251 0.0965419 0.131956
1 0.249736 0.893284 0.0937963 0.0850862
1 0.746122 0.639123 0.101151 0.152505
1 0.74773 0.97437 0.0943226 0.0512607
0 0.335391 0.251519 0.0826229 0.110572
0 0.22308 0.0863791 0.0815785 0.0786131
1 0.745069 0.0309052 0.0881402 0.0618105
1 0.858038 0.206102 0.102331 0.156096
1 0.171939 0.301466 0.10028 0.140964
1 0.945373 0.199736 0.102934 0.172583
1 0.602171 0.248969 0.101383 0.157139
1 0.428894 0.270036 0.101466 0.147036
1 0.285129 0.466481 0.080768 0.102496
0 0.453538 0.44349 0.0873631 0.107203
1 0.913548 0.96586 0.085413 0.0676426
1 0.823475 0.600662 0.0936553 0.111462
1 0.840683 0.975573 0.066988 0.0487969
1 0.158318 0.891147 0.0939497 0.105008
0 0.252613 0.298512 0.0848871 0.152342
1 0.963676 0.384751 0.0714033 0.119398
1 0.971871 0.575265 0.0559711 0.093894
0 0.765781 0.822947 0.0861835 0.131357
1 0.655959 0.640837 0.0973991 0.14567
1 0.311014 0.675858 0.0924999 0.126138
1 0.514449 0.24575 0.0819646 0.118098
1 0.888163 0.39911 0.0992372 0.122266
1 0.191782 0.4598 0.11414 0.132795
1 0.85258 0.803675 0.0931818 0.113227
1 0.669709 0.035969 0.0711708 0.071938
1 0.574658 0.0424443 0.094331 0.0842958
1 0.505507 0.850059 0.0852562 0.102069
0 0.97631 0.96537 0.0471239 0.0691435
1 0.204004 0.690393 0.0898927 0.0950131
0 0.416533 0.858674 0.101044 0.120404
1 0.587918 0.822995 0.102815 0.139363
1 0.628508 0.431248 0.0995617 0.129155
1 0.692848 0.238528 0.103073 0.161419
1 0.318446 0.0653285 0.101245 0.128475
1 0.716235 0.419289 0.0921769 0.119597
1 0.921028 0.0195149 0.0917193 0.0388702
0 0.543529 0.437674 0.0944579 0.125392
1 0.400967 0.0485451 0.0906588 0.094579
0 0.0198916 0.48412 0.0397831 0.102333
1 0.0407658 0.592458 0.081201 0.123325
1 0.754485 0.231003 0.141001 0.158487
1 0.415403 0.858166 0.100891 0.117584
0 0.480021 0.638562 0.0896773 0.107556
1 0.481035 0.637942 0.0907202 0.1104
1 0.54467 0.439076 0.0937451 0.12651
1 0.944897 0.781264 0.104027 0.162869
0 0.945255 0.781452 0.108817 0.162501
1 0.25402 0.298698 0.0877311 0.157026
1 0.832867 0.0181496 0.0800921 0.0358643
1 0.674989 0.815877 0.107375 0.158372
0 0.0441428 0.591298 0.0882227 0.124375
0 0.172253 0.300402 0.100111 0.140413
1 0.766953 0.821401 0.0882902 0.129565
0 0.191528 0.462887 0.109327 0.130262
0 0.399931 0.0468463 0.0893182 0.0936926
