2 0.879503 0.124045 0.169415 0.233465
1 0.191164 0.622264 0.0882439 0.109479
1 0.193816 0.763597 0.0806506 0.126479
1 0.0826592 0.23837 0.0795839 0.113256
1 0.549648 0.978154 0.10933 0.0434985
1 0.110625 0.772107 0.0809977 0.132462
0 0.0312256 0.763041 0.0624512 0.11538
1 0.278851 0.623327 0.0810584 0.107955
1 0.105149 0.627155 0.0860138 0.136945
1 0.559185 0.899355 0.133424 0.0813913
1 0.700942 0.90191 0.130673 0.0745646
1 0.0852251 0.394473 0.0797656 0.135322
1 0.167369 0.243506 0.0769554 0.10549
1 0.551069 0.818987 0.113693 0.0784817
1 0.282804 0.77341 0.0775617 0.108753
1 0.0214573 0.403398 0.0426094 0.155162
2 0.800739 0.527217 0.091112 0.07695
0 0.170025 0.389385 0.0809341 0.127407
2 0.81312 0.307305 0.244955 0.0748552
2 0.938866 0.724169 0.119033 0.113452
2 0.918104 0.813673 0.162441 0.36915
2 0.352189 0.39752 0.0960072 0.146716
1 0.0283587 0.605696 0.055179 0.0817926
2 0.258957 0.388138 0.0769405 0.137606
1 0.258533 0.390201 0.0802032 0.144509
1 0.364224 0.634194 0.0856251 0.122101
2 0.937556 0.823137 0.12326 0.0808754
1 0.333211 0.966591 0.108649 0.0668176
2 0.930388 0.900933 0.135258 0.0737188
0 0.106154 0.626734 0.0841562 0.135356
1 0.192366 0.963695 0.134933 0.0717897
