1 0.692415 0.582969 0.14495 0.146643
1 0.633036 0.793002 0.136763 0.14081
1 0.523236 0.645083 0.118413 0.117096
1 0.46147 0.71718 0.144535 0.142138
1 0.896416 0.94379 0.133764 0.11242
1 0.789683 0.063271 0.133738 0.0977113
1 0.799175 0.149764 0.144017 0.0970887
1 0.590193 0.593865 0.114965 0.124449
1 0.558899 0.84731 0.156061 0.148196
1 0.943777 0.25114 0.1111 0.130467
1 0.501576 0.909537 0.149987 0.159451
1 0.285606 0.899 0.133331 0.131518
1 0.221161 0.9414 0.135014 0.116311
1 0.235398 0.347102 0.155043 0.162366
1 0.710305 0.728258 0.151023 0.165864
1 0.823521 0.314369 0.12939 0.0839127
1 0.952596 0.0435041 0.0937674 0.0854891
1 0.143052 0.969271 0.128199 0.0614053
1 0.0690253 0.147274 0.138051 0.149625
1 0.815827 0.239719 0.145399 0.0912282
1 0.961287 0.134064 0.0766916 0.104062
1 0.95189 0.713431 0.0958412 0.160437
1 0.116658 0.0751876 0.133078 0.131575
1 0.882706 0.516139 0.0857162 0.115108
1 0.963868 0.965294 0.0715309 0.0688782
1 0.732496 0.979382 0.0861106 0.0408709
1 0.397838 0.767472 0.111685 0.110286
2 0.218219 0.349043 0.193616 0.163835
0 0.952358 0.713882 0.0949941 0.16134
1 0.0232752 0.0240998 0.0457601 0.0481997
1 0.335725 0.823598 0.12014 0.1189
1 0.0307026 0.20868 0.0609265 0.106925
