1 0.813921 0.821924 0.168936 0.148147
1 0.769966 0.891668 0.159231 0.137684
1 0.857849 0.741616 0.163084 0.148877
1 0.140477 0.382553 0.108488 0.121402
1 0.927447 0.153481 0.145106 0.133535
1 0.413264 0.0952322 0.148381 0.168799
1 0.949335 0.918457 0.101331 0.107181
1 0.701625 0.48789 0.167515 0.171554
0 0.966798 0.623323 0.0657327 0.12345
1 0.491354 0.428218 0.102621 0.11874
1 0.228245 0.267221 0.136648 0.152946
1 0.0358561 0.12354 0.0717123 0.115838
1 0.966601 0.838506 0.0653168 0.106567
1 0.334313 0.330788 0.118355 0.131038
1 0.579688 0.209006 0.145326 0.155592
1 0.391167 0.364981 0.114967 0.123692
1 0.730206 0.9475 0.161305 0.105
1 0.197868 0.412523 0.104489 0.120338
1 0.253994 0.443968 0.120661 0.12996
1 0.47363 0.584316 0.12655 0.152758
1 0.311509 0.900455 0.140216 0.141698
1 0.910122 0.956992 0.162584 0.0860152
1 0.80631 0.347754 0.16479 0.146023
1 0.120629 0.198402 0.13425 0.142839
1 0.431681 0.946206 0.17984 0.10604
1 0.0739239 0.594792 0.146137 0.168669
1 0.0908166 0.798123 0.116897 0.14741
1 0.899488 0.667637 0.132467 0.119151
1 0.600186 0.665667 0.15071 0.162546
1 0.440378 0.393553 0.103085 0.113517
1 0.487759 0.882492 0.159949 0.175272
1 0.0480458 0.31436 0.0960916 0.125423
1 0.525652 0.633618 0.117574 0.129517
0 0.500748 0.158915 0.167967 0.165063
1 0.170823 0.668393 0.132185 0.121941
2 0.93362 0.560414 0.132246 0.184164
1 0.770952 0.0369607 0.146343 0.0739213
1 0.318391 0.489366 0.143254 0.135041
1 0.0755605 0.157194 0.106459 0.126288
1 0.958514 0.0838298 0.0822842 0.166136
1 0.499295 0.157226 0.173226 0.16847
1 0.239908 0.0327909 0.0711926 0.0655817
1 0.377512 0.530551 0.0842143 0.110439
1 0.661086 0.98127 0.0870492 0.0368242
1 0.180872 0.226567 0.111708 0.12148
1 0.411598 0.554479 0.103837 0.126363
1 0.36323 0.794377 0.158644 0.158543
1 0.284086 0.294818 0.114008 0.119232
1 0.379478 0.763078 0.108544 0.0975978
1 0.401441 0.975629 0.0825849 0.0486825
1 0.545358 0.453351 0.098297 0.110475
1 0.932894 0.562958 0.133416 0.190886
0 0.412121 0.555774 0.103452 0.124203
1 0.345234 0.820979 0.119322 0.100513
