1 0.0694428 0.829454 0.107226 0.0933931
0 0.867079 0.172123 0.136214 0.132224
1 0.628503 0.635384 0.124726 0.118195
1 0.0456207 0.252012 0.0909631 0.126853
1 0.720024 0.477469 0.134793 0.126519
1 0.146181 0.12228 0.226526 0.179298
0 0.0362534 0.62891 0.0696647 0.104214
1 0.435931 0.347418 0.0880439 0.0921564
0 0.718461 0.845376 0.141923 0.125114
1 0.383709 0.636786 0.122812 0.14576
1 0.939004 0.538857 0.121332 0.129997
1 0.904324 0.645038 0.113845 0.12618
1 0.127376 0.591467 0.094323 0.130572
1 0.810804 0.287851 0.169868 0.141892
1 0.827912 0.724715 0.133173 0.143537
0 0.682994 0.566071 0.158328 0.119276
0 0.793805 0.417306 0.131276 0.138652
0 0.336309 0.957593 0.124751 0.0847716
1 0.926246 0.0583985 0.103263 0.115683
1 0.683648 0.5655 0.159816 0.119573
0 0.972369 0.427849 0.0545523 0.107612
0 0.926629 0.0581549 0.102737 0.11631
0 0.0508606 0.957658 0.101105 0.0846844
1 0.241029 0.907906 0.178529 0.180436
0 0.384577 0.638247 0.122856 0.144836
0 0.488721 0.669732 0.112433 0.10223
1 0.795789 0.417328 0.129984 0.136298
1 0.97251 0.428513 0.0546918 0.105199
1 0.0361951 0.628524 0.0710269 0.101049
0 0.393144 0.889516 0.146659 0.154442
1 0.447626 0.0316111 0.101727 0.063117
