1 0.250734 0.865006 0.143804 0.136605
1 0.672362 0.713993 0.161357 0.166259
1 0.808107 0.856847 0.117294 0.118465
1 0.267478 0.123994 0.151466 0.130251
1 0.354724 0.325919 0.16197 0.146133
1 0.900074 0.343403 0.151099 0.144538
1 0.306849 0.226987 0.144721 0.127845
1 0.532497 0.376317 0.135398 0.132597
1 0.693574 0.882694 0.0754095 0.0885944
1 0.358018 0.84509 0.154361 0.171972
1 0.773928 0.670274 0.153633 0.162436
1 0.871468 0.238372 0.135876 0.130723
1 0.148366 0.412401 0.134372 0.135022
1 0.684776 0.197327 0.146439 0.124316
1 0.145549 0.906439 0.14707 0.129132
1 0.44512 0.170033 0.126425 0.134305
1 0.877591 0.629506 0.155255 0.169122
1 0.787734 0.0493019 0.132263 0.0978397
1 0.397224 0.431778 0.15471 0.135198
1 0.0672345 0.198522 0.134067 0.149717
1 0.487502 0.273418 0.12746 0.132372
1 0.645466 0.0911727 0.145968 0.126272
1 0.82119 0.139053 0.144764 0.138724
1 0.405434 0.0648864 0.127654 0.126468
1 0.058825 0.566285 0.117618 0.150029
1 0.57046 0.481955 0.129745 0.136825
1 0.185978 0.514353 0.154575 0.143691
1 0.564428 0.74964 0.145784 0.151813
1 0.429408 0.538559 0.142849 0.131222
1 0.235133 0.0407688 0.149019 0.0811511
1 0.46002 0.792052 0.151726 0.150692
1 0.0967312 0.309399 0.156129 0.141964
1 0.728945 0.297284 0.143717 0.134245
1 0.222389 0.622134 0.153171 0.137977
1 0.0864167 0.677388 0.149734 0.128138
1 0.589693 0.920424 0.110845 0.133387
1 0.497312 0.957776 0.142348 0.0832139
1 0.03772 0.969601 0.0748165 0.0605588
1 0.612019 0.02501 0.121597 0.0497824
1 0.950763 0.586053 0.0983367 0.163167
1 0.773285 0.399414 0.153384 0.146514
0 0.77538 0.398717 0.157158 0.148057
1 0.974806 0.031613 0.0503882 0.0624953
1 0.987082 0.0841646 0.0254157 0.0699152
