2 0.351143 0.103331 0.176076 0.206559
0 0.863933 0.0779527 0.0752017 0.0807196
3 0.466562 0.937894 0.216419 0.12326
3 0.919303 0.941251 0.161335 0.116434
1 0.0526635 0.7948 0.104316 0.156986
2 0.669293 0.661784 0.196092 0.162468
0 0.944892 0.133587 0.110216 0.101546
1 0.0947233 0.163877 0.143422 0.0934345
0 0.920125 0.579538 0.159424 0.137598
1 0.590895 0.0184776 0.0844266 0.03683
1 0.670735 0.653063 0.192331 0.145505
1 0.946016 0.137136 0.107969 0.0963396
3 0.919363 0.580205 0.161273 0.139681
3 0.259321 0.519921 0.272356 0.359612
