1 0.291402 0.584101 0.154009 0.154398
2 0.806424 0.907236 0.289109 0.185528
1 0.67638 0.604158 0.159915 0.163742
1 0.128134 0.430248 0.171058 0.19139
1 0.363637 0.331715 0.130907 0.142918
1 0.135185 0.831224 0.138856 0.140622
1 0.548573 0.101665 0.134567 0.142122
1 0.213038 0.675793 0.113934 0.112304
1 0.281507 0.941914 0.122773 0.115453
1 0.142802 0.11808 0.176953 0.204998
1 0.0836762 0.0790906 0.167215 0.158181
1 0.451003 0.395677 0.125971 0.139189
1 0.448204 0.679546 0.0970614 0.0983338
1 0.947559 0.141903 0.10406 0.205374
1 0.550963 0.876482 0.137751 0.147183
1 0.35312 0.968667 0.10667 0.0625477
1 0.0492469 0.319743 0.0980982 0.126916
1 0.58767 0.535174 0.152997 0.157654
1 0.195571 0.533267 0.156984 0.156824
1 0.204071 0.882572 0.106213 0.116963
1 0.441957 0.84238 0.110251 0.120914
1 0.891541 0.431295 0.143228 0.132707
1 0.620025 0.1886 0.153785 0.156873
1 0.0799957 0.540963 0.117801 0.112855
1 0.0186352 0.402523 0.0370809 0.0875237
1 0.452637 0.0642154 0.129337 0.128431
1 0.493804 0.214747 0.0593145 0.0621708
1 0.235937 0.905881 0.0926469 0.109279
1 0.462083 0.80963 0.154276 0.180254
1 0.409358 0.723179 0.0870147 0.0806849
1 0.158991 0.216337 0.0867535 0.0833101
1 0.798523 0.0181502 0.0687546 0.0362956
1 0.480294 0.365671 0.186546 0.197144
1 0.196451 0.190692 0.17396 0.180581
1 0.130723 0.611975 0.0759391 0.0801514
1 0.762967 0.637788 0.122871 0.160321
0 0.967069 0.580365 0.0639224 0.107651
0 0.687024 0.394947 0.0640831 0.0646141
1 0.0549927 0.675784 0.109985 0.111026
1 0.0370431 0.744484 0.0735143 0.142863
0 0.451329 0.259533 0.0712149 0.0758221
1 0.767866 0.376967 0.0971428 0.114896
1 0.245801 0.0112181 0.044248 0.0224362
