1 0.606126 0.205615 0.149476 0.137894
1 0.379153 0.402565 0.11104 0.12142
1 0.731429 0.64676 0.12661 0.13503
1 0.947478 0.786045 0.105035 0.110557
1 0.61981 0.944027 0.150211 0.111946
1 0.672194 0.497039 0.130133 0.123497
1 0.318255 0.677399 0.117872 0.121534
1 0.390526 0.820232 0.116759 0.119031
1 0.155824 0.758768 0.117664 0.128402
1 0.936971 0.538759 0.123735 0.141067
1 0.570075 0.731697 0.126024 0.130183
1 0.0652447 0.143012 0.130489 0.155869
1 0.0952663 0.892373 0.136336 0.128396
1 0.22117 0.291924 0.116238 0.113573
1 0.944616 0.366186 0.110767 0.137703
1 0.417251 0.643012 0.117078 0.144331
1 0.297485 0.424529 0.124695 0.142836
1 0.700029 0.0858693 0.130955 0.132517
1 0.765287 0.881246 0.171629 0.133044
1 0.647753 0.697874 0.110739 0.11473
1 0.235955 0.724108 0.126206 0.129686
1 0.21173 0.890936 0.0904359 0.113607
1 0.796552 0.947537 0.158064 0.104927
1 0.466776 0.0800262 0.12723 0.136546
1 0.313995 0.862831 0.11561 0.112949
1 0.306102 0.259615 0.125436 0.130878
1 0.756423 0.138205 0.126815 0.124403
1 0.497133 0.588253 0.121673 0.128466
1 0.874236 0.418097 0.129475 0.152015
1 0.96753 0.864173 0.0640312 0.101421
0 0.463812 0.382063 0.143245 0.137213
0 0.218246 0.0696338 0.12353 0.137466
1 0.945005 0.0405681 0.10999 0.0808001
1 0.229501 0.471837 0.114725 0.119934
0 0.771704 0.246185 0.0829791 0.0903392
1 0.630038 0.0434468 0.113843 0.0868935
1 0.872119 0.576788 0.116207 0.143666
1 0.799662 0.44683 0.108904 0.130294
1 0.524637 0.123353 0.140806 0.148959
1 0.144582 0.103386 0.142428 0.148167
1 0.480258 0.768749 0.143121 0.149511
1 0.819903 0.203771 0.115184 0.118253
1 0.584201 0.552737 0.124414 0.13016
1 0.650787 0.279523 0.129763 0.121225
1 0.975549 0.0978572 0.048524 0.0902883
1 0.663937 0.986548 0.105713 0.0265192
0 0.581854 0.552459 0.121275 0.13125
1 0.846754 0.985593 0.0960011 0.0285162
1 0.984964 0.506734 0.029677 0.0775532
1 0.985427 0.939545 0.0284446 0.0704187
1 0.985363 0.328675 0.0287895 0.0751145
