1 0.251174 0.388492 0.116787 0.105175
1 0.708035 0.862794 0.150676 0.124004
1 0.459653 0.289494 0.140174 0.105353
1 0.41792 0.780064 0.160818 0.130647
1 0.840438 0.803471 0.136117 0.122359
1 0.459369 0.862299 0.150019 0.119137
1 0.0753365 0.361432 0.13724 0.121649
1 0.0543104 0.287232 0.108269 0.113932
1 0.55157 0.150801 0.138946 0.118537
1 0.496896 0.940091 0.158606 0.119819
1 0.310982 0.546769 0.133082 0.107984
1 0.133725 0.14997 0.135983 0.105714
1 0.616623 0.31148 0.148711 0.121427
1 0.878881 0.882512 0.125165 0.115459
1 0.420362 0.216562 0.154994 0.120231
1 0.559259 0.536308 0.135795 0.105311
1 0.899103 0.372377 0.155043 0.121894
1 0.237397 0.757481 0.165123 0.144679
1 0.946936 0.525423 0.105321 0.134452
1 0.591164 0.61187 0.147115 0.12372
1 0.758052 0.0614828 0.120549 0.108897
1 0.795239 0.141908 0.130118 0.106188
1 0.774588 0.623124 0.149058 0.132059
1 0.384787 0.1341 0.155927 0.122048
1 0.350157 0.0564141 0.150435 0.112828
1 0.204416 0.303271 0.16486 0.130396
1 0.832617 0.21246 0.149481 0.11496
1 0.0334297 0.864198 0.0668594 0.0936022
1 0.485156 0.36964 0.129751 0.120185
1 0.274161 0.466755 0.1429 0.11735
1 0.698769 0.463356 0.151902 0.117731
1 0.732673 0.942709 0.165013 0.114582
1 0.57807 0.233967 0.141647 0.113033
1 0.345083 0.619424 0.137574 0.115164
1 0.210885 0.67416 0.149071 0.120892
1 0.104253 0.448643 0.136736 0.115715
1 0.658955 0.391184 0.128963 0.108114
1 0.181972 0.606721 0.144822 0.122606
1 0.518614 0.457272 0.11705 0.111092
1 0.926112 0.951061 0.127513 0.0943315
1 0.946879 0.148601 0.105365 0.127437
1 0.524126 0.0662973 0.156398 0.130251
0 0.312694 0.92251 0.155634 0.124563
1 0.8677 0.290234 0.14026 0.112727
1 0.167417 0.224741 0.137774 0.10956
1 0.92506 0.0658135 0.149879 0.120423
1 0.96502 0.623146 0.0688143 0.106039
1 0.101867 0.0683294 0.144299 0.117598
1 0.967539 0.237801 0.0641115 0.0905273
1 0.717481 0.544255 0.161269 0.125795
1 0.13512 0.523194 0.146228 0.121297
1 0.356667 0.97493 0.130824 0.0497229
1 0.665026 0.765499 0.165933 0.150568
1 0.071114 0.979848 0.10983 0.0399902
1 0.813324 0.705843 0.13832 0.109146
1 0.933094 0.441201 0.128463 0.111863
1 0.0373913 0.204582 0.073277 0.103719
1 0.91445 0.0208215 0.117053 0.0415036
0 0.933451 0.439297 0.132368 0.115025
1 0.379668 0.703261 0.148146 0.104753
1 0.629366 0.683733 0.138118 0.104269
1 0.272221 0.846596 0.158255 0.137177
1 0.0221631 0.115111 0.044253 0.0979878
0 0.629609 0.683056 0.13655 0.102248
1 0.0795212 0.0253303 0.145006 0.0502912
0 0.666958 0.767024 0.171093 0.152788
1 0.724639 0.0187807 0.120003 0.0374194
1 0.498107 0.0192428 0.10867 0.0382486
1 0.305435 0.922864 0.157642 0.129774
1 0.780137 0.986993 0.105007 0.0257063
1 0.060349 0.937783 0.120698 0.119032
