1 0.568602 0.356012 0.113197 0.125947
0 0.800711 0.951606 0.0934513 0.0963664
1 0.518809 0.88918 0.119807 0.14324
1 0.155234 0.283762 0.128712 0.107449
1 0.24334 0.0529804 0.163024 0.105961
1 0.24493 0.742817 0.127814 0.116418
1 0.141499 0.379531 0.154211 0.127537
1 0.0522376 0.778458 0.104475 0.108517
1 0.193735 0.204078 0.151361 0.111041
1 0.168081 0.903911 0.143696 0.126418
1 0.431152 0.839903 0.13846 0.170369
1 0.607683 0.925402 0.107452 0.128826
1 0.218865 0.120166 0.162129 0.103355
1 0.204482 0.816392 0.128178 0.106498
0 0.706525 0.940265 0.106878 0.118335
0 0.891302 0.938345 0.0940878 0.121782
1 0.708082 0.939598 0.107801 0.118504
1 0.0215403 0.0374399 0.0422965 0.0741401
