1 0.434517 0.600911 0.068908 0.077318
1 0.471354 0.907117 0.106 0.0930293
1 0.832174 0.824744 0.124021 0.13255
1 0.875026 0.401342 0.122271 0.10556
1 0.330255 0.943955 0.119366 0.111122
1 0.374883 0.109216 0.122095 0.122163
1 0.31408 0.791157 0.1147 0.126678
1 0.923809 0.240411 0.152383 0.0895061
1 0.360648 0.65324 0.0755379 0.0741618
3 0.195048 0.305928 0.0956613 0.114353
3 0.138653 0.431647 0.110499 0.099934
3 0.117868 0.351117 0.103579 0.0754292
1 0.82107 0.949635 0.1325 0.100209
1 0.179035 0.975148 0.0891533 0.049309
3 0.619842 0.177494 0.0791947 0.119907
1 0.210704 0.702823 0.116634 0.161041
2 0.0871713 0.638626 0.147646 0.170887
1 0.0517049 0.0257317 0.102669 0.0510503
1 0.0345425 0.43305 0.0689125 0.112135
3 0.0857283 0.639209 0.144234 0.168447
2 0.625475 0.0447698 0.103494 0.0895396
2 0.618708 0.176338 0.0785117 0.121256
1 0.0863247 0.638386 0.144759 0.169831
