1 0.735558 0.17978 0.182991 0.185617
1 0.16401 0.195286 0.187921 0.182178
1 0.317383 0.89505 0.129095 0.127438
1 0.377459 0.195757 0.15273 0.152924
0 0.890595 0.649578 0.130786 0.163591
1 0.806026 0.092504 0.165033 0.162596
1 0.651812 0.261933 0.163551 0.154908
1 0.228358 0.0885542 0.143764 0.156701
1 0.874567 0.318601 0.159779 0.152385
1 0.521925 0.64331 0.121103 0.13908
1 0.520335 0.055409 0.124735 0.110818
1 0.310576 0.0489941 0.150949 0.0979883
1 0.482579 0.0974612 0.124646 0.112195
1 0.617925 0.953611 0.0973649 0.0921147
1 0.316513 0.289085 0.154882 0.139653
1 0.0529107 0.0359345 0.105821 0.0715184
1 0.264377 0.740445 0.156432 0.16032
1 0.810975 0.68011 0.102097 0.138335
1 0.623627 0.650265 0.089457 0.101833
1 0.444958 0.699768 0.15181 0.183486
1 0.366413 0.826859 0.118593 0.115757
1 0.84271 0.898323 0.107513 0.155
2 0.120275 0.86654 0.158782 0.165223
1 0.928464 0.876583 0.110754 0.136561
1 0.565334 0.0322233 0.109818 0.0643209
1 0.706035 0.67377 0.112833 0.136325
1 0.940672 0.211375 0.117563 0.150604
1 0.763204 0.910494 0.106705 0.133336
1 0.447328 0.145198 0.125872 0.11923
1 0.186827 0.920847 0.158063 0.156881
1 0.371452 0.0271605 0.100637 0.0540542
2 0.267842 0.7401 0.160086 0.162612
1 0.95398 0.617109 0.0905373 0.154228
1 0.516197 0.951656 0.113568 0.0961049
1 0.972765 0.823288 0.0540087 0.11142
1 0.192734 0.359791 0.142505 0.128525
1 0.336194 0.616055 0.184574 0.149578
0 0.459703 0.502326 0.163573 0.109455
1 0.267746 0.954865 0.118111 0.089818
1 0.197427 0.793257 0.159446 0.13781
0 0.422225 0.486692 0.0800439 0.0739161
