2 0.101018 0.554223 0.202036 0.257586
2 0.57682 0.384188 0.160687 0.166175
1 0.397299 0.626876 0.15751 0.153361
1 0.798718 0.525148 0.135395 0.145496
1 0.555433 0.648495 0.138562 0.151744
1 0.690775 0.926702 0.125165 0.139252
1 0.153283 0.909514 0.113142 0.11932
1 0.845433 0.853765 0.131962 0.135925
1 0.703774 0.756873 0.147267 0.166661
1 0.632957 0.705292 0.143807 0.13573
1 0.204046 0.835336 0.124303 0.112663
0 0.714571 0.499624 0.159875 0.17305
1 0.908936 0.905813 0.139875 0.138474
1 0.773176 0.800995 0.13372 0.127789
1 0.665167 0.0370822 0.132828 0.0738248
1 0.824996 0.115257 0.090119 0.0918035
1 0.325927 0.915455 0.135122 0.141256
1 0.544092 0.817753 0.148436 0.101492
1 0.265346 0.758103 0.122885 0.134565
1 0.319881 0.680528 0.0941989 0.0837146
1 0.871686 0.0561366 0.110324 0.109359
1 0.868399 0.587425 0.142756 0.147807
1 0.111527 0.953166 0.175082 0.0929999
1 0.76915 0.950513 0.136518 0.0984733
1 0.616074 0.876341 0.161333 0.170384
1 0.712913 0.498567 0.162649 0.173782
1 0.281313 0.965858 0.131338 0.0677598
1 0.921995 0.0233113 0.0700479 0.0464882
1 0.933803 0.635827 0.126353 0.139654
1 0.96398 0.731712 0.0712483 0.0852867
0 0.781409 0.222838 0.183766 0.166985
1 0.470936 0.555487 0.134985 0.141222
1 0.958066 0.942877 0.0830266 0.114246
2 0.280488 0.24109 0.308959 0.326676
1 0.623988 0.0867541 0.112188 0.104944
3 0.78845 0.222299 0.197137 0.171671
0 0.622552 0.0865138 0.110313 0.106274
0 0.976026 0.24097 0.0473694 0.0986345
1 0.843026 0.985774 0.0750403 0.0284526
