1 0.126578 0.155465 0.145913 0.160899
1 0.367126 0.78537 0.13883 0.133583
1 0.475076 0.887027 0.153965 0.143031
1 0.445308 0.22251 0.147693 0.151493
1 0.56033 0.502094 0.151163 0.158036
1 0.18216 0.494341 0.106294 0.115243
1 0.114914 0.715339 0.126097 0.127652
1 0.740353 0.440898 0.127709 0.134405
1 0.287507 0.856699 0.134311 0.126816
1 0.801679 0.48393 0.115463 0.129254
1 0.580351 0.333421 0.140759 0.145622
1 0.294061 0.102516 0.154418 0.159058
1 0.434623 0.697149 0.188855 0.158116
1 0.346844 0.351569 0.151872 0.166671
1 0.659053 0.0945511 0.114508 0.112743
1 0.715996 0.629233 0.125642 0.133734
1 0.872325 0.26143 0.152563 0.162035
1 0.952835 0.127385 0.092639 0.14197
0 0.730936 0.941257 0.157634 0.117485
1 0.908911 0.0758552 0.140837 0.142898
1 0.623022 0.573601 0.126271 0.118409
1 0.739182 0.143141 0.150956 0.150011
1 0.599689 0.0502527 0.146324 0.099986
1 0.798258 0.204433 0.144124 0.149244
1 0.0321521 0.863632 0.0643042 0.127986
0 0.958184 0.680829 0.0822746 0.112855
1 0.486979 0.44368 0.161725 0.158523
1 0.257618 0.272697 0.164631 0.158008
1 0.847335 0.791678 0.0778844 0.0904691
1 0.93901 0.307774 0.120559 0.132562
1 0.190441 0.216165 0.164446 0.167037
1 0.0254428 0.508564 0.0505001 0.106138
1 0.222626 0.0430107 0.122811 0.0860214
1 0.404176 0.407776 0.146272 0.159696
1 0.65622 0.390778 0.138865 0.136823
1 0.365659 0.142758 0.12356 0.126824
1 0.450321 0.958696 0.108216 0.0825541
1 0.228548 0.56481 0.142408 0.138042
0 0.243889 0.920893 0.119692 0.120348
1 0.521056 0.277534 0.133672 0.12959
1 0.0727601 0.4265 0.145035 0.168577
1 0.861837 0.981842 0.0906198 0.0363159
1 0.17784 0.965929 0.11101 0.0676506
0 0.0722294 0.426647 0.143199 0.167354
0 0.256377 0.27043 0.161729 0.158436
1 0.8286 0.0444283 0.141524 0.0882543
1 0.374819 0.989563 0.0512758 0.020541
1 0.065559 0.785101 0.112975 0.112491
1 0.159866 0.650922 0.11608 0.104398
0 0.669095 0.981171 0.0507765 0.0376579
