0 0.481761 0.75104 0.122428 0.127568
3 0.104028 0.925348 0.0851582 0.148781
1 0.839443 0.762411 0.0832084 0.0960979
1 0.555429 0.121555 0.14657 0.0814654
1 0.720709 0.890133 0.180765 0.172628
1 0.346093 0.787642 0.0951808 0.106215
2 0.248667 0.909016 0.0838528 0.140964
1 0.338454 0.968828 0.0872771 0.0619314
1 0.570502 0.0369747 0.118237 0.0734674
3 0.720222 0.430395 0.160068 0.171107
0 0.719385 0.88984 0.180047 0.173722
1 0.775395 0.528466 0.0868753 0.079839
2 0.757778 0.234008 0.0715985 0.051216
0 0.339144 0.969202 0.0886259 0.0614109
1 0.719411 0.429167 0.16139 0.168054
0 0.191768 0.793694 0.123867 0.0771081
0 0.56974 0.500351 0.0648685 0.167076
0 0.938303 0.769447 0.122171 0.117243
1 0.938132 0.768963 0.123026 0.114134
1 0.758299 0.233931 0.0720005 0.050855
3 0.629046 0.189383 0.320206 0.213938
