1 0.87093 0.501442 0.115825 0.109697
1 0.0773708 0.444366 0.152288 0.140606
1 0.401705 0.306801 0.132071 0.120886
1 0.292875 0.581913 0.141857 0.130138
1 0.764196 0.213322 0.141049 0.132552
1 0.659565 0.559326 0.154588 0.119553
1 0.567453 0.897099 0.115212 0.0934155
1 0.561232 0.788926 0.125048 0.107379
1 0.900591 0.595029 0.133697 0.120047
1 0.194329 0.949159 0.136983 0.101203
1 0.195198 0.402052 0.127342 0.125519
1 0.41566 0.119131 0.120767 0.118091
1 0.850005 0.397784 0.136591 0.129545
1 0.709517 0.130048 0.133675 0.120607
0 0.527362 0.581639 0.126656 0.116512
1 0.913851 0.692898 0.118437 0.101469
1 0.131338 0.538661 0.136223 0.122972
1 0.480475 0.192552 0.123214 0.123045
1 0.530523 0.276847 0.147497 0.125269
1 0.921926 0.897887 0.13119 0.101382
1 0.808784 0.306498 0.158821 0.138975
1 0.453842 0.392426 0.139982 0.121564
1 0.634018 0.453395 0.136331 0.125843
1 0.69248 0.759554 0.137006 0.115773
1 0.708057 0.863619 0.114293 0.089462
1 0.653157 0.0558177 0.143545 0.110881
1 0.114102 0.321312 0.138954 0.123946
1 0.256288 0.481756 0.153771 0.136994
1 0.225194 0.153902 0.1253 0.157131
1 0.322307 0.688455 0.12305 0.094435
1 0.333621 0.780079 0.120799 0.112779
1 0.211108 0.735214 0.129518 0.120973
1 0.556821 0.68405 0.12908 0.117958
1 0.58939 0.355857 0.1434 0.133597
1 0.694978 0.950972 0.148081 0.0785201
1 0.488578 0.484624 0.164338 0.128322
1 0.331277 0.217309 0.141288 0.135606
1 0.332942 0.969184 0.149803 0.0613019
1 0.916668 0.798164 0.135287 0.0995084
1 0.335756 0.885248 0.100822 0.0951819
1 0.91324 0.970608 0.137133 0.0583256
1 0.154061 0.0914238 0.149739 0.145236
1 0.337671 0.0585396 0.145293 0.117079
1 0.176682 0.63338 0.140526 0.126492
1 0.0273192 0.829195 0.0546384 0.115964
1 0.0314175 0.372294 0.062835 0.10925
1 0.0866085 0.0572479 0.144204 0.113727
1 0.207797 0.849782 0.111855 0.089201
1 0.2677 0.0198011 0.0847924 0.0394007
1 0.0418258 0.238283 0.0836517 0.116168
1 0.676608 0.678959 0.114187 0.0888326
1 0.277437 0.175042 0.123639 0.12094
1 0.055003 0.280001 0.107963 0.11468
