1 0.804099 0.190449 0.123278 0.125103
1 0.48925 0.303629 0.105928 0.100153
1 0.186249 0.611604 0.164278 0.155943
1 0.608461 0.257804 0.135061 0.1522
1 0.259702 0.109399 0.202214 0.209011
1 0.168013 0.175585 0.17045 0.184809
1 0.265228 0.534155 0.172868 0.178905
1 0.413292 0.408053 0.172942 0.168301
1 0.336518 0.473886 0.173304 0.171092
1 0.0702365 0.238019 0.127977 0.136081
1 0.354248 0.0569907 0.153746 0.11281
1 0.0640751 0.341948 0.127254 0.172714
1 0.479116 0.0413602 0.12093 0.0817661
2 0.805114 0.742907 0.239826 0.312139
1 0.0425042 0.442095 0.0847238 0.120857
1 0.0422545 0.620148 0.0831117 0.0847554
1 0.702559 0.212113 0.129585 0.155049
2 0.89949 0.847392 0.199742 0.304349
2 0.727489 0.696621 0.402331 0.4105
3 0.936211 0.767619 0.126683 0.208173
0 0.911117 0.177062 0.115932 0.118138
0 0.973721 0.0952841 0.0523546 0.0691192
1 0.260793 0.917011 0.0686219 0.0592263
1 0.912304 0.174529 0.115364 0.112564
3 0.729484 0.699623 0.407957 0.405492
1 0.394773 0.226103 0.0864638 0.074679
0 0.0197553 0.713738 0.0393028 0.0965515
1 0.365709 0.0910129 0.209072 0.182026
0 0.478386 0.0410878 0.119813 0.0816319
