1 0.144971 0.722501 0.151451 0.0987853
1 0.347347 0.947595 0.0994006 0.0801821
1 0.124643 0.808328 0.121992 0.0862215
1 0.141423 0.913775 0.191157 0.095026
1 0.93468 0.0892299 0.13064 0.131461
1 0.611114 0.96159 0.128315 0.075388
1 0.768254 0.858546 0.137829 0.0950305
1 0.913323 0.165312 0.160956 0.136857
1 0.938427 0.455647 0.123145 0.129577
1 0.966019 0.920964 0.0671978 0.130134
1 0.149325 0.97855 0.146342 0.0426552
1 0.950863 0.0324948 0.098273 0.064624
1 0.606058 0.878358 0.12144 0.0952375
1 0.765696 0.95242 0.112385 0.0907465
1 0.810507 0.307566 0.109722 0.107986
2 0.468798 0.458335 0.937595 0.91268
