1 0.2696 0.723451 0.109905 0.0956573
1 0.858938 0.23864 0.116407 0.100193
1 0.832444 0.154672 0.127893 0.116083
1 0.0854531 0.792163 0.0858117 0.0942714
1 0.824272 0.0661744 0.152026 0.106405
1 0.30672 0.883825 0.144334 0.109307
1 0.128802 0.302251 0.169967 0.106529
1 0.898771 0.4109 0.143934 0.111349
0 0.0425018 0.502871 0.0846277 0.101202
1 0.540169 0.898207 0.172136 0.113053
1 0.0550157 0.592911 0.109089 0.111871
1 0.888712 0.322771 0.140793 0.107535
1 0.489039 0.744566 0.134707 0.104952
0 0.940734 0.572644 0.118407 0.143289
1 0.744791 0.820776 0.186752 0.121197
1 0.706418 0.666663 0.152738 0.103761
1 0.289776 0.803705 0.124371 0.0900104
1 0.187802 0.461885 0.120783 0.0892124
1 0.0311233 0.0525116 0.0622465 0.102947
1 0.507073 0.824232 0.150605 0.108661
1 0.920535 0.486312 0.119267 0.0906501
1 0.565712 0.964549 0.152448 0.0703979
1 0.787273 0.906503 0.177169 0.126963
1 0.22282 0.0308141 0.0964961 0.0616281
1 0.443934 0.584648 0.119617 0.100909
0 0.111139 0.22629 0.172671 0.114904
1 0.715404 0.575378 0.128879 0.0825342
1 0.11539 0.0407917 0.111691 0.0801665
1 0.95148 0.0283327 0.0967064 0.0566655
1 0.634202 0.328755 0.123472 0.0887533
1 0.218244 0.546955 0.0931237 0.0930121
1 0.414429 0.487937 0.13189 0.104333
0 0.148066 0.386645 0.177937 0.122249
1 0.0298968 0.890239 0.0597936 0.0895576
1 0.356596 0.246382 0.142345 0.113258
0 0.335628 0.165655 0.145197 0.103274
1 0.146945 0.385811 0.172348 0.115898
1 0.467707 0.657743 0.153464 0.110102
1 0.240306 0.631433 0.0975608 0.0772042
0 0.355072 0.246409 0.136732 0.113792
1 0.331917 0.957492 0.131627 0.0848873
1 0.985374 0.0718598 0.0288408 0.0691995
1 0.0444642 0.687179 0.0880217 0.106563
1 0.601007 0.250995 0.0933752 0.0965465
1 0.791444 0.0183927 0.124218 0.0366109
1 0.310071 0.02401 0.0909375 0.0478474
0 0.467959 0.657068 0.154263 0.108489
0 0.684439 0.487903 0.110231 0.0766301
1 0.111734 0.225963 0.168254 0.111705
1 0.0134537 0.264173 0.0267103 0.0873237
1 0.336559 0.16503 0.149008 0.104699
0 0.985062 0.267867 0.0296199 0.090497
