0 0.790241 0.156626 0.114633 0.107182
0 0.675405 0.550163 0.101432 0.132893
1 0.401339 0.295535 0.0994117 0.0966448
0 0.850352 0.958353 0.127004 0.0825422
1 0.473916 0.76549 0.101927 0.132024
1 0.893049 0.538802 0.101849 0.127629
1 0.625014 0.766143 0.0931633 0.0892442
1 0.404676 0.511758 0.115254 0.149168
0 0.981504 0.328823 0.0362072 0.0915838
0 0.221196 0.803585 0.145893 0.112479
0 0.868895 0.353569 0.121204 0.140673
1 0.63628 0.937739 0.0968118 0.0872916
1 0.868642 0.353542 0.11933 0.140047
0 0.901304 0.152921 0.0818098 0.0926467
1 0.0193914 0.931867 0.0385793 0.0692666
1 0.261793 0.207076 0.103596 0.1179
0 0.26254 0.207214 0.10415 0.118525
