2 0.229644 0.0699366 0.214627 0.139523
0 0.155937 0.733777 0.117898 0.0990779
2 0.427948 0.34935 0.147513 0.235901
1 0.701436 0.931814 0.0782632 0.0708513
1 0.103131 0.896415 0.105894 0.0666025
2 0.359305 0.0881557 0.139935 0.173251
0 0.220286 0.416532 0.11317 0.13236
1 0.325796 0.561789 0.116023 0.115596
1 0.307634 0.25897 0.121224 0.121748
0 0.327878 0.561412 0.113897 0.113247
2 0.447913 0.0925596 0.147203 0.166893
0 0.699608 0.989695 0.0905704 0.0204227
1 0.0127976 0.705949 0.0253266 0.0813127
