2 0.499419 0.333027 0.124353 0.218696
2 0.234605 0.457406 0.141018 0.24504
2 0.65366 0.771722 0.0904005 0.122493
2 0.522673 0.830834 0.116264 0.181453
2 0.658386 0.204468 0.12462 0.0954098
2 0.141234 0.57448 0.13783 0.119735
2 0.392882 0.26336 0.0680153 0.320933
2 0.803464 0.0344162 0.168317 0.0688324
2 0.773864 0.475803 0.101314 0.141048
2 0.913025 0.817954 0.173951 0.363125
1 0.846629 0.341409 0.0993813 0.0541837
2 0.724867 0.94248 0.147626 0.114533
3 0.0231939 0.420835 0.0463877 0.414268
3 0.381622 0.276045 0.0963225 0.329884
0 0.0400507 0.792424 0.0795643 0.0950172
2 0.784804 0.17085 0.100678 0.0591241
