1 0.786967 0.694977 0.106042 0.102591
1 0.464848 0.222231 0.0747755 0.124476
1 0.469985 0.741458 0.131842 0.136397
1 0.662244 0.423342 0.116841 0.122272
1 0.33457 0.748363 0.13878 0.117864
1 0.704802 0.053014 0.12152 0.106028
1 0.939282 0.0545707 0.116742 0.109141
1 0.867847 0.478411 0.153718 0.149286
1 0.950636 0.686259 0.098662 0.121773
1 0.808095 0.228043 0.112398 0.16503
1 0.690045 0.740998 0.0728455 0.0991426
2 0.0429214 0.344653 0.0843557 0.162722
0 0.469682 0.903 0.0800002 0.0720782
0 0.224248 0.0464789 0.0980272 0.0929577
1 0.0546253 0.0969652 0.0633302 0.0940126
1 0.0500302 0.56127 0.0992923 0.137248
1 0.0998522 0.0333717 0.122975 0.066694
1 0.0263481 0.854684 0.0521372 0.103979
