1 0.520081 0.474741 0.166725 0.149526
1 0.799875 0.101974 0.160604 0.143683
1 0.877408 0.774654 0.13495 0.147784
1 0.626329 0.700634 0.124703 0.124907
1 0.461285 0.563795 0.18953 0.194591
1 0.688921 0.963379 0.130077 0.0720732
1 0.316382 0.822763 0.131246 0.133158
1 0.569711 0.767561 0.140684 0.130578
1 0.441578 0.921814 0.179996 0.148956
1 0.54654 0.391824 0.124588 0.124092
1 0.727388 0.171083 0.139142 0.129297
1 0.872709 0.404761 0.111892 0.111184
1 0.71461 0.545433 0.193102 0.163287
1 0.509877 0.850843 0.147567 0.129942
1 0.955365 0.949709 0.087886 0.0992464
1 0.637054 0.340726 0.191574 0.16641
1 0.915567 0.330085 0.121431 0.118916
1 0.671705 0.615653 0.159199 0.157151
1 0.417781 0.665772 0.158585 0.147632
1 0.941487 0.228902 0.116565 0.184162
1 0.686179 0.254605 0.194594 0.186732
1 0.34697 0.726449 0.207438 0.177117
0 0.854751 0.0543504 0.146422 0.107536
1 0.811159 0.475274 0.106652 0.0984797
1 0.824975 0.869088 0.194221 0.164072
1 0.0983734 0.374912 0.121946 0.125832
1 0.743484 0.908958 0.129837 0.124044
1 0.383746 0.964301 0.142239 0.0707062
0 0.808611 0.859295 0.152697 0.13994
1 0.91929 0.693152 0.0982885 0.101931
1 0.487121 0.588868 0.133731 0.137272
1 0.606287 0.318769 0.130633 0.107968
0 0.920453 0.693038 0.0969843 0.0998609
1 0.205843 0.840132 0.0991411 0.111014
0 0.964176 0.616501 0.0696013 0.136578
3 0.0223056 0.389148 0.0430815 0.102791
2 0.299588 0.774979 0.298116 0.274718
1 0.964391 0.61867 0.0698656 0.137661
