2 0.588656 0.617065 0.303246 0.417948
2 0.299361 0.93884 0.187139 0.121497
1 0.90079 0.955138 0.0976532 0.0897247
0 0.804737 0.828094 0.100381 0.117822
0 0.955862 0.411653 0.0878774 0.0817381
0 0.898499 0.609001 0.11508 0.10641
0 0.898019 0.837681 0.0873079 0.110964
1 0.960332 0.50424 0.0781447 0.0903889
1 0.95533 0.299712 0.089339 0.126779
1 0.564646 0.976154 0.115366 0.0473876
1 0.80298 0.965418 0.0951648 0.068818
1 0.9741 0.623706 0.0515029 0.113624
1 0.687804 0.973607 0.0790765 0.0527861
1 0.974472 0.827333 0.0498681 0.114303
0 0.971332 0.165895 0.0569491 0.100445
2 0.183392 0.925655 0.165636 0.147797
