1 0.751457 0.738685 0.082253 0.103145
0 0.0386143 0.743754 0.076904 0.111465
1 0.397983 0.533347 0.124067 0.120279
1 0.947716 0.112337 0.103514 0.139515
1 0.771569 0.35783 0.095134 0.0745652
0 0.738695 0.17875 0.0922105 0.0591468
1 0.961405 0.280726 0.0752159 0.0793747
1 0.567756 0.744674 0.11401 0.151502
0 0.32666 0.956298 0.106414 0.0863955
1 0.171003 0.896405 0.114987 0.0935035
1 0.324462 0.957281 0.101082 0.0842468
1 0.678869 0.800321 0.0806847 0.0993221
0 0.400449 0.367503 0.0781674 0.0940975
1 0.482416 0.337563 0.0655864 0.0762113
0 0.172685 0.895696 0.121169 0.0962622
