1 0.0746648 0.572165 0.109429 0.117521
1 0.164026 0.53299 0.122705 0.130946
1 0.169846 0.273525 0.121716 0.117312
1 0.0847959 0.0457852 0.144249 0.0915704
1 0.578459 0.121206 0.12378 0.115148
1 0.247808 0.488897 0.150434 0.16168
1 0.0906266 0.323647 0.129687 0.123986
1 0.490346 0.28495 0.128852 0.119397
1 0.249197 0.21964 0.152058 0.129482
1 0.0542859 0.116403 0.108572 0.120884
1 0.709171 0.927773 0.173658 0.14433
1 0.52502 0.210034 0.13115 0.11699
1 0.051308 0.669923 0.101949 0.211425
1 0.425528 0.37562 0.131517 0.118354
1 0.0299959 0.352966 0.0599919 0.121815
1 0.346664 0.434552 0.134651 0.125403
1 0.292994 0.139615 0.138552 0.135848
1 0.350161 0.0567904 0.118675 0.0809766
1 0.749859 0.267304 0.165122 0.174855
1 0.744774 0.466085 0.212741 0.22022
0 0.207879 0.0941437 0.0885056 0.0996659
3 0.857183 0.905137 0.178054 0.170662
1 0.125809 0.154587 0.0641318 0.0747559
1 0.0386125 0.193432 0.0770904 0.108469
1 0.374856 0.0130587 0.102527 0.0260718
0 0.856672 0.905495 0.175033 0.166806
1 0.884119 0.0256996 0.0808206 0.0513991
1 0.925841 0.0737248 0.117326 0.107495
1 0.963918 0.129146 0.0716832 0.099165
