1 0.698112 0.533257 0.109043 0.104286
1 0.853397 0.535833 0.108179 0.0871291
1 0.687739 0.126731 0.103945 0.0958606
1 0.476622 0.127848 0.105076 0.085382
1 0.320869 0.331346 0.123527 0.0953679
1 0.852306 0.122859 0.103382 0.0883735
1 0.319149 0.431809 0.117023 0.0915987
1 0.716683 0.334459 0.151778 0.0950252
1 0.472429 0.234181 0.0981424 0.0853522
1 0.319593 0.232415 0.125482 0.0927441
1 0.853603 0.432529 0.101112 0.0772802
1 0.474365 0.337926 0.126695 0.114626
1 0.85429 0.033967 0.101429 0.067934
1 0.31656 0.130963 0.104962 0.0824141
1 0.699335 0.229347 0.121543 0.0979714
1 0.482801 0.534071 0.100245 0.103752
1 0.475372 0.0357433 0.0970189 0.0714866
1 0.853932 0.332119 0.106704 0.0940655
1 0.0846235 0.411673 0.104812 0.0832429
1 0.0675746 0.0594394 0.134367 0.112921
1 0.084291 0.526778 0.0895991 0.0878468
1 0.093376 0.286266 0.128343 0.105973
1 0.710279 0.434232 0.132933 0.0887005
1 0.851374 0.22707 0.103056 0.0808397
1 0.690723 0.0359948 0.100286 0.0718966
1 0.311708 0.53385 0.0978819 0.097145
1 0.309844 0.0347084 0.0880846 0.0691494
1 0.487482 0.437703 0.145416 0.0831454
1 0.0665058 0.550958 0.132757 0.129898
1 0.0906825 0.168085 0.104684 0.0819179
