1 0.453205 0.497804 0.0778067 0.0837147
1 0.405388 0.235633 0.117449 0.0685273
1 0.308669 0.437833 0.122932 0.12514
1 0.537499 0.0573181 0.117736 0.101074
1 0.634148 0.13022 0.15007 0.105572
0 0.952261 0.0452925 0.0942893 0.0904426
1 0.672111 0.331693 0.140741 0.114121
2 0.0525995 0.37211 0.104358 0.165025
0 0.147955 0.664967 0.0951571 0.0919765
1 0.65326 0.232778 0.124049 0.100724
0 0.0235618 0.0963557 0.0465193 0.0973752
1 0.951871 0.265803 0.0961508 0.129183
1 0.834826 0.0631954 0.106001 0.117457
1 0.86754 0.278078 0.119028 0.153042
1 0.380839 0.518885 0.0800097 0.0944207
1 0.380014 0.167743 0.110575 0.0874642
2 0.6913 0.853707 0.613109 0.291496
3 0.249592 0.140178 0.119611 0.154979
1 0.426279 0.310392 0.132935 0.0948045
0 0.092871 0.716782 0.101234 0.0883176
0 0.530132 0.458873 0.0895762 0.0918189
1 0.109961 0.254224 0.0927864 0.0724361
1 0.0250382 0.653531 0.0497971 0.0861093
1 0.441548 0.387101 0.106817 0.0672422
0 0.188526 0.607436 0.0500233 0.0481583
1 0.0897917 0.716449 0.103088 0.0907784
0 0.0481385 0.57808 0.096277 0.118472
1 0.147918 0.665675 0.0971187 0.0936334
0 0.382645 0.519001 0.0792647 0.0942622
1 0.528798 0.459107 0.0907695 0.092765
0 0.55548 0.517188 0.0888964 0.0765057
1 0.177534 0.38597 0.123615 0.14125
0 0.427929 0.309159 0.132654 0.0919614
0 0.176946 0.385841 0.121793 0.141078
