2 0.508599 0.189437 0.251979 0.280765
1 0.899578 0.838905 0.145438 0.184812
2 0.837539 0.635363 0.19001 0.285027
2 0.170975 0.475219 0.259501 0.271409
1 0.687409 0.956299 0.100014 0.0867717
1 0.933442 0.956594 0.124127 0.0866992
2 0.312209 0.184329 0.624417 0.361349
1 0.625492 0.962169 0.06691 0.0748856
1 0.352655 0.820372 0.212156 0.16235
3 0.835953 0.630132 0.176315 0.276281
1 0.887345 0.785941 0.109776 0.0723182
2 0.134511 0.902726 0.267963 0.179708
0 0.577442 0.55379 0.105287 0.0800004
1 0.133024 0.904134 0.266049 0.186301
1 0.562906 0.989047 0.0763974 0.0219054
