1 0.207127 0.598305 0.188164 0.182695
1 0.353032 0.719904 0.163689 0.174908
1 0.305123 0.509834 0.182508 0.202262
1 0.790351 0.764374 0.15009 0.15354
1 0.0882756 0.340458 0.16854 0.181232
2 0.642615 0.105436 0.200043 0.206459
1 0.909455 0.0945458 0.181091 0.184431
1 0.296745 0.80614 0.103538 0.105262
1 0.182506 0.937117 0.126903 0.125765
1 0.157863 0.256106 0.171798 0.174206
1 0.474365 0.249217 0.149104 0.151691
1 0.22283 0.891142 0.116633 0.114009
1 0.670866 0.655263 0.146285 0.139204
1 0.928791 0.605337 0.142418 0.147781
1 0.845447 0.555243 0.146869 0.154659
1 0.672075 0.388099 0.198388 0.204689
1 0.911195 0.857922 0.10972 0.120014
1 0.447576 0.625758 0.118108 0.104807
1 0.954759 0.974852 0.0866476 0.0502089
1 0.980132 0.418912 0.0395505 0.0813376
1 0.550122 0.16848 0.137343 0.136323
1 0.450031 0.927967 0.135157 0.129524
1 0.954723 0.903136 0.0905545 0.108368
1 0.493646 0.532044 0.188614 0.210055
1 0.260859 0.845961 0.108811 0.107614
1 0.79646 0.0312792 0.103289 0.0620501
1 0.0544971 0.133373 0.108485 0.155453
1 0.881986 0.300221 0.130108 0.132375
1 0.14342 0.023939 0.0980676 0.0476963
1 0.380999 0.0362236 0.129935 0.0720699
1 0.347784 0.977982 0.0961221 0.0437524
1 0.372659 0.409637 0.174345 0.171138
1 0.568268 0.326081 0.142005 0.150229
1 0.0363017 0.485055 0.0722215 0.10058
1 0.980214 0.942781 0.0390942 0.0843412
0 0.300529 0.095635 0.172203 0.163696
1 0.0524931 0.421274 0.103847 0.126172
1 0.300585 0.0958245 0.171017 0.160696
1 0.0216325 0.230923 0.0426727 0.075853
1 0.154224 0.676589 0.144669 0.138287
1 0.200374 0.0474464 0.120045 0.0933428
1 0.0643314 0.750964 0.125455 0.118325
0 0.74275 0.459232 0.144041 0.157347
2 0.474836 0.250015 0.14888 0.153505
0 0.568706 0.325079 0.14219 0.151085
1 0.983372 0.516514 0.0330155 0.0604758
1 0.957143 0.659585 0.084908 0.117293
1 0.0115263 0.533104 0.0226576 0.0540841
1 0.416055 0.656859 0.126934 0.116689
0 0.372642 0.411528 0.178045 0.172878
1 0.980024 0.0192348 0.039222 0.0372555
