0 0.26828 0.229976 0.130193 0.0947078
1 0.252635 0.368256 0.120996 0.140945
1 0.815494 0.316305 0.085745 0.0964661
1 0.827306 0.163592 0.136628 0.117338
1 0.786645 0.0473909 0.0993221 0.0913174
1 0.940379 0.279925 0.115455 0.133711
0 0.176639 0.400857 0.109832 0.130558
1 0.128532 0.275336 0.109327 0.110166
1 0.169817 0.739764 0.107419 0.121878
1 0.0346102 0.290083 0.0692204 0.0865929
1 0.752592 0.3544 0.102306 0.100137
1 0.0745722 0.463513 0.1292 0.0980259
1 0.124096 0.0471162 0.0989024 0.0938667
2 0.625014 0.393923 0.194801 0.238097
1 0.785914 0.451753 0.12906 0.125389
1 0.0389869 0.352742 0.0779738 0.0809366
1 0.393137 0.589001 0.111087 0.115622
0 0.34748 0.271371 0.128118 0.0983996
1 0.236178 0.102039 0.11475 0.118993
3 0.301469 0.684232 0.204386 0.19007
1 0.047543 0.0895982 0.095086 0.13873
1 0.343693 0.0518336 0.151539 0.102435
3 0.909582 0.821649 0.180216 0.356703
1 0.444258 0.143941 0.117372 0.0830661
0 0.443142 0.14333 0.117065 0.0813048
1 0.0256633 0.142181 0.0507045 0.112133
1 0.617343 0.389862 0.173708 0.226196
1 0.923091 0.399744 0.0930629 0.0911145
1 0.134848 0.631079 0.0907635 0.113952
0 0.301963 0.682799 0.20451 0.185922
