1 0.550098 0.664953 0.0859628 0.0845582
1 0.329822 0.874019 0.134907 0.121889
1 0.606808 0.756227 0.138618 0.12614
1 0.661262 0.68923 0.149163 0.134702
1 0.167988 0.315961 0.0940516 0.123772
1 0.426404 0.382023 0.137901 0.142679
1 0.452039 0.676096 0.120901 0.124813
1 0.687651 0.385566 0.110805 0.116715
1 0.813036 0.542262 0.138345 0.14289
1 0.0518624 0.545345 0.0925539 0.122952
1 0.556926 0.565181 0.125844 0.116874
1 0.641788 0.165863 0.140664 0.133818
1 0.864206 0.0642464 0.134837 0.128493
1 0.91391 0.379435 0.121571 0.121852
1 0.765823 0.276496 0.121079 0.122346
1 0.646908 0.443108 0.106606 0.111475
1 0.555769 0.840752 0.122397 0.117454
1 0.406415 0.743066 0.113203 0.114578
1 0.508543 0.906736 0.13638 0.134567
1 0.728171 0.613202 0.130037 0.136564
1 0.205855 0.957874 0.129957 0.0834911
1 0.886212 0.768613 0.155997 0.151739
1 0.525716 0.141356 0.135961 0.154136
1 0.0994695 0.954528 0.0729165 0.0909432
1 0.941488 0.93604 0.116117 0.108832
1 0.179278 0.710235 0.10848 0.129939
1 0.445654 0.951851 0.13795 0.0962982
1 0.930666 0.128501 0.137945 0.179277
1 0.227369 0.549899 0.0910473 0.118821
1 0.949984 0.570364 0.100031 0.119851
1 0.367073 0.483389 0.154042 0.164101
1 0.825276 0.312613 0.114332 0.120453
1 0.143152 0.550903 0.0814614 0.130255
1 0.873598 0.973853 0.113256 0.0521094
1 0.0572004 0.160159 0.0732231 0.139671
0 0.226593 0.13938 0.0819614 0.116656
0 0.309452 0.152131 0.0846505 0.130559
1 0.95524 0.441147 0.0888743 0.128746
1 0.0548137 0.722231 0.0677099 0.117707
1 0.792176 0.86131 0.133037 0.13114
1 0.0739532 0.329086 0.0976354 0.143797
1 0.717586 0.945387 0.162321 0.109226
1 0.967005 0.86009 0.0640476 0.128674
0 0.145698 0.152057 0.0813263 0.134323
1 0.497409 0.284459 0.132358 0.120913
0 0.498174 0.283839 0.131196 0.118921
1 0.277526 0.933266 0.13107 0.12245
1 0.227722 0.141056 0.0835959 0.120293
1 0.761876 0.0474686 0.142971 0.0949371
1 0.593538 0.505903 0.10746 0.10747
1 0.988898 0.634353 0.0220363 0.085402
0 0.763023 0.0478656 0.14542 0.0953932
1 0.00735694 0.327245 0.0144635 0.112236
1 0.361803 0.984512 0.0600024 0.0309759
0 0.644173 0.547863 0.091462 0.0889232
