1 0.147367 0.333721 0.151297 0.112872
1 0.79023 0.666473 0.103584 0.112318
1 0.81614 0.52755 0.123186 0.109964
1 0.702265 0.797905 0.146642 0.118452
1 0.134712 0.42769 0.110866 0.0745395
1 0.156795 0.600115 0.122929 0.0910037
1 0.929606 0.948125 0.0649885 0.0692251
1 0.100536 0.0668152 0.142397 0.0870398
1 0.10725 0.161332 0.141128 0.11268
1 0.959836 0.787053 0.0803275 0.113886
0 0.150239 0.506682 0.126105 0.0794117
1 0.795809 0.966771 0.112735 0.0660405
1 0.0854285 0.0128034 0.107687 0.0254869
