1 0.241615 0.593262 0.131125 0.0860577
1 0.251149 0.677626 0.113566 0.0838374
1 0.853388 0.528724 0.129361 0.078354
1 0.859439 0.449001 0.123363 0.0812201
1 0.470521 0.506886 0.122008 0.0913868
1 0.105579 0.507406 0.13276 0.0783758
1 0.118117 0.0997113 0.0766828 0.120102
1 0.098643 0.599796 0.134518 0.0918897
1 0.632418 0.418824 0.130878 0.0844531
1 0.63605 0.757918 0.0852659 0.0578666
1 0.622869 0.947155 0.149688 0.0793834
1 0.250521 0.416048 0.113322 0.0772535
1 0.100865 0.323082 0.115058 0.0913749
1 0.258304 0.774465 0.1144 0.0787058
1 0.85905 0.885174 0.133682 0.0838031
1 0.627986 0.505168 0.154213 0.0909064
1 0.473644 0.872014 0.150577 0.0871873
1 0.625692 0.593346 0.149717 0.0811224
1 0.473595 0.785044 0.126381 0.0842319
1 0.48234 0.597735 0.126893 0.0874387
1 0.250442 0.861096 0.107031 0.0801873
1 0.242552 0.942481 0.125672 0.0835172
1 0.460847 0.420378 0.110449 0.0723924
1 0.0988937 0.780571 0.130744 0.0812621
1 0.61958 0.859068 0.133487 0.0893208
1 0.258857 0.500445 0.127385 0.0880433
1 0.0985791 0.686303 0.124875 0.0803984
1 0.963426 0.71428 0.0726773 0.0818496
1 0.858021 0.703783 0.129977 0.0838823
0 0.626769 0.679002 0.13892 0.0807018
1 0.85298 0.620119 0.123665 0.0795206
1 0.851657 0.794102 0.110678 0.0762875
1 0.848394 0.358431 0.0978148 0.0741368
1 0.471786 0.960618 0.115203 0.0777977
1 0.96994 0.631173 0.059809 0.0779727
1 0.1019 0.953966 0.131535 0.0896314
1 0.627297 0.326908 0.109754 0.0874008
1 0.103329 0.423366 0.129049 0.0818743
1 0.0943253 0.868239 0.120176 0.0785794
1 0.257275 0.329063 0.118872 0.0879558
1 0.0369899 0.104561 0.0735429 0.121721
1 0.845732 0.960641 0.114811 0.0782406
1 0.479312 0.685874 0.131148 0.0819256
1 0.983093 0.901984 0.0333699 0.083581
1 0.20653 0.12078 0.0557526 0.0839909
0 0.31212 0.11894 0.097771 0.105256
1 0.962227 0.498177 0.0755463 0.170003
1 0.46687 0.333627 0.102752 0.0941079
1 0.63112 0.680457 0.119709 0.0778953
