2 0.102701 0.889819 0.17807 0.219172
2 0.18375 0.244867 0.259512 0.259272
2 0.627936 0.900574 0.223252 0.197954
1 0.230538 0.705334 0.130899 0.132211
2 0.264424 0.936998 0.131517 0.12491
3 0.952412 0.660717 0.0945678 0.283329
1 0.452475 0.812365 0.120966 0.145037
2 0.0328738 0.745411 0.0649336 0.156286
0 0.972272 0.38084 0.0546367 0.0627351
3 0.935865 0.948514 0.127521 0.102502
1 0.969341 0.139145 0.0606406 0.142126
1 0.224867 0.365805 0.111506 0.098837
2 0.969355 0.140481 0.0600301 0.146399
2 0.0704931 0.0620595 0.139958 0.123397
