1 0.199026 0.199923 0.19003 0.176288
1 0.0878677 0.737277 0.174306 0.136646
1 0.369867 0.513634 0.232881 0.146897
1 0.499918 0.807387 0.12967 0.0948858
2 0.144568 0.938993 0.289137 0.121139
1 0.11011 0.83738 0.22022 0.144507
2 0.509084 0.0446027 0.185243 0.0889216
1 0.055484 0.0521259 0.110968 0.104169
1 0.42982 0.719685 0.208843 0.161204
1 0.32108 0.388921 0.252765 0.208024
1 0.0340171 0.412537 0.0680341 0.124005
1 0.414455 0.853199 0.105781 0.113495
1 0.137403 0.0251767 0.124788 0.0499207
1 0.537952 0.91502 0.171274 0.102676
2 0.276176 0.28629 0.277976 0.213774
0 0.73934 0.507123 0.183419 0.221531
2 0.325856 0.390065 0.242226 0.211308
1 0.44797 0.61097 0.325374 0.176079
2 0.447245 0.610521 0.3277 0.180899
1 0.113066 0.580067 0.0704793 0.0589235
1 0.056931 0.509577 0.113862 0.117088
