1 0.296406 0.551852 0.114813 0.0989711
1 0.0843459 0.699649 0.0796246 0.113856
0 0.679586 0.168093 0.092685 0.114593
1 0.288712 0.711992 0.120576 0.076225
1 0.745636 0.535492 0.0939748 0.113085
1 0.558863 0.705761 0.0898132 0.0991383
1 0.416681 0.183338 0.0887843 0.144408
1 0.610161 0.558582 0.178156 0.123904
1 0.116882 0.317314 0.121126 0.149622
1 0.505277 0.32342 0.104167 0.119649
1 0.412394 0.340596 0.0979344 0.124278
1 0.320183 0.180774 0.103651 0.108496
1 0.948165 0.111161 0.103171 0.131328
1 0.683456 0.308721 0.0986235 0.105527
1 0.0292508 0.532552 0.0585015 0.137414
1 0.973276 0.682979 0.0527608 0.126609
1 0.398277 0.550163 0.0934677 0.0934471
1 0.920268 0.52193 0.10205 0.134189
0 0.777321 0.295303 0.113276 0.118913
1 0.96185 0.287713 0.0761025 0.136317
1 0.832457 0.532093 0.0991685 0.124019
1 0.908199 0.668183 0.101367 0.150346
1 0.502199 0.17704 0.0869462 0.107489
1 0.596813 0.314348 0.0941693 0.107056
1 0.0189602 0.697921 0.0376141 0.116673
1 0.31369 0.31682 0.103488 0.137839
1 0.485344 0.552109 0.0745285 0.102422
0 0.591901 0.175045 0.0920916 0.110184
0 0.853412 0.135631 0.107554 0.14005
1 0.470269 0.702972 0.0897264 0.0977576
1 0.0741561 0.550629 0.0529773 0.126433
1 0.816644 0.67601 0.0930817 0.140124
0 0.13255 0.172912 0.108191 0.117567
1 0.568363 0.558603 0.0904989 0.116007
1 0.389554 0.706765 0.0716475 0.0878572
1 0.591514 0.175441 0.0941846 0.108155
0 0.0451408 0.15649 0.0897904 0.114568
1 0.770226 0.138278 0.0901407 0.0948002
1 0.852652 0.133971 0.108202 0.136571
0 0.876934 0.284739 0.11509 0.116119
1 0.0300804 0.314168 0.0601608 0.0940476
1 0.101189 0.553061 0.10657 0.131488
1 0.978047 0.514076 0.0437644 0.143854
