0 0.122766 0.144022 0.127172 0.114308
1 0.27126 0.401783 0.146071 0.149636
1 0.471445 0.775644 0.169144 0.159123
1 0.649023 0.752227 0.156947 0.133716
1 0.300542 0.923643 0.127648 0.131764
0 0.505292 0.366115 0.140069 0.130815
1 0.0551867 0.795492 0.109585 0.138033
1 0.697804 0.665859 0.117655 0.111773
1 0.7451 0.573926 0.156909 0.120973
1 0.86858 0.869123 0.150865 0.110576
0 0.363973 0.362072 0.143671 0.131772
1 0.217176 0.885678 0.13228 0.140474
1 0.275014 0.561768 0.129094 0.113297
1 0.930387 0.695146 0.137147 0.117765
1 0.748799 0.453467 0.130532 0.117015
1 0.967989 0.47891 0.0631697 0.108767
0 0.718088 0.280436 0.122638 0.0911592
1 0.570328 0.477312 0.159474 0.121307
1 0.252791 0.672386 0.135208 0.129763
1 0.889964 0.781434 0.128009 0.117311
1 0.94693 0.577456 0.105222 0.0843964
1 0.128845 0.851731 0.121267 0.126994
1 0.350139 0.0738133 0.133596 0.137093
1 0.943044 0.252889 0.111662 0.156403
1 0.442618 0.0639663 0.0911572 0.12699
1 0.733116 0.367384 0.124693 0.0892817
1 0.0817508 0.477636 0.162614 0.142026
0 0.535005 0.60274 0.122016 0.108104
0 0.0370146 0.164705 0.0738743 0.110592
1 0.644411 0.0420555 0.169876 0.0835919
1 0.236191 0.12617 0.124356 0.0966561
0 0.525828 0.048877 0.100971 0.0972352
1 0.499392 0.668343 0.124503 0.110473
1 0.831905 0.947268 0.138796 0.105028
0 0.600167 0.823603 0.145984 0.12657
1 0.532519 0.603494 0.125077 0.106488
0 0.098688 0.577777 0.130781 0.121881
0 0.461481 0.967321 0.119956 0.0647776
0 0.0828485 0.473007 0.164859 0.138719
1 0.601151 0.825344 0.146112 0.11957
0 0.237437 0.126173 0.123956 0.103837
1 0.380343 0.948115 0.121084 0.102359
1 0.525859 0.049161 0.0980909 0.09807
