0 0.114721 0.210455 0.102833 0.133852
0 0.191627 0.228828 0.10101 0.137461
0 0.335652 0.65006 0.101583 0.131618
0 0.414282 0.678196 0.107896 0.134645
1 0.231839 0.394266 0.0916015 0.101497
0 0.253602 0.637585 0.109379 0.146071
1 0.227268 0.761294 0.102462 0.124793
0 0.14762 0.743587 0.108419 0.12779
0 0.481547 0.0667148 0.0893105 0.129597
1 0.0761053 0.352164 0.0919066 0.105064
1 0.465284 0.836453 0.114557 0.14607
1 0.680134 0.85746 0.144589 0.111696
0 0.310442 0.414326 0.0890106 0.102712
1 0.10085 0.579772 0.101151 0.120576
0 0.0430597 0.174136 0.083088 0.0988576
1 0.0665244 0.726544 0.0980735 0.124435
1 0.692297 0.769811 0.114366 0.0951308
1 0.154322 0.364717 0.0958875 0.110731
0 0.40377 0.0539773 0.0903802 0.106532
1 0.711874 0.687395 0.123316 0.0912757
1 0.381628 0.809811 0.114046 0.127783
1 0.3917 0.429534 0.0981464 0.132613
1 0.30435 0.782383 0.103789 0.133861
1 0.272672 0.239547 0.088078 0.105114
1 0.4679 0.448886 0.0891058 0.107718
1 0.0378604 0.568951 0.0757208 0.13777
0 0.271511 0.244553 0.0909809 0.121821
1 0.822838 0.303011 0.139564 0.0936627
0 0.549438 0.475507 0.11746 0.152755
0 0.723148 0.609165 0.101868 0.0916421
0 0.0215614 0.70351 0.0427117 0.118069
1 0.0213355 0.336625 0.0423979 0.100588
0 0.180761 0.620062 0.109343 0.142705
0 0.505523 0.312404 0.106504 0.139836
0 0.589013 0.319048 0.0926003 0.118223
1 0.179842 0.620327 0.108201 0.139714
1 0.043319 0.174587 0.0824852 0.101313
0 0.226739 0.761771 0.102108 0.126097
0 0.712685 0.688033 0.124077 0.0959878
0 0.853724 0.1405 0.12623 0.0871844
2 0.824579 0.302445 0.14361 0.0942388
0 0.352548 0.271463 0.111097 0.155172
1 0.422788 0.287669 0.0874437 0.117181
