1 0.326259 0.637818 0.10707 0.117895
1 0.249432 0.140743 0.107083 0.101245
1 0.9612 0.204134 0.0775324 0.124252
1 0.434921 0.186877 0.0474041 0.0471255
1 0.160865 0.304811 0.0489454 0.0579235
1 0.759542 0.322794 0.107063 0.0954115
1 0.227586 0.371659 0.0950065 0.139924
1 0.408806 0.24226 0.078276 0.0634
1 0.539695 0.501522 0.0851268 0.1108
1 0.517726 0.229904 0.0866911 0.0843125
0 0.874202 0.106558 0.0970747 0.0847111
0 0.0838923 0.377688 0.081924 0.0669072
1 0.329283 0.356267 0.112064 0.0875723
0 0.328764 0.357151 0.116663 0.0855517
1 0.0303518 0.599166 0.0607036 0.104655
1 0.953469 0.421659 0.0930612 0.107697
1 0.0826975 0.377582 0.0809979 0.0653684
