0 0.746497 0.663395 0.147599 0.122019
0 0.705298 0.563272 0.128184 0.129734
1 0.626721 0.478818 0.0991857 0.127295
1 0.271426 0.738897 0.151554 0.178398
1 0.39671 0.638724 0.182174 0.131729
1 0.419075 0.730832 0.154877 0.124497
1 0.520585 0.882807 0.157149 0.121397
1 0.420126 0.468588 0.0975532 0.0925283
0 0.72088 0.786422 0.160517 0.122443
1 0.314933 0.895568 0.161122 0.117537
1 0.802096 0.94163 0.169616 0.116167
1 0.47782 0.80226 0.132225 0.109128
1 0.525568 0.483369 0.0921699 0.108977
1 0.738617 0.862952 0.120308 0.110287
1 0.0740729 0.703517 0.112842 0.135938
3 0.861014 0.31629 0.273302 0.38853
1 0.549659 0.949807 0.148666 0.0999467
1 0.415782 0.983402 0.0864116 0.0326684
0 0.181454 0.663547 0.137765 0.164748
3 0.891486 0.745269 0.17871 0.354439
0 0.0741596 0.702591 0.112878 0.134177
2 0.887649 0.746438 0.17853 0.357203
2 0.867594 0.315777 0.256267 0.387311
3 0.479538 0.245484 0.376741 0.164549
0 0.0426387 0.942931 0.0849025 0.114138
