1 0.476565 0.60577 0.108156 0.111095
1 0.621609 0.202278 0.0830743 0.0636573
0 0.132951 0.260676 0.119466 0.134674
1 0.604249 0.432077 0.10878 0.103154
1 0.171349 0.978885 0.102277 0.0418855
1 0.431186 0.0353229 0.114395 0.0696716
1 0.195097 0.759797 0.0830494 0.109396
0 0.602498 0.118705 0.0856144 0.0653065
1 0.326008 0.962766 0.0737916 0.0741547
1 0.603073 0.118596 0.0853944 0.0656907
1 0.862087 0.974822 0.0902922 0.0499973
0 0.214236 0.685415 0.0744314 0.056253
0 0.30893 0.512422 0.101069 0.0825235
1 0.406831 0.250147 0.0953738 0.0697565
2 0.429812 0.0344817 0.117109 0.0687457
0 0.397272 0.125759 0.0976466 0.0907791
1 0.968414 0.287576 0.0628178 0.103738
0 0.194623 0.760554 0.0836193 0.107099
