1 0.86886 0.156689 0.127901 0.128732
1 0.72546 0.473527 0.149657 0.164558
1 0.137923 0.54993 0.159747 0.149383
1 0.925234 0.303503 0.149533 0.146211
1 0.862975 0.372815 0.120136 0.107591
1 0.496246 0.439233 0.107131 0.121928
1 0.926841 0.0899624 0.142488 0.135038
1 0.753613 0.291728 0.149353 0.152213
1 0.337435 0.25163 0.111501 0.132222
1 0.824107 0.829289 0.105874 0.105369
1 0.631141 0.773405 0.108397 0.104169
1 0.747456 0.861989 0.129032 0.146852
1 0.538882 0.811816 0.0993832 0.096338
1 0.254382 0.0958995 0.109268 0.126982
1 0.506218 0.189697 0.121162 0.142125
1 0.1708 0.121682 0.0982721 0.0984358
1 0.576143 0.566732 0.100941 0.108056
1 0.649575 0.0740855 0.127613 0.128471
1 0.261386 0.290425 0.0924504 0.106468
1 0.948522 0.745853 0.102957 0.149055
1 0.585306 0.129875 0.157915 0.155385
1 0.139449 0.835806 0.128679 0.104473
1 0.12849 0.688448 0.0799802 0.0989227
1 0.807551 0.668162 0.154593 0.145447
1 0.0413581 0.752254 0.0771807 0.104168
1 0.422499 0.217551 0.135831 0.164363
1 0.796168 0.417816 0.127601 0.12996
1 0.425743 0.467553 0.0966614 0.119728
1 0.588938 0.403384 0.116885 0.127496
1 0.500025 0.612086 0.106533 0.108911
1 0.0299569 0.17734 0.0599138 0.105746
1 0.910519 0.624301 0.138374 0.14188
1 0.0393612 0.346681 0.0778383 0.129095
1 0.107983 0.343143 0.102071 0.11676
1 0.289964 0.659908 0.11211 0.127047
1 0.184774 0.311721 0.101115 0.1048
1 0.259535 0.508942 0.104944 0.12152
1 0.827031 0.218108 0.122371 0.1176
1 0.895514 0.78786 0.124218 0.144263
1 0.951794 0.0423316 0.0964116 0.0841791
1 0.342977 0.497426 0.104828 0.141971
0 0.385516 0.662058 0.10527 0.141754
1 0.714209 0.73522 0.128364 0.116119
0 0.091697 0.160597 0.109894 0.133675
1 0.657587 0.536921 0.113587 0.113265
1 0.672105 0.350256 0.106442 0.115822
1 0.953613 0.230753 0.0921797 0.145042
1 0.0357101 0.913018 0.0714202 0.0701632
1 0.709501 0.0373273 0.132023 0.0743741
1 0.9586 0.551981 0.0815516 0.121274
1 0.310368 0.946379 0.107357 0.106683
1 0.433769 0.0406009 0.112992 0.0810141
0 0.0335886 0.576349 0.0668008 0.1081
1 0.447566 0.840635 0.107207 0.113363
1 0.384944 0.917878 0.0934089 0.121506
1 0.384432 0.659278 0.103843 0.133837
0 0.346598 0.0631384 0.111352 0.091977
1 0.689795 0.962242 0.119442 0.0750816
