1 0.839813 0.211475 0.175987 0.150431
1 0.318668 0.0861368 0.1751 0.171464
1 0.587071 0.152139 0.153983 0.138283
1 0.265397 0.213574 0.146236 0.110525
1 0.877259 0.112686 0.168734 0.0885406
1 0.872342 0.0394685 0.117648 0.0765973
1 0.518307 0.297605 0.135028 0.148028
1 0.233827 0.267633 0.105772 0.0784054
1 0.0380788 0.068604 0.0757685 0.113043
1 0.799018 0.34545 0.103726 0.0885266
1 0.784936 0.405306 0.119908 0.0807642
1 0.969064 0.433711 0.0612898 0.126376
0 0.965105 0.308923 0.0690393 0.0985848
