1 0.673173 0.942459 0.117882 0.100795
1 0.372513 0.773844 0.116974 0.115694
1 0.500026 0.187922 0.0972565 0.105823
1 0.0889305 0.670818 0.0971825 0.108617
1 0.372174 0.0539606 0.121401 0.107345
1 0.57518 0.509895 0.0949326 0.126301
1 0.1142 0.26834 0.112866 0.151748
1 0.690352 0.791987 0.133824 0.149533
1 0.100394 0.468585 0.142926 0.110066
2 0.150703 0.842377 0.118024 0.118893
0 0.640045 0.251748 0.0853429 0.104523
1 0.222576 0.977482 0.112692 0.0446727
1 0.150065 0.842585 0.11736 0.120182
2 0.691663 0.790924 0.131836 0.147514
0 0.329092 0.950024 0.10495 0.0864657
