1 0.273232 0.1867 0.143647 0.0939049
1 0.921113 0.876507 0.10717 0.144141
1 0.282547 0.267782 0.148745 0.0963273
1 0.059081 0.303513 0.118162 0.0865539
1 0.425982 0.162663 0.137871 0.0889553
1 0.0518432 0.141993 0.103686 0.094478
1 0.447924 0.331622 0.126028 0.0983707
1 0.655608 0.651378 0.115805 0.159195
1 0.323107 0.725733 0.0991025 0.136473
1 0.405498 0.702314 0.0996865 0.126334
1 0.439669 0.250482 0.119597 0.0825643
1 0.744837 0.645431 0.119128 0.15236
1 0.298773 0.555193 0.0931821 0.113579
1 0.804348 0.225794 0.105884 0.167317
1 0.259091 0.104348 0.146297 0.0976102
1 0.824308 0.894248 0.119328 0.1421
1 0.170767 0.943787 0.127623 0.0866427
1 0.0594437 0.388216 0.118887 0.0991319
1 0.644879 0.919164 0.111158 0.148367
0 0.690672 0.277567 0.153251 0.104657
1 0.727796 0.900348 0.108032 0.152002
1 0.298384 0.352655 0.151129 0.109582
1 0.219053 0.573725 0.0915028 0.12476
1 0.556857 0.9286 0.0986342 0.139457
1 0.0527937 0.0556647 0.105587 0.0963949
1 0.0521547 0.225533 0.104309 0.0836613
1 0.082839 0.753993 0.0914748 0.117683
1 0.469707 0.54329 0.0914862 0.140561
1 0.135749 0.591208 0.101341 0.133793
1 0.241613 0.0328604 0.125009 0.0648514
1 0.411928 0.0821709 0.135984 0.0863984
1 0.67757 0.188312 0.134807 0.0928182
1 0.158086 0.732398 0.0962623 0.145793
1 0.633546 0.50551 0.103357 0.145361
1 0.0579495 0.602684 0.0947762 0.128942
1 0.87918 0.153246 0.0977943 0.133122
1 0.550151 0.520577 0.107044 0.143652
1 0.930901 0.455101 0.133576 0.136443
1 0.38831 0.0233378 0.131957 0.0462865
1 0.485739 0.683263 0.105354 0.158688
0 0.944717 0.0236574 0.104589 0.0469769
1 0.382168 0.544653 0.100628 0.123361
1 0.473783 0.929607 0.0970397 0.140786
1 0.72741 0.491719 0.100655 0.118901
1 0.246229 0.73364 0.0975125 0.121939
1 0.0348273 0.88704 0.06946 0.101048
1 0.388533 0.932416 0.0988237 0.134243
1 0.960293 0.13279 0.0793374 0.143972
1 0.668552 0.0990792 0.144107 0.0972407
1 0.927759 0.619479 0.112992 0.140895
1 0.647378 0.0314085 0.127433 0.062569
1 0.570171 0.670077 0.1006 0.171237
1 0.0362885 0.98482 0.0720825 0.0303607
1 0.979465 0.867005 0.0402392 0.155515
0 0.80628 0.226119 0.1075 0.170747
1 0.0229067 0.781675 0.0449978 0.0830569
1 0.975691 0.460606 0.0479536 0.128232
0 0.684506 0.0996514 0.106699 0.092173
