1 0.0837645 0.803958 0.166264 0.168411
1 0.66938 0.809232 0.153295 0.148487
1 0.836409 0.729709 0.159099 0.147727
1 0.459615 0.646085 0.184843 0.179942
1 0.694251 0.167585 0.178893 0.191373
1 0.641866 0.505882 0.167798 0.165769
1 0.926545 0.152113 0.146659 0.174338
1 0.152925 0.346301 0.150535 0.146778
1 0.563956 0.722983 0.172674 0.168284
1 0.0833202 0.254781 0.166164 0.183134
1 0.146409 0.0617911 0.187161 0.12271
1 0.446566 0.341772 0.159616 0.165036
1 0.857577 0.0707794 0.159707 0.141559
1 0.404143 0.506602 0.125455 0.142283
1 0.720021 0.629896 0.170584 0.146201
1 0.262876 0.454016 0.186013 0.17217
1 0.191832 0.156251 0.141387 0.149048
1 0.863542 0.942796 0.203554 0.112957
1 0.253083 0.951505 0.172207 0.0956616
1 0.353675 0.565323 0.122707 0.121823
1 0.342565 0.859418 0.154926 0.152979
1 0.190949 0.706096 0.204459 0.210035
1 0.716588 0.926081 0.148206 0.145177
1 0.281496 0.127708 0.161547 0.171903
1 0.962301 0.469251 0.073333 0.119613
1 0.608024 0.0472978 0.151817 0.0938104
1 0.950867 0.795969 0.0982651 0.12041
1 0.834529 0.264548 0.0957104 0.0995325
1 0.911056 0.371698 0.121308 0.134336
1 0.549914 0.0645098 0.115056 0.115222
1 0.966412 0.927072 0.0665088 0.119632
1 0.474104 0.0264588 0.0925756 0.0528068
1 0.986161 0.22031 0.0272253 0.0477257
1 0.773321 0.291059 0.10959 0.11305
1 0.0244073 0.519186 0.0485518 0.0891392
1 0.334763 0.216485 0.109914 0.124591
1 0.039779 0.91968 0.0787726 0.155254
1 0.788366 0.875197 0.127087 0.123372
1 0.521409 0.456296 0.0964905 0.0885416
1 0.328262 0.229871 0.169057 0.16846
1 0.118553 0.988774 0.0620423 0.0224526
1 0.284643 0.265231 0.0742406 0.0773115
1 0.160814 0.695023 0.132325 0.141582
1 0.0485827 0.216495 0.0944864 0.0973312
