1 0.650774 0.827905 0.0879169 0.0838988
1 0.853497 0.159644 0.0951042 0.103317
1 0.39801 0.313567 0.0977213 0.0915929
1 0.683348 0.603969 0.0811822 0.0721273
1 0.366065 0.0537615 0.137657 0.106824
1 0.657034 0.076223 0.116171 0.152446
0 0.734963 0.476634 0.0735145 0.0618159
1 0.544679 0.435636 0.10298 0.0933103
0 0.764875 0.0341664 0.13128 0.0677696
0 0.703642 0.280789 0.0912595 0.088329
0 0.537117 0.326512 0.103423 0.0983555
0 0.979018 0.179378 0.0415725 0.0567092
0 0.760219 0.20934 0.114454 0.116738
