1 0.317251 0.955074 0.0773572 0.0870528
1 0.150559 0.95587 0.078098 0.0863354
1 0.237093 0.958319 0.0863552 0.0809286
1 0.0693071 0.961644 0.0757821 0.0739548
1 0.689676 0.956104 0.0745794 0.0859277
1 0.851057 0.952929 0.0799307 0.0932943
1 0.23808 0.736602 0.084055 0.132627
1 0.934199 0.9597 0.0878284 0.078076
1 0.844672 0.730545 0.081059 0.104903
1 0.766661 0.954633 0.0812299 0.0880513
1 0.403548 0.705427 0.0855652 0.177742
1 0.322492 0.751802 0.0826458 0.127207
1 0.404565 0.956641 0.0870892 0.086638
0 0.0747431 0.740007 0.0646011 0.128271
1 0.500257 0.951013 0.0934179 0.0973587
0 0.669078 0.749829 0.11417 0.129947
1 0.153026 0.741582 0.0758241 0.137195
1 0.927796 0.736427 0.0773261 0.112293
1 0.990168 0.955002 0.0195699 0.0891573
1 0.760593 0.735475 0.0827382 0.0976924
1 0.0115154 0.957964 0.0226778 0.0840714
1 0.0114374 0.747966 0.0225418 0.109004
1 0.986645 0.735358 0.0265141 0.148559
0 0.927823 0.735128 0.07821 0.107585
0 0.153089 0.743582 0.0807039 0.139286
