0 0.609524 0.658808 0.116892 0.118833
1 0.1294 0.93117 0.128319 0.137013
1 0.173731 0.376799 0.111242 0.117241
1 0.678191 0.876938 0.120012 0.116087
1 0.110665 0.669452 0.131554 0.145675
1 0.795651 0.332717 0.14507 0.142194
1 0.929632 0.057557 0.140736 0.115114
1 0.741449 0.931245 0.134009 0.135837
1 0.175666 0.614415 0.135284 0.146785
1 0.508682 0.302205 0.0963242 0.104156
1 0.0752415 0.500081 0.150483 0.164287
1 0.68442 0.694798 0.136292 0.13492
1 0.528869 0.584588 0.126374 0.116928
1 0.625704 0.373947 0.120319 0.103176
1 0.323093 0.161758 0.112255 0.107856
1 0.468041 0.66724 0.141238 0.138225
1 0.0628882 0.182191 0.121308 0.112696
1 0.88031 0.85186 0.13792 0.13662
1 0.49113 0.873577 0.121647 0.136536
1 0.0990931 0.112183 0.119449 0.109261
1 0.659441 0.224841 0.146545 0.146815
1 0.121988 0.442265 0.125698 0.130149
1 0.864039 0.378564 0.142849 0.149345
1 0.877025 0.12585 0.168279 0.166112
1 0.162118 0.0561977 0.10977 0.112395
1 0.249431 0.575685 0.121803 0.118421
1 0.0539144 0.952917 0.107829 0.0937717
1 0.686825 0.436996 0.131438 0.137098
1 0.0420185 0.712021 0.0840371 0.115152
1 0.432387 0.310538 0.0924124 0.120824
1 0.557691 0.840846 0.113489 0.122925
1 0.33362 0.412111 0.0778524 0.0804211
1 0.267981 0.83103 0.117697 0.125534
1 0.038173 0.255229 0.0763459 0.129771
1 0.445604 0.0580932 0.159134 0.114908
1 0.202716 0.887452 0.121027 0.132311
1 0.405398 0.731274 0.114978 0.0963856
1 0.313982 0.508847 0.136753 0.121358
1 0.289837 0.238291 0.134801 0.131021
1 0.347452 0.804789 0.126055 0.120897
1 0.732055 0.26579 0.107979 0.120596
1 0.525885 0.120356 0.136163 0.157828
0 0.237056 0.312564 0.133977 0.136315
0 0.753479 0.476508 0.106888 0.0980141
1 0.438522 0.959509 0.118507 0.0806645
1 0.21409 0.0241195 0.0948834 0.048168
1 0.817204 0.802756 0.130102 0.148902
1 0.822006 0.971718 0.114257 0.056321
1 0.414926 0.0407378 0.0900962 0.0810939
1 0.0333204 0.556605 0.0660714 0.116251
1 0.947343 0.900915 0.104583 0.118671
1 0.668004 0.0261138 0.105368 0.0518466
1 0.378963 0.106218 0.11988 0.119459
1 0.0245738 0.123556 0.04872 0.0577023
1 0.598902 0.168838 0.111917 0.115936
1 0.754031 0.476661 0.10781 0.103008
1 0.0142079 0.766086 0.0281551 0.0672362
1 0.236316 0.310811 0.136099 0.132827
0 0.947309 0.901361 0.105383 0.118633
1 0.971039 0.0183784 0.0576122 0.0364484
