1 0.425749 0.264796 0.18342 0.219877
1 0.159839 0.279061 0.17194 0.156435
1 0.261929 0.766065 0.191501 0.191593
1 0.788344 0.533751 0.174044 0.221154
1 0.699883 0.406089 0.247224 0.218084
1 0.864152 0.089184 0.152575 0.177545
1 0.137305 0.50055 0.184569 0.212767
1 0.93006 0.848232 0.13988 0.140738
1 0.278206 0.386173 0.222692 0.217844
1 0.805223 0.961737 0.148988 0.0759587
1 0.557812 0.901426 0.0905707 0.0967624
1 0.551451 0.545045 0.208507 0.242146
1 0.437132 0.892349 0.150178 0.158473
1 0.603427 0.0984014 0.15761 0.18275
0 0.924639 0.261122 0.145038 0.201093
1 0.631285 0.851544 0.141492 0.158213
1 0.0536314 0.60293 0.107108 0.164903
1 0.580918 0.214752 0.0955707 0.0807683
1 0.969224 0.403731 0.0607401 0.140346
1 0.870712 0.705675 0.165586 0.161797
0 0.657964 0.686602 0.143326 0.167472
1 0.0348489 0.0306613 0.0696977 0.0611158
1 0.47233 0.0192007 0.126582 0.0379717
0 0.863897 0.704503 0.148644 0.160024
1 0.0699863 0.355437 0.139806 0.165065
1 0.334893 0.158042 0.0951313 0.102858
1 0.30068 0.110629 0.169641 0.202564
