0 0.181169 0.471928 0.16213 0.152991
1 0.855781 0.455112 0.123789 0.112528
0 0.085282 0.410954 0.10654 0.124018
1 0.181433 0.782983 0.135721 0.156106
1 0.167384 0.312109 0.105205 0.105963
0 0.541669 0.451797 0.0948772 0.111716
1 0.499172 0.31542 0.10443 0.104294
1 0.757885 0.738864 0.133341 0.113001
0 0.347077 0.616763 0.120611 0.123832
1 0.379369 0.325708 0.10011 0.104396
0 0.335615 0.78741 0.0948364 0.118458
1 0.12519 0.205713 0.103173 0.104835
1 0.474165 0.185568 0.110239 0.095277
1 0.378381 0.0550677 0.171751 0.109132
0 0.519677 0.0232695 0.0689048 0.0464146
2 0.378243 0.0551606 0.17087 0.109579
1 0.518645 0.0216598 0.067011 0.0430194
