1 0.59317 0.832886 0.123636 0.1188
1 0.799096 0.289915 0.0987678 0.109058
1 0.505605 0.267218 0.156047 0.113117
1 0.863282 0.606257 0.130064 0.136731
1 0.275363 0.765264 0.127273 0.118279
1 0.504822 0.723035 0.176791 0.149359
1 0.762486 0.887166 0.117986 0.090188
1 0.829226 0.742405 0.116241 0.11315
0 0.105588 0.461045 0.127061 0.132657
1 0.869408 0.896355 0.0855176 0.0911632
1 0.365665 0.540256 0.121626 0.115829
1 0.0415984 0.884608 0.0825305 0.161568
1 0.820176 0.982068 0.0954187 0.0352604
1 0.972003 0.451853 0.0551754 0.122951
1 0.953303 0.92093 0.0933934 0.0941764
1 0.901795 0.443981 0.0739607 0.0863853
1 0.511263 0.377718 0.151909 0.0618211
1 0.714002 0.984294 0.077652 0.0314112
0 0.87055 0.895724 0.0862083 0.091172
