1 0.778037 0.477599 0.129599 0.101258
1 0.474637 0.0401093 0.0798892 0.0797437
1 0.767403 0.569782 0.109703 0.087036
1 0.783591 0.372578 0.131229 0.100717
1 0.781431 0.127149 0.126429 0.129356
2 0.327892 0.682468 0.646611 0.635064
1 0.769565 0.960859 0.144144 0.07788
1 0.758205 0.870617 0.128428 0.085187
1 0.369822 0.208622 0.0883856 0.124356
1 0.772601 0.770737 0.137748 0.107924
1 0.27783 0.206398 0.0879823 0.110856
1 0.380597 0.045777 0.105288 0.0915079
1 0.924453 0.962442 0.147993 0.0743127
1 0.19314 0.0475717 0.10334 0.0943251
1 0.1832 0.206906 0.103746 0.110935
1 0.76266 0.257147 0.0951626 0.114624
1 0.0664449 0.824163 0.104109 0.140578
1 0.0742182 0.420244 0.0904687 0.102281
1 0.0772211 0.20039 0.1163 0.107073
1 0.283883 0.0547755 0.0842074 0.109551
0 0.56092 0.227178 0.0917444 0.115036
1 0.577399 0.0619569 0.118016 0.122319
1 0.561028 0.223028 0.0972224 0.109582
1 0.0608984 0.960858 0.106062 0.0782835
1 0.943901 0.869258 0.111533 0.111045
1 0.157616 0.968162 0.0814216 0.0636754
1 0.567172 0.434933 0.110645 0.112475
1 0.455461 0.831606 0.0854666 0.139235
1 0.76528 0.664223 0.110317 0.0983794
1 0.16083 0.817348 0.0879182 0.10927
