0 0.546288 0.0588619 0.142356 0.116672
1 0.144297 0.926877 0.106668 0.1062
1 0.736457 0.405124 0.087183 0.0914143
1 0.342994 0.943851 0.106596 0.111091
1 0.52634 0.436828 0.147501 0.143437
1 0.323427 0.519868 0.0890212 0.0826285
0 0.600584 0.155065 0.158135 0.140906
1 0.674209 0.240054 0.15042 0.149355
1 0.393848 0.126284 0.113433 0.107278
1 0.45888 0.550235 0.0738068 0.0847468
1 0.35729 0.799361 0.0892044 0.0870448
1 0.201921 0.344325 0.109941 0.112184
1 0.0361301 0.643328 0.0721959 0.0816808
1 0.064933 0.160009 0.129866 0.135906
0 0.304894 0.216512 0.165608 0.165321
3 0.306142 0.215787 0.163969 0.156931
3 0.776555 0.887141 0.152884 0.149985
1 0.980675 0.0718808 0.0381579 0.0817135
0 0.673072 0.240542 0.150775 0.155026
1 0.398834 0.44005 0.0599586 0.0803569
