1 0.279942 0.710061 0.125754 0.135834
1 0.278273 0.468738 0.117507 0.112897
1 0.855435 0.781835 0.145348 0.102058
1 0.849688 0.893253 0.156877 0.115669
3 0.0875279 0.662296 0.175056 0.398486
1 0.371753 0.675455 0.106305 0.120512
1 0.96638 0.603439 0.0666205 0.0890143
1 0.838497 0.962637 0.159861 0.0742645
1 0.592567 0.810862 0.114146 0.146481
1 0.841351 0.674215 0.154035 0.0877874
0 0.467308 0.669379 0.13369 0.164339
0 0.474948 0.820453 0.067948 0.0433366
1 0.566324 0.875851 0.0560157 0.0437453
1 0.60046 0.712685 0.0572348 0.0531924
