1 0.137632 0.916598 0.104034 0.105607
1 0.693126 0.790005 0.136342 0.135305
1 0.221414 0.116361 0.0752093 0.100292
1 0.656363 0.385441 0.095937 0.11185
1 0.868659 0.926727 0.143643 0.137379
0 0.139096 0.103865 0.0798051 0.126264
0 0.13436 0.333233 0.0806591 0.108073
1 0.0919815 0.757921 0.132982 0.125683
1 0.89136 0.0831482 0.143394 0.0838775
1 0.193867 0.728709 0.15514 0.164636
1 0.588838 0.732314 0.107179 0.102993
1 0.744704 0.178496 0.133259 0.102207
1 0.909546 0.837204 0.145208 0.129447
1 0.342122 0.557057 0.101877 0.0879675
1 0.949409 0.754965 0.100049 0.122147
0 0.0494033 0.104949 0.0887304 0.156431
1 0.825752 0.395383 0.0857527 0.137995
1 0.632602 0.86855 0.141531 0.14174
1 0.238763 0.604506 0.11432 0.0943626
1 0.743228 0.390017 0.0766273 0.124757
1 0.895496 0.180947 0.0862899 0.0672786
0 0.353461 0.832737 0.121554 0.131011
1 0.898066 0.0185509 0.112794 0.0365725
0 0.97998 0.39496 0.0396776 0.137576
1 0.0443408 0.347171 0.084969 0.146339
1 0.867315 0.573781 0.138227 0.121428
1 0.913673 0.4019 0.087707 0.146377
1 0.218274 0.333333 0.0767047 0.102948
0 0.303952 0.360002 0.0842428 0.108345
1 0.738805 0.0806749 0.139499 0.0896384
1 0.745479 0.0212489 0.130342 0.0420626
0 0.217495 0.332004 0.0766723 0.109171
1 0.0132682 0.92538 0.0263042 0.0775206
1 0.528411 0.868376 0.0637737 0.0577506
1 0.0472718 0.795465 0.0945436 0.0870671
0 0.790912 0.675216 0.133667 0.13899
1 0.794258 0.969658 0.119389 0.0602901
0 0.914719 0.400726 0.087209 0.148453
1 0.987747 0.68199 0.0245069 0.0576055
0 0.485039 0.615005 0.0963774 0.0953206
