1 0.477846 0.893188 0.0851278 0.0862081
0 0.118844 0.0415823 0.101758 0.0831645
0 0.593045 0.0567306 0.13534 0.105426
1 0.40332 0.208033 0.11254 0.1034
1 0.320224 0.306449 0.0941506 0.0971695
1 0.784831 0.400706 0.113129 0.116878
1 0.963948 0.718485 0.0713165 0.0911744
1 0.55529 0.366211 0.115442 0.12348
1 0.691525 0.606589 0.203261 0.163055
0 0.247468 0.100042 0.0599383 0.0750519
1 0.0661994 0.192367 0.132399 0.135697
1 0.867833 0.65005 0.110804 0.112362
0 0.533666 0.26291 0.0837822 0.0835004
0 0.952515 0.552688 0.0946302 0.150295
0 0.786547 0.847588 0.0776858 0.0664914
1 0.784932 0.848543 0.0776186 0.0667291
1 0.53425 0.262626 0.07851 0.0838487
0 0.972949 0.0903335 0.0534008 0.0900398
