1 0.516526 0.810672 0.137582 0.158132
1 0.857211 0.926202 0.15135 0.147595
1 0.947012 0.659967 0.105976 0.162555
1 0.594367 0.86501 0.141261 0.143078
1 0.942529 0.390356 0.114941 0.129831
1 0.522253 0.64616 0.119767 0.122748
1 0.680057 0.739853 0.13255 0.14089
1 0.63198 0.0280284 0.0834808 0.0560569
1 0.705854 0.233823 0.140541 0.131758
1 0.0487712 0.865796 0.0965358 0.107838
1 0.40235 0.614844 0.132867 0.102306
1 0.953534 0.150175 0.0929314 0.111848
1 0.589515 0.426656 0.125966 0.139842
1 0.774674 0.0475043 0.140093 0.0950086
1 0.788338 0.283647 0.13507 0.144269
1 0.599996 0.69599 0.152772 0.154069
1 0.179052 0.228548 0.0915649 0.114192
1 0.373475 0.784104 0.12618 0.0909126
1 0.682614 0.462251 0.131981 0.149483
1 0.895679 0.62775 0.127487 0.121493
1 0.723298 0.954937 0.11455 0.0897379
1 0.385377 0.702838 0.147813 0.0917689
1 0.408474 0.402471 0.0929766 0.117757
1 0.743469 0.786257 0.122668 0.11243
0 0.751905 0.508483 0.165767 0.189329
1 0.342355 0.957646 0.153649 0.0843322
1 0.36106 0.867328 0.129924 0.0890248
1 0.64377 0.931368 0.117067 0.116193
1 0.121447 0.880341 0.057825 0.105897
1 0.607551 0.229755 0.0976571 0.123632
1 0.545165 0.02398 0.085732 0.0477638
1 0.815494 0.566254 0.157483 0.173961
2 0.158709 0.520765 0.156473 0.415775
0 0.518127 0.213178 0.0992901 0.128339
0 0.432183 0.194064 0.0878011 0.109842
1 0.209977 0.13193 0.0898082 0.100826
1 0.224867 0.0461031 0.0955019 0.0913248
1 0.869923 0.338301 0.142975 0.146344
1 0.495189 0.402367 0.0903215 0.128278
1 0.518015 0.209751 0.0952959 0.124733
1 0.973982 0.0750456 0.0516248 0.0984652
1 0.815024 0.850273 0.121793 0.11799
1 0.975131 0.944264 0.0494413 0.105547
0 0.819553 0.565428 0.155425 0.175604
1 0.457665 0.0199058 0.0788698 0.0398116
1 0.432832 0.194112 0.0884358 0.108479
1 0.951981 0.912918 0.0881772 0.10352
1 0.174453 0.370355 0.0918834 0.107546
1 0.749815 0.516566 0.16647 0.184544
