1 0.111528 0.873677 0.17483 0.190799
1 0.456864 0.0912723 0.11657 0.149814
1 0.686922 0.446963 0.151093 0.140557
1 0.805099 0.401394 0.144626 0.15477
1 0.196251 0.179004 0.139125 0.153507
1 0.265673 0.38605 0.143829 0.165801
1 0.835521 0.1617 0.098351 0.126218
1 0.893885 0.574252 0.148178 0.153733
1 0.560722 0.485229 0.14709 0.147096
1 0.30501 0.582677 0.107318 0.133153
1 0.946426 0.138154 0.104576 0.133921
1 0.76529 0.194387 0.0836062 0.113498
1 0.526358 0.92254 0.138048 0.136394
1 0.572548 0.706185 0.174951 0.193578
1 0.119006 0.428896 0.226766 0.199804
1 0.566362 0.064093 0.0964658 0.123923
1 0.479541 0.515184 0.102606 0.122084
1 0.255818 0.799915 0.103321 0.135199
1 0.278074 0.946835 0.141704 0.104954
1 0.313327 0.781805 0.0997344 0.139188
1 0.184854 0.0409093 0.0984893 0.0811709
1 0.343275 0.130033 0.109473 0.140878
0 0.244504 0.594368 0.0957151 0.132044
1 0.491192 0.337729 0.0756843 0.0915453
1 0.944274 0.783688 0.111452 0.130089
1 0.396698 0.54559 0.165849 0.154826
1 0.478224 0.730308 0.107392 0.120991
1 0.369192 0.940423 0.104409 0.118948
1 0.391516 0.339197 0.150495 0.177022
0 0.668041 0.0449909 0.126682 0.0898333
1 0.116651 0.20844 0.105564 0.140033
0 0.068463 0.670211 0.0929922 0.126765
1 0.0854827 0.052518 0.152806 0.104298
1 0.20903 0.823191 0.120474 0.181563
1 0.187086 0.971437 0.0949028 0.0569386
1 0.425146 0.541147 0.100336 0.126549
1 0.282443 0.154145 0.0995243 0.13994
1 0.977093 0.276875 0.0452662 0.107175
1 0.0346556 0.491045 0.0683954 0.135999
1 0.0277278 0.249765 0.054922 0.146877
1 0.805777 0.0255714 0.103715 0.0510873
1 0.185088 0.600243 0.112607 0.153937
0 0.433427 0.924723 0.122864 0.150553
1 0.97005 0.550244 0.0597535 0.10986
0 0.931635 0.35261 0.136731 0.14499
2 0.944472 0.783655 0.111056 0.132109
1 0.0686158 0.225763 0.113201 0.138524
1 0.125607 0.625734 0.11168 0.158712
1 0.987417 0.504053 0.0247836 0.0557663
0 0.712973 0.0331973 0.0763855 0.0663314
1 0.461872 0.269428 0.0879653 0.0879535
1 0.24564 0.595282 0.0957378 0.128894
