1 0.277597 0.321845 0.117742 0.124815
1 0.751503 0.383781 0.122018 0.109104
1 0.134493 0.941734 0.110872 0.105967
1 0.318269 0.158114 0.109738 0.122611
1 0.941665 0.757482 0.116559 0.115359
1 0.707558 0.715098 0.131524 0.111112
1 0.900133 0.152145 0.172659 0.161717
0 0.966296 0.465103 0.0662718 0.108298
1 0.525461 0.731488 0.140288 0.131843
1 0.28205 0.726022 0.124998 0.152328
1 0.585922 0.221775 0.120033 0.132845
1 0.0985515 0.705115 0.106928 0.109188
1 0.101767 0.279714 0.114245 0.127116
1 0.687913 0.295703 0.153316 0.134355
1 0.761742 0.591603 0.127405 0.115399
1 0.135378 0.522718 0.0817151 0.114875
1 0.891442 0.926491 0.146546 0.108974
1 0.747394 0.477084 0.139433 0.119314
1 0.320177 0.96515 0.0946185 0.0696994
1 0.954322 0.351977 0.0909719 0.135432
1 0.681806 0.797869 0.146186 0.115363
1 0.136113 0.123866 0.10871 0.127245
1 0.967327 0.560311 0.0648912 0.0785203
1 0.224732 0.148744 0.107415 0.141228
1 0.384932 0.361054 0.138632 0.110307
1 0.484141 0.415849 0.164201 0.144189
1 0.562769 0.640685 0.14675 0.13737
1 0.487437 0.818123 0.132877 0.114505
1 0.030715 0.2622 0.06143 0.114886
1 0.0530403 0.504346 0.105206 0.163123
1 0.184701 0.303524 0.10637 0.119568
0 0.0507556 0.106201 0.101511 0.149535
1 0.22974 0.952247 0.115144 0.0950074
1 0.403537 0.977387 0.0892571 0.0448115
0 0.491487 0.201868 0.111425 0.130862
1 0.860652 0.96858 0.130066 0.0622392
1 0.961077 0.652076 0.0771425 0.0994101
1 0.656004 0.891976 0.136002 0.142435
1 0.0524074 0.928695 0.100406 0.118039
1 0.922188 0.837796 0.141246 0.134623
1 0.401377 0.175814 0.0893335 0.116661
1 0.219752 0.551329 0.117009 0.126423
1 0.532909 0.510437 0.124464 0.117123
1 0.182665 0.717184 0.103435 0.116316
0 0.709512 0.0448276 0.148532 0.0888993
0 0.483399 0.413484 0.163038 0.146829
0 0.798101 0.0734736 0.12993 0.144387
0 0.923282 0.837963 0.142949 0.129509
1 0.492279 0.201152 0.113274 0.129878
1 0.98528 0.123179 0.0288613 0.0686878
1 0.586271 0.0178086 0.0762408 0.0354098
1 0.00763474 0.905205 0.0150158 0.10087
0 0.0303367 0.688651 0.0601313 0.0925143
1 0.493814 0.00970887 0.0809537 0.0194177
