1 0.664624 0.320195 0.136903 0.126555
1 0.769963 0.197043 0.128743 0.127387
1 0.391784 0.372059 0.132309 0.127274
1 0.898114 0.473216 0.129875 0.142407
1 0.207564 0.360007 0.117597 0.117457
1 0.151902 0.411582 0.126865 0.127384
1 0.847428 0.266797 0.126927 0.14676
1 0.110818 0.13491 0.150355 0.137826
1 0.722152 0.259031 0.124009 0.121336
1 0.556893 0.145517 0.117023 0.115612
1 0.82986 0.432158 0.130978 0.147916
1 0.264668 0.271688 0.128419 0.134093
1 0.899125 0.0467538 0.131132 0.0935076
1 0.949699 0.514824 0.100603 0.11756
1 0.606109 0.0624194 0.130908 0.122363
1 0.0702947 0.205674 0.139412 0.139616
1 0.913068 0.319451 0.14327 0.145694
1 0.0690424 0.460383 0.138085 0.154201
1 0.277242 0.520289 0.145843 0.13019
1 0.957683 0.075774 0.0840839 0.13951
2 0.188625 0.571921 0.204611 0.158957
1 0.035654 0.261394 0.0707125 0.113417
1 0.0376509 0.0943758 0.075223 0.136379
1 0.973366 0.587358 0.0529361 0.0981658
3 0.937172 0.816066 0.124429 0.174868
1 0.436381 0.0152997 0.0648619 0.0303881
1 0.329715 0.323534 0.126909 0.146698
1 0.960916 0.375421 0.0762367 0.120436
1 0.186973 0.570568 0.202534 0.158628
1 0.938707 0.808278 0.122254 0.155684
0 0.418039 0.143833 0.128942 0.12731
1 0.298547 0.0544426 0.11816 0.108077
1 0.767612 0.394269 0.112624 0.117696
0 0.300384 0.0544155 0.125062 0.108831
1 0.524897 0.034397 0.100936 0.0687941
0 0.498733 0.206457 0.135788 0.125637
1 0.419416 0.143273 0.128176 0.12858
1 0.00859061 0.474254 0.0169353 0.085101
1 0.329671 0.459257 0.138951 0.130914
1 0.606918 0.477471 0.106843 0.0951221
0 0.327341 0.45843 0.135321 0.126776
1 0.0316981 0.633943 0.0633962 0.120129
2 0.105724 0.720589 0.20969 0.198225
