0 0.151258 0.513654 0.134224 0.151178
1 0.0979688 0.939556 0.0927752 0.116716
1 0.286187 0.924965 0.10649 0.13731
1 0.461802 0.698411 0.0863791 0.117839
1 0.185823 0.678764 0.0895525 0.108126
1 0.190484 0.915782 0.107238 0.14493
1 0.366875 0.703976 0.0909843 0.131598
1 0.0967878 0.659651 0.0905242 0.122273
1 0.910945 0.0338783 0.0903928 0.0674861
1 0.27782 0.681876 0.0863855 0.108801
1 0.655734 0.453276 0.0735791 0.0751388
1 0.550173 0.947007 0.139998 0.105986
1 0.558074 0.715177 0.104798 0.120985
1 0.811285 0.0403325 0.100324 0.079854
1 0.0437923 0.427317 0.0871666 0.144858
1 0.476322 0.936127 0.0971344 0.116313
