2 0.782517 0.392226 0.320655 0.221776
1 0.0623585 0.0896138 0.123721 0.178491
2 0.439481 0.382721 0.168726 0.134895
2 0.437075 0.527965 0.137649 0.156399
1 0.177114 0.300933 0.156007 0.16839
1 0.477601 0.118028 0.166069 0.132016
1 0.0461331 0.400565 0.0911263 0.150874
2 0.456647 0.251044 0.156973 0.131525
1 0.46256 0.254338 0.15478 0.130548
1 0.45853 0.746739 0.097864 0.0919287
2 0.736286 0.735328 0.334718 0.250173
1 0.398956 0.94109 0.139813 0.0922811
2 0.782185 0.174552 0.324586 0.173695
3 0.154837 0.520318 0.237396 0.202341
3 0.782248 0.0378233 0.298816 0.0755454
2 0.0969881 0.861867 0.193865 0.134048
1 0.0970457 0.863459 0.193456 0.136341
0 0.118284 0.363542 0.12009 0.121354
2 0.0956625 0.828326 0.190493 0.0697567
