1 0.0936701 0.779082 0.10419 0.112006
1 0.0401281 0.835613 0.0802563 0.114411
1 0.177856 0.896759 0.146057 0.152096
2 0.587666 0.738779 0.139265 0.107842
1 0.104815 0.94055 0.133541 0.1189
1 0.155467 0.728206 0.110084 0.107567
1 0.623302 0.491045 0.11168 0.114687
1 0.263083 0.859753 0.139817 0.161916
2 0.0723664 0.532975 0.130865 0.133184
2 0.869796 0.808486 0.224269 0.220918
0 0.74946 0.95178 0.121318 0.0953522
0 0.107506 0.0597207 0.0566579 0.0538976
1 0.681165 0.554182 0.121484 0.118095
1 0.0358651 0.983556 0.0690324 0.0328881
2 0.300785 0.723555 0.24975 0.283451
2 0.440376 0.522772 0.162982 0.15283
2 0.239454 0.260583 0.135842 0.12995
1 0.237965 0.260429 0.136229 0.128316
1 0.0196308 0.15527 0.0388316 0.0583911
