1 0.0794531 0.688436 0.142356 0.109173
1 0.153678 0.851609 0.142847 0.114512
1 0.539097 0.279822 0.154147 0.12974
1 0.572994 0.369777 0.147019 0.116763
1 0.39525 0.403956 0.121708 0.104424
1 0.313478 0.162969 0.125781 0.0989705
1 0.574606 0.868482 0.114718 0.123168
1 0.426151 0.47799 0.115009 0.104766
1 0.113431 0.278277 0.149392 0.118095
1 0.18604 0.935492 0.148684 0.114778
1 0.362449 0.328214 0.122125 0.101316
1 0.785061 0.311187 0.156773 0.119076
1 0.821944 0.39111 0.145761 0.127668
1 0.297484 0.788245 0.154893 0.126522
1 0.787236 0.901168 0.140516 0.122734
1 0.881993 0.542375 0.139459 0.122121
1 0.0899381 0.19905 0.151479 0.106943
1 0.727024 0.748459 0.155549 0.11885
1 0.226198 0.62697 0.178025 0.139744
0 0.592188 0.445343 0.14327 0.115466
1 0.0691627 0.129151 0.138325 0.108703
1 0.494403 0.12114 0.13381 0.107735
1 0.619736 0.524214 0.16471 0.127957
1 0.468985 0.548618 0.147994 0.115842
1 0.555433 0.778556 0.141732 0.113664
1 0.663085 0.601001 0.138147 0.112916
1 0.760508 0.826908 0.125542 0.103323
1 0.339635 0.865777 0.146675 0.104859
1 0.924175 0.621247 0.147784 0.116247
1 0.499939 0.1987 0.136714 0.0923645
1 0.142419 0.363237 0.139548 0.105465
1 0.167188 0.44178 0.136933 0.104921
1 0.721673 0.159161 0.155797 0.127886
1 0.702394 0.0776083 0.11748 0.0953614
1 0.110919 0.777033 0.147618 0.120511
1 0.943947 0.786123 0.110345 0.132438
1 0.383856 0.940229 0.148864 0.103902
0 0.853397 0.463627 0.155387 0.135387
1 0.297085 0.0852279 0.133296 0.104681
1 0.343408 0.250648 0.121 0.0919042
1 0.599543 0.954368 0.124598 0.0912644
1 0.283145 0.698045 0.154002 0.122785
1 0.0605905 0.588165 0.12026 0.115343
1 0.694734 0.678203 0.138032 0.107531
1 0.524718 0.702857 0.151634 0.129139
1 0.207114 0.51105 0.150484 0.108047
0 0.44677 0.0472336 0.149644 0.0939455
0 0.972193 0.212691 0.0548768 0.10172
1 0.969877 0.304261 0.0598376 0.0968538
0 0.49277 0.62932 0.165802 0.11139
1 0.833642 0.957276 0.155887 0.0854489
0 0.940191 0.695276 0.119619 0.114751
1 0.94194 0.693355 0.114553 0.115445
1 0.615481 0.989264 0.107772 0.0213113
