1 0.875846 0.243438 0.171655 0.14191
1 0.638494 0.936573 0.145882 0.126853
1 0.782619 0.812542 0.149276 0.126848
1 0.905806 0.32611 0.161141 0.119593
1 0.816938 0.164023 0.134679 0.123292
1 0.6188 0.229971 0.0926542 0.0861147
2 0.337984 0.727736 0.304235 0.354586
1 0.670153 0.551296 0.151521 0.11188
1 0.935072 0.529784 0.128873 0.145601
0 0.773676 0.0848859 0.13389 0.119368
1 0.708808 0.627013 0.200698 0.145562
2 0.284071 0.801358 0.196031 0.194823
0 0.78112 0.91481 0.211516 0.158367
1 0.631496 0.308425 0.143087 0.115377
3 0.120042 0.931278 0.240083 0.136421
0 0.831072 0.96589 0.245545 0.0652158
1 0.580999 0.154476 0.114583 0.118375
0 0.970124 0.750703 0.0592957 0.0668577
2 0.119505 0.927368 0.23901 0.144588
1 0.539816 0.976996 0.11308 0.0459056
3 0.0248005 0.236685 0.0489663 0.195124
