1 0.596792 0.573451 0.0774593 0.12082
1 0.342761 0.188114 0.0797921 0.117243
1 0.62084 0.35053 0.0886204 0.118329
0 0.165863 0.762905 0.0885659 0.145118
1 0.50968 0.593724 0.0833114 0.12993
1 0.80127 0.165325 0.0760789 0.122233
1 0.96531 0.737694 0.0675125 0.135532
1 0.429581 0.580415 0.0827584 0.114151
1 0.957944 0.550141 0.0824358 0.112023
1 0.713302 0.347285 0.0843537 0.127162
1 0.964098 0.325382 0.0702887 0.122659
1 0.814833 0.34681 0.0862263 0.143818
0 0.338547 0.583862 0.0825348 0.11756
1 0.253145 0.203024 0.077983 0.14177
1 0.0603416 0.614899 0.0820314 0.144171
1 0.711705 0.178073 0.0974123 0.137936
1 0.254656 0.585041 0.0873952 0.118494
1 0.512767 0.756552 0.0808726 0.110692
1 0.263194 0.361911 0.0798762 0.127966
1 0.441911 0.355153 0.095849 0.162921
1 0.774571 0.728096 0.0825992 0.137935
1 0.531482 0.363695 0.085391 0.149275
0 0.0189712 0.37072 0.0375691 0.165046
1 0.155412 0.20314 0.0910652 0.128234
1 0.612723 0.191594 0.101474 0.148171
1 0.0616192 0.971253 0.100538 0.0574933
1 0.348311 0.753067 0.0908611 0.146749
1 0.163342 0.594506 0.0875017 0.111492
1 0.584781 0.752291 0.0551418 0.100599
0 0.962763 0.154381 0.0737877 0.109977
1 0.0661816 0.0310397 0.0817438 0.0614021
0 0.0684217 0.785371 0.0967504 0.105637
1 0.89094 0.325374 0.0776041 0.158035
1 0.348605 0.369548 0.0787551 0.147993
0 0.889468 0.160116 0.0778241 0.124478
1 0.510552 0.193902 0.0969348 0.145514
1 0.430571 0.188378 0.074528 0.12873
1 0.889332 0.15893 0.0733943 0.12328
1 0.246396 0.0111424 0.0706138 0.0222427
0 0.253489 0.758469 0.0878417 0.14341
1 0.153619 0.0202002 0.0867039 0.0402314
1 0.728296 0.572606 0.169505 0.142767
1 0.16255 0.373218 0.0940527 0.116675
0 0.165422 0.594768 0.0901135 0.113523
1 0.43586 0.76141 0.0820158 0.135342
1 0.963585 0.155197 0.0728295 0.108258
0 0.156034 0.212623 0.094786 0.146584
1 0.0117206 0.021166 0.0227296 0.0423321
0 0.611645 0.192394 0.100273 0.148926
1 0.213418 0.964636 0.0647692 0.0697192
0 0.0113782 0.782811 0.0209706 0.166681
1 0.257318 0.758031 0.0804049 0.135361
