0 0.837419 0.535094 0.0913959 0.0816925
1 0.0649448 0.720017 0.0894798 0.101463
1 0.947362 0.174535 0.104345 0.117608
1 0.105235 0.571039 0.0833587 0.090369
1 0.133334 0.353579 0.0880502 0.0863544
1 0.97913 0.357007 0.0415863 0.0917125
0 0.944759 0.569713 0.0695972 0.0480962
1 0.0493293 0.161631 0.0805743 0.0888894
1 0.390473 0.966192 0.0646768 0.058491
0 0.914848 0.637595 0.118624 0.109754
1 0.0769316 0.288602 0.121752 0.115305
1 0.917429 0.63809 0.108813 0.109161
0 0.134607 0.353879 0.0873804 0.0879546
0 0.120526 0.671831 0.0877326 0.0759158
0 0.147431 0.718498 0.0810532 0.0712435
