1 0.0822515 0.559004 0.160236 0.155391
1 0.224365 0.913097 0.129016 0.130054
1 0.120514 0.680286 0.175874 0.158797
1 0.175363 0.790508 0.16762 0.17248
1 0.0579061 0.428771 0.115119 0.145859
1 0.876362 0.103692 0.153286 0.135263
1 0.050808 0.862592 0.10113 0.136945
2 0.252863 0.127238 0.313633 0.234675
1 0.938118 0.165843 0.123757 0.121572
1 0.461183 0.527318 0.0746667 0.0696224
3 0.524001 0.670539 0.176864 0.21842
1 0.805376 0.0484544 0.152168 0.0968554
1 0.57387 0.150362 0.119772 0.11585
2 0.940199 0.762845 0.116293 0.237568
2 0.743351 0.94416 0.155713 0.111094
1 0.0344126 0.30361 0.0684329 0.125553
1 0.0322542 0.755036 0.0642068 0.120848
0 0.524916 0.670762 0.174545 0.21517
1 0.0499994 0.0273862 0.099916 0.0546513
1 0.967887 0.212749 0.0637771 0.129407
1 0.273655 0.983976 0.111574 0.0314882
1 0.252466 0.127143 0.314017 0.228665
1 0.325207 0.0898927 0.147846 0.155444
