1 0.666776 0.0659134 0.148608 0.131827
1 0.627347 0.383582 0.169475 0.14315
1 0.574601 0.115343 0.132578 0.151879
1 0.938463 0.0493609 0.123075 0.0981384
0 0.572713 0.561054 0.130307 0.17777
1 0.862727 0.643217 0.0794859 0.0772016
1 0.144742 0.40865 0.112073 0.130409
1 0.492007 0.145057 0.101486 0.134992
1 0.2691 0.419176 0.148718 0.14627
1 0.083151 0.0400871 0.0788484 0.079823
1 0.92125 0.449431 0.156678 0.153276
1 0.808227 0.205743 0.176677 0.145566
1 0.695024 0.469042 0.159036 0.131149
1 0.303571 0.163047 0.0848198 0.130647
1 0.39243 0.160643 0.105058 0.127445
2 0.568126 0.884694 0.733341 0.114887
1 0.0482541 0.417422 0.0826474 0.146804
1 0.213036 0.564123 0.076588 0.125501
1 0.113009 0.86749 0.117107 0.0622234
0 0.959784 0.518635 0.0804315 0.114622
1 0.297588 0.568209 0.0826302 0.130441
1 0.112755 0.779567 0.128154 0.105092
0 0.251489 0.0373892 0.0818669 0.0737474
1 0.131049 0.569214 0.079539 0.132673
1 0.10743 0.957208 0.142353 0.0837513
0 0.138877 0.17347 0.0859219 0.174268
1 0.899111 0.359948 0.201777 0.156574
1 0.0474461 0.171954 0.0948748 0.144136
0 0.0464879 0.577662 0.0905321 0.168941
1 0.344907 0.0368543 0.0916327 0.0730772
0 0.462208 0.433034 0.0784594 0.0909658
1 0.2201 0.163555 0.0805815 0.134674
1 0.46627 0.57224 0.078929 0.145202
0 0.384392 0.56728 0.0846798 0.131154
1 0.388194 0.41898 0.0582348 0.123166
1 0.168874 0.0396478 0.0820446 0.0791284
0 0.896728 0.36103 0.206545 0.164185
1 0.0469748 0.577767 0.0893055 0.167809
1 0.572767 0.560272 0.129719 0.176999
0 0.0480926 0.173051 0.0959532 0.145893
0 0.490413 0.0269885 0.0876107 0.0537081
1 0.250227 0.0365798 0.0821693 0.072872
0 0.473185 0.568958 0.0699161 0.158881
1 0.138433 0.167261 0.0846832 0.166722
1 0.731817 0.548288 0.182467 0.135854
1 0.960237 0.0959496 0.0786097 0.10327
0 0.220196 0.168601 0.0825784 0.158664
2 0.964899 0.875818 0.0696793 0.240872
