1 0.665492 0.858367 0.141558 0.111125
1 0.565502 0.544872 0.12685 0.110171
1 0.455396 0.716401 0.11919 0.120953
1 0.93592 0.24969 0.12782 0.160106
1 0.121269 0.816774 0.113581 0.125607
1 0.732171 0.665026 0.141681 0.0784091
1 0.77027 0.463537 0.13138 0.13431
1 0.430101 0.262625 0.105992 0.134463
1 0.500252 0.887681 0.0626701 0.0646265
1 0.318381 0.413601 0.115483 0.115998
1 0.955273 0.935975 0.0889181 0.126335
1 0.955103 0.604369 0.0897949 0.0946428
1 0.204445 0.696813 0.1474 0.153671
1 0.22004 0.959101 0.0943291 0.080631
1 0.0571385 0.315827 0.114006 0.124373
1 0.925418 0.814952 0.148468 0.12983
0 0.926286 0.814192 0.147428 0.127811
0 0.968078 0.424731 0.0614009 0.140643
0 0.0360101 0.67919 0.0715786 0.107759
1 0.612549 0.661389 0.0618758 0.0761895
1 0.0349371 0.677695 0.0698742 0.103167
