1 0.199643 0.36377 0.12374 0.0993794
1 0.269154 0.709038 0.169199 0.0830035
1 0.229309 0.444493 0.129003 0.0977954
1 0.898206 0.899892 0.170674 0.15066
1 0.445544 0.842081 0.177195 0.0951684
2 0.830971 0.36053 0.337468 0.410321
1 0.258698 0.523301 0.158697 0.112363
1 0.456126 0.927551 0.14217 0.0771909
1 0.440365 0.488799 0.17085 0.104492
1 0.274712 0.810548 0.152273 0.0863991
1 0.0494717 0.665877 0.0987164 0.0881982
1 0.440464 0.667046 0.151295 0.0992817
1 0.182054 0.280296 0.113348 0.097739
1 0.247507 0.621722 0.155843 0.0922693
1 0.840669 0.951714 0.150843 0.0962929
1 0.0392887 0.577556 0.0785773 0.095232
1 0.247093 0.897427 0.151219 0.100382
1 0.417734 0.405018 0.197583 0.121089
1 0.0355547 0.843807 0.0711094 0.0823348
1 0.0461339 0.945756 0.0922679 0.102767
1 0.0269441 0.490205 0.0538881 0.0859671
1 0.435253 0.755262 0.163795 0.0875381
1 0.170116 0.204599 0.100934 0.0942397
1 0.239038 0.971141 0.141489 0.0571371
2 0.726207 0.662966 0.141254 0.140453
1 0.0449922 0.760025 0.0898734 0.0654571
0 0.939789 0.824383 0.120422 0.14241
2 0.387563 0.204136 0.212588 0.196138
1 0.442914 0.58639 0.13277 0.0781052
1 0.724559 0.664495 0.142317 0.142362
2 0.970026 0.731805 0.0590934 0.115731
1 0.759793 0.982549 0.0553421 0.0349028
1 0.977899 0.958456 0.0437727 0.0803828
1 0.43265 0.98572 0.161673 0.0284402
