1 0.666481 0.578812 0.210084 0.202257
1 0.425014 0.264194 0.201908 0.200178
1 0.658049 0.909149 0.15466 0.1785
1 0.460821 0.565185 0.174905 0.162729
1 0.120509 0.884353 0.120925 0.162545
1 0.811599 0.251189 0.224925 0.185153
1 0.224332 0.889538 0.112276 0.207829
1 0.762896 0.936974 0.139415 0.125487
1 0.696706 0.0955306 0.191949 0.170023
1 0.264897 0.369865 0.2145 0.177192
1 0.820418 0.280359 0.147094 0.129083
0 0.0340431 0.640652 0.0672401 0.118671
1 0.953656 0.732181 0.0924642 0.175686
1 0.838937 0.702232 0.230374 0.255332
1 0.939295 0.426821 0.120425 0.182871
2 0.267029 0.369374 0.21049 0.177959
1 0.548099 0.869634 0.136976 0.181703
1 0.27954 0.632423 0.155548 0.141197
1 0.326491 0.851276 0.0898229 0.173521
1 0.444051 0.802137 0.0852527 0.0695587
1 0.211895 0.0601546 0.111381 0.116975
1 0.0357657 0.895016 0.0711455 0.162955
0 0.431152 0.885183 0.108975 0.109009
1 0.0483674 0.0857753 0.087162 0.106215
0 0.952047 0.821095 0.0951607 0.103312
0 0.304672 0.0647442 0.0872371 0.0695728
1 0.915761 0.0456458 0.168188 0.0906727
1 0.434009 0.874397 0.102181 0.0864065
1 0.0816856 0.366344 0.162567 0.174316
1 0.0532776 0.733099 0.10312 0.0867283
1 0.233772 0.642417 0.0811761 0.125694
