1 0.596489 0.179041 0.129486 0.116437
1 0.908297 0.315629 0.139361 0.156446
1 0.866238 0.559371 0.108284 0.119293
1 0.709434 0.45798 0.118571 0.131661
1 0.375554 0.0841929 0.150065 0.120843
1 0.473129 0.935802 0.139772 0.127525
1 0.925915 0.79524 0.134425 0.140552
1 0.859235 0.743869 0.131552 0.126099
1 0.548874 0.264892 0.176255 0.151552
1 0.194602 0.745698 0.139442 0.150351
1 0.300502 0.828834 0.152693 0.166426
1 0.319054 0.16682 0.150347 0.138314
1 0.745688 0.942652 0.128817 0.113344
1 0.81108 0.264158 0.183975 0.188109
1 0.66662 0.904136 0.144054 0.143902
1 0.392864 0.343588 0.0987989 0.106599
1 0.929588 0.618848 0.140158 0.147352
1 0.651655 0.587895 0.148104 0.128649
1 0.63552 0.103027 0.127519 0.1053
1 0.495469 0.399405 0.108963 0.117023
1 0.967497 0.845613 0.0633448 0.126057
1 0.864651 0.0921658 0.133523 0.125497
1 0.131498 0.688709 0.148469 0.163229
1 0.955874 0.388913 0.0873532 0.16718
1 0.334834 0.320362 0.101389 0.114741
1 0.5326 0.81348 0.147823 0.159451
1 0.425876 0.550973 0.101519 0.123078
1 0.822572 0.959899 0.122194 0.0795659
1 0.965136 0.208351 0.067729 0.142362
1 0.720782 0.645219 0.132932 0.128565
1 0.260557 0.487303 0.137385 0.148683
1 0.77167 0.685076 0.119724 0.120825
1 0.442011 0.377559 0.100159 0.120829
1 0.978591 0.646242 0.0426348 0.0796602
0 0.773123 0.514193 0.141253 0.147021
1 0.94281 0.129498 0.113199 0.123329
1 0.605113 0.852722 0.133322 0.138642
1 0.774516 0.513552 0.144296 0.146691
0 0.194512 0.744177 0.137709 0.157252
1 0.544467 0.961159 0.116182 0.0772972
1 0.326277 0.501092 0.0865277 0.103893
1 0.373294 0.52351 0.0821544 0.0985529
1 0.0763361 0.0235952 0.123018 0.0469997
1 0.680556 0.0251408 0.107709 0.0500681
0 0.071922 0.627041 0.143844 0.154485
1 0.805155 0.709171 0.0849929 0.0994738
1 0.0712147 0.626885 0.142429 0.154814
3 0.0738946 0.627903 0.147789 0.157472
3 0.113612 0.955803 0.113604 0.0878434
1 0.903271 0.982442 0.0905206 0.035115
