0 0.794842 0.940591 0.127339 0.109663
1 0.128795 0.702066 0.147622 0.130859
1 0.201916 0.879537 0.125222 0.112239
1 0.440885 0.917606 0.154241 0.148398
1 0.0661909 0.776073 0.126921 0.116827
1 0.164084 0.953673 0.114121 0.0924184
1 0.0388887 0.872718 0.0777774 0.100889
1 0.487934 0.70853 0.108287 0.118361
1 0.367507 0.628114 0.154083 0.146596
1 0.251433 0.537241 0.214235 0.199727
1 0.251591 0.788808 0.126311 0.131186
1 0.386113 0.968728 0.115611 0.062048
0 0.664951 0.821773 0.214089 0.236708
1 0.905121 0.959732 0.142815 0.0800728
1 0.565727 0.767378 0.107332 0.127455
