1 0.561648 0.865107 0.158474 0.145172
1 0.38803 0.478246 0.13026 0.132122
1 0.0973915 0.643603 0.160426 0.142628
1 0.322288 0.549761 0.147135 0.142671
1 0.670206 0.704764 0.134229 0.129271
1 0.272644 0.637144 0.150902 0.146606
1 0.485346 0.4095 0.135677 0.146335
1 0.917147 0.765504 0.147745 0.138343
1 0.861836 0.837288 0.144463 0.129665
1 0.0640331 0.728709 0.12789 0.160572
1 0.605323 0.375726 0.105214 0.114063
1 0.893675 0.441317 0.0733302 0.0842396
1 0.259342 0.409695 0.164749 0.154869
1 0.723859 0.616303 0.146745 0.131788
1 0.157134 0.801818 0.161927 0.155146
0 0.95783 0.235633 0.0841269 0.0983692
1 0.621969 0.774548 0.138827 0.134678
1 0.805622 0.911944 0.151975 0.1304
1 0.211678 0.719796 0.153862 0.149596
1 0.700953 0.384567 0.11431 0.126085
1 0.503967 0.699479 0.129426 0.128641
1 0.152372 0.569485 0.149252 0.137288
1 0.928163 0.946991 0.143675 0.105381
1 0.511113 0.947567 0.134575 0.104865
1 0.108393 0.894885 0.142584 0.13013
1 0.623196 0.224589 0.131442 0.136087
1 0.209864 0.500331 0.160083 0.140136
1 0.461672 0.786952 0.156415 0.149496
1 0.346345 0.934928 0.145108 0.129942
2 0.424325 0.149695 0.152884 0.167704
1 0.850868 0.268485 0.110624 0.124193
0 0.947539 0.702326 0.104921 0.111191
1 0.318085 0.335398 0.150546 0.137462
1 0.557352 0.624371 0.126292 0.120518
1 0.375122 0.257923 0.172478 0.158183
1 0.746234 0.970759 0.123908 0.0580243
1 0.28396 0.979709 0.0927644 0.0403357
1 0.800068 0.407641 0.111228 0.143541
1 0.387988 0.854786 0.10624 0.115827
1 0.965144 0.881274 0.0681789 0.115883
1 0.960137 0.65185 0.0790679 0.104743
0 0.510928 0.20624 0.131666 0.147084
1 0.985149 0.427987 0.0293877 0.066162
1 0.424784 0.149675 0.152408 0.169415
1 0.0341932 0.832577 0.0679664 0.135519
0 0.742687 0.240589 0.129612 0.101369
1 0.742676 0.242331 0.128183 0.105089
1 0.443274 0.97605 0.0955453 0.0472693
