1 0.938846 0.335047 0.119306 0.143921
1 0.721386 0.271283 0.139344 0.157768
1 0.0641372 0.097665 0.128274 0.144705
1 0.799719 0.239535 0.136434 0.160432
1 0.555466 0.608986 0.161247 0.12885
1 0.491368 0.831583 0.151807 0.109587
1 0.631237 0.751801 0.155897 0.111985
1 0.0567633 0.737554 0.113527 0.123029
1 0.455525 0.748814 0.134732 0.112535
1 0.941041 0.567798 0.117552 0.135188
1 0.515508 0.527794 0.134339 0.115991
1 0.873445 0.202722 0.125026 0.158568
1 0.143643 0.608666 0.145033 0.109916
1 0.182666 0.687924 0.144936 0.116276
1 0.279458 0.917599 0.11781 0.111669
1 0.947296 0.172425 0.105408 0.146698
0 0.20938 0.760496 0.137463 0.106105
1 0.645027 0.301979 0.121878 0.132142
1 0.309896 0.428229 0.158099 0.136612
1 0.858861 0.782054 0.131625 0.138747
0 0.802055 0.652918 0.118534 0.155791
1 0.422269 0.667205 0.141521 0.12536
1 0.523409 0.901763 0.151199 0.113117
1 0.267442 0.227102 0.121934 0.1372
1 0.380988 0.589044 0.150653 0.121504
1 0.484729 0.445097 0.132967 0.122961
1 0.109955 0.900198 0.143989 0.110334
1 0.226253 0.841793 0.154783 0.129464
1 0.546428 0.968934 0.134591 0.0619385
1 0.336066 0.519638 0.167495 0.129769
1 0.337557 0.041634 0.097885 0.0830559
1 0.0725965 0.820333 0.144465 0.129515
1 0.118703 0.0543487 0.160197 0.10836
1 0.589213 0.67832 0.138334 0.103707
1 0.866811 0.387196 0.120239 0.11139
1 0.0918128 0.5174 0.175418 0.144246
1 0.142231 0.954145 0.158525 0.0909321
1 0.419024 0.378392 0.0898966 0.0964749
1 0.701696 0.431937 0.117354 0.12286
1 0.175071 0.266649 0.123528 0.130618
1 0.734723 0.969192 0.118582 0.0613358
1 0.257828 0.0455364 0.0990683 0.0910727
1 0.776944 0.409004 0.107491 0.107646
1 0.309712 0.975972 0.0968286 0.0477686
0 0.939163 0.750031 0.121674 0.121306
1 0.0246173 0.161991 0.0490216 0.105546
0 0.0338493 0.656174 0.0676986 0.0899992
1 0.934923 0.950838 0.130154 0.098086
1 0.881253 0.60897 0.106135 0.116423
1 0.697478 0.895837 0.179964 0.162196
0 0.0403767 0.325375 0.079753 0.143669
1 0.668425 0.83078 0.128686 0.099329
1 0.938643 0.748556 0.122713 0.120259
0 0.701922 0.432428 0.119395 0.129227
1 0.0391984 0.332941 0.078115 0.131389
1 0.105828 0.301555 0.110426 0.120579
