1 0.36098 0.337052 0.127957 0.105775
1 0.047395 0.245177 0.0931984 0.0948928
1 0.249225 0.219271 0.100778 0.0953411
1 0.152196 0.883141 0.0987423 0.116669
1 0.0528306 0.881721 0.0938065 0.127537
1 0.6185 0.192803 0.121108 0.109345
1 0.126063 0.415901 0.139207 0.143937
1 0.542614 0.495162 0.149343 0.150467
1 0.360696 0.65084 0.0925146 0.116097
1 0.354827 0.217022 0.102739 0.116703
1 0.453887 0.653915 0.0946838 0.126346
1 0.251715 0.346744 0.111136 0.111196
0 0.674048 0.647148 0.139331 0.12398
1 0.24581 0.879929 0.0919087 0.124257
0 0.380496 0.527808 0.20753 0.119221
0 0.349331 0.87761 0.0934107 0.135679
2 0.73759 0.248319 0.157206 0.129417
1 0.078151 0.641714 0.110375 0.123025
1 0.0846574 0.523963 0.137831 0.117427
0 0.25862 0.651184 0.0924066 0.0832815
0 0.69095 0.538475 0.149946 0.120681
1 0.537349 0.884318 0.0919915 0.126026
2 0.745758 0.155557 0.135612 0.110866
1 0.555595 0.658251 0.0954168 0.110434
1 0.442162 0.886266 0.0957695 0.174186
1 0.257873 0.651349 0.092108 0.0807736
1 0.34915 0.877978 0.0914453 0.132319
0 0.151484 0.241895 0.111198 0.120212
0 0.699933 0.443217 0.153339 0.102589
1 0.151304 0.241679 0.111709 0.121716
1 0.597429 0.277038 0.122114 0.0903317
1 0.96958 0.245301 0.0601407 0.122804
1 0.303802 0.0236993 0.109826 0.0469514
2 0.542265 0.495231 0.14672 0.150032
0 0.442025 0.886511 0.093037 0.17618
0 0.0756288 0.640083 0.1155 0.120896
1 0.303861 0.00791477 0.105468 0.0155239
1 0.745479 0.155167 0.13779 0.112764
