1 0.130177 0.254845 0.1487 0.137355
2 0.195923 0.915417 0.265082 0.168116
1 0.0576202 0.127156 0.11524 0.133286
1 0.567324 0.369269 0.141928 0.143404
1 0.0658044 0.785227 0.131609 0.1392
1 0.292703 0.735593 0.0970363 0.126451
1 0.755527 0.576425 0.0758443 0.1289
1 0.833237 0.573689 0.0781634 0.120251
0 0.535031 0.726734 0.0818508 0.148543
1 0.741887 0.208629 0.0765321 0.112549
1 0.732235 0.0302962 0.0705153 0.0605924
1 0.3936 0.283625 0.151078 0.124419
1 0.0842663 0.191812 0.138856 0.121444
1 0.179829 0.321915 0.139282 0.129223
1 0.809885 0.0370247 0.0786922 0.0740494
0 0.624389 0.226342 0.154203 0.129352
1 0.449468 0.583843 0.0698237 0.109431
1 0.688447 0.717054 0.0810666 0.137605
1 0.375378 0.594149 0.0827287 0.117538
1 0.414511 0.942138 0.0830765 0.108791
1 0.0328102 0.0523651 0.0656204 0.10473
1 0.677968 0.574783 0.0789387 0.11815
1 0.912986 0.565782 0.0735768 0.12876
0 0.747821 0.349789 0.0832341 0.164767
1 0.256085 0.084476 0.174884 0.154146
1 0.439463 0.0598633 0.120379 0.105898
1 0.113217 0.832338 0.14906 0.123319
1 0.568419 0.930113 0.078784 0.124976
1 0.649828 0.933191 0.0777657 0.116542
1 0.196787 0.577622 0.110161 0.0861869
1 0.0458657 0.707335 0.0909956 0.121298
1 0.454269 0.726728 0.0825832 0.140418
1 0.378045 0.73686 0.0755862 0.133163
1 0.420543 0.349608 0.113224 0.130896
1 0.0617405 0.406579 0.123329 0.0895245
1 0.0484308 0.318571 0.0958282 0.109571
1 0.479637 0.132738 0.162933 0.134268
1 0.89504 0.207581 0.0734363 0.123734
1 0.387949 0.0369515 0.128768 0.0734663
1 0.239089 0.400134 0.0886559 0.117268
1 0.89666 0.0358202 0.0600376 0.0716405
1 0.306649 0.150765 0.14337 0.121971
1 0.962769 0.0305104 0.071907 0.0610207
1 0.974712 0.555565 0.0504367 0.124673
1 0.351708 0.944634 0.0568309 0.106108
1 0.530366 0.583069 0.0884786 0.124992
0 0.821845 0.291265 0.0761381 0.280764
0 0.84178 0.711244 0.0870471 0.12162
1 0.351081 0.213741 0.158273 0.137286
1 0.969277 0.352977 0.0608456 0.137199
1 0.918007 0.705678 0.0751181 0.128851
1 0.765607 0.714645 0.0854042 0.126079
1 0.295939 0.601964 0.078666 0.124943
0 0.308661 0.14881 0.144181 0.122315
1 0.957905 0.921259 0.0764368 0.118557
0 0.965595 0.215094 0.0676286 0.135454
0 0.901938 0.365743 0.0727203 0.1348
1 0.975723 0.703109 0.047995 0.12677
0 0.349296 0.211714 0.157235 0.13827
1 0.824988 0.210387 0.0593848 0.11085
0 0.808017 0.913898 0.0707664 0.0971977
1 0.0232448 0.631013 0.046009 0.0922064
0 0.420187 0.347572 0.113523 0.129679
0 0.671925 0.367181 0.0738902 0.124763
0 0.97619 0.707662 0.0472572 0.131877
0 0.63635 0.0392096 0.122934 0.0779729
1 0.295703 0.0589521 0.0940156 0.0980185
0 0.598619 0.580645 0.0750425 0.122721
1 0.96673 0.213711 0.0659667 0.130478
1 0.611404 0.74211 0.0702925 0.0899069
0 0.969609 0.356255 0.0602176 0.138637
