2 0.201035 0.289373 0.229447 0.175067
1 0.652126 0.525286 0.152264 0.107043
1 0.950323 0.133657 0.0981513 0.119916
1 0.591348 0.185712 0.111736 0.103724
1 0.710095 0.68708 0.135598 0.106233
1 0.781218 0.344097 0.101101 0.115337
1 0.948676 0.941417 0.102269 0.115352
1 0.903303 0.571795 0.0987231 0.145135
1 0.776361 0.166741 0.0931121 0.119457
1 0.704203 0.790257 0.168534 0.122703
0 0.873167 0.341336 0.0955875 0.0918866
1 0.964379 0.539922 0.0708518 0.108119
1 0.8651 0.153111 0.106535 0.147143
1 0.698243 0.603492 0.129363 0.0958815
2 0.723923 0.949463 0.222395 0.100371
1 0.414178 0.316058 0.0896385 0.128971
0 0.981655 0.716641 0.0361254 0.0846703
1 0.957347 0.334946 0.0845764 0.111642
1 0.686425 0.17336 0.0925081 0.112184
1 0.92242 0.721357 0.106005 0.137046
0 0.684002 0.423185 0.119619 0.101879
0 0.687611 0.173072 0.0924951 0.114463
0 0.922222 0.718066 0.0986753 0.13388
