1 0.151711 0.832469 0.188329 0.181518
3 0.762938 0.884032 0.340791 0.231328
1 0.332567 0.776263 0.173398 0.182665
1 0.128547 0.322863 0.187181 0.156121
2 0.691686 0.199338 0.180677 0.158131
0 0.144929 0.480039 0.165551 0.151646
2 0.111238 0.134555 0.205516 0.190766
3 0.431938 0.928267 0.3081 0.142176
1 0.935136 0.201248 0.12374 0.169695
1 0.492723 0.727998 0.171895 0.165196
1 0.392008 0.243124 0.225907 0.177481
0 0.409089 0.445409 0.189639 0.152933
2 0.684693 0.641845 0.202509 0.204635
2 0.970284 0.860558 0.0579761 0.274331
1 0.372215 0.0519859 0.198223 0.103262
1 0.704952 0.429561 0.186647 0.151446
1 0.0249091 0.815611 0.0496736 0.117939
1 0.111458 0.136091 0.203739 0.189795
1 0.030428 0.895557 0.0608217 0.0617554
2 0.372596 0.053115 0.198394 0.105004
1 0.962266 0.0329065 0.0748875 0.065813
0 0.692111 0.050415 0.188102 0.100006
1 0.939254 0.439148 0.111548 0.155098
