1 0.0618032 0.254958 0.123606 0.13578
1 0.278743 0.444769 0.164677 0.16076
1 0.179375 0.377074 0.169737 0.16388
1 0.17953 0.752505 0.141482 0.140875
1 0.120152 0.690567 0.143557 0.141133
0 0.536164 0.795893 0.156462 0.119685
1 0.0740033 0.631085 0.133728 0.121668
1 0.052533 0.152253 0.104431 0.176156
1 0.448607 0.663177 0.150772 0.121607
1 0.925166 0.0626993 0.144775 0.124845
1 0.573406 0.886658 0.175989 0.142652
1 0.731128 0.154234 0.207655 0.22118
1 0.383 0.603902 0.165826 0.139494
1 0.27829 0.896001 0.13813 0.126507
1 0.604784 0.956361 0.169534 0.086525
1 0.188404 0.967082 0.122417 0.0657446
1 0.208572 0.830874 0.0959763 0.112143
1 0.336894 0.517451 0.147061 0.141356
1 0.480091 0.73597 0.159921 0.135963
1 0.039508 0.800723 0.0784508 0.148547
1 0.335868 0.956953 0.124535 0.0858364
1 0.958647 0.653522 0.0825908 0.176729
1 0.107726 0.931712 0.139004 0.132211
1 0.835484 0.0354009 0.103654 0.0706009
1 0.0710361 0.877264 0.1128 0.118128
1 0.0255523 0.914317 0.0508005 0.078596
1 0.789015 0.222637 0.0895501 0.090155
1 0.568514 0.0669968 0.185643 0.133507
0 0.894866 0.334012 0.180628 0.166136
1 0.051847 0.534126 0.102948 0.114302
1 0.266123 0.797699 0.0697606 0.0653827
1 0.98531 0.543412 0.0289857 0.0657778
