1 0.0757654 0.819906 0.111646 0.111235
1 0.825967 0.0857177 0.12756 0.134188
1 0.564837 0.372323 0.141378 0.169857
1 0.719187 0.708319 0.127667 0.146974
1 0.958549 0.434708 0.0828522 0.135609
1 0.814629 0.510256 0.128417 0.128013
1 0.303673 0.283563 0.147382 0.116151
1 0.743361 0.943642 0.151538 0.112716
1 0.404393 0.456159 0.130713 0.147966
1 0.722072 0.533675 0.106313 0.0875406
1 0.89491 0.475816 0.122791 0.129412
1 0.0809141 0.575634 0.118131 0.116729
1 0.537928 0.818123 0.134068 0.10754
1 0.562209 0.630026 0.123787 0.134909
1 0.399508 0.258745 0.106185 0.0961797
1 0.165234 0.78636 0.0992587 0.114846
1 0.313235 0.0625819 0.104106 0.0907406
1 0.045462 0.188446 0.090239 0.126014
1 0.644308 0.58513 0.116941 0.116902
1 0.481354 0.213485 0.104345 0.102908
1 0.732317 0.295801 0.110165 0.0932478
1 0.645311 0.342421 0.126141 0.130534
1 0.943635 0.88975 0.112198 0.2205
1 0.648141 0.134991 0.114401 0.109799
1 0.235765 0.755611 0.110787 0.110554
1 0.959643 0.180343 0.0806918 0.132582
1 0.576143 0.190517 0.142294 0.145725
1 0.161354 0.548838 0.0885219 0.0907164
1 0.632089 0.776471 0.100378 0.0825953
1 0.809335 0.251881 0.134203 0.134762
1 0.095883 0.374832 0.121099 0.114224
1 0.483172 0.42612 0.128879 0.149926
0 0.0404387 0.425095 0.0806794 0.109625
1 0.4755 0.652717 0.118062 0.135953
1 0.748082 0.126923 0.144566 0.140107
1 0.953 0.599497 0.0936568 0.126758
1 0.222004 0.121116 0.133507 0.120648
1 0.0279641 0.610567 0.0559282 0.130316
0 0.225975 0.927178 0.106765 0.136671
1 0.591447 0.963328 0.154957 0.0724597
1 0.886778 0.212521 0.141817 0.165513
1 0.494822 0.0304946 0.100371 0.0607434
1 0.0197994 0.835012 0.039152 0.0742142
1 0.158606 0.951153 0.108839 0.0973401
1 0.393865 0.0313436 0.0946203 0.0616025
0 0.412995 0.683364 0.0988495 0.0995328
1 0.304789 0.903263 0.126887 0.130828
1 0.89934 0.0459193 0.117287 0.0897111
1 0.968046 0.0411804 0.0634003 0.0820543
1 0.888778 0.654214 0.12379 0.114596
1 0.803723 0.672416 0.149621 0.146752
0 0.156219 0.949861 0.109623 0.0987849
