1 0.320068 0.327952 0.123413 0.135794
1 0.304696 0.134925 0.114737 0.128254
1 0.94097 0.505257 0.117638 0.144812
1 0.0823387 0.5598 0.131648 0.127751
1 0.852151 0.260315 0.118366 0.104998
1 0.401229 0.368503 0.0927644 0.095373
1 0.973342 0.0581993 0.0525992 0.0998275
0 0.396141 0.612761 0.129366 0.116338
1 0.446332 0.277018 0.0811816 0.0847321
1 0.768641 0.57286 0.114085 0.105687
1 0.211366 0.114417 0.106712 0.158748
1 0.909322 0.730316 0.0964701 0.0892506
1 0.910174 0.0359426 0.108395 0.0715427
