1 0.850312 0.0990375 0.167902 0.147887
1 0.93372 0.253849 0.127267 0.10048
1 0.679853 0.702443 0.13068 0.125999
1 0.616897 0.141958 0.144568 0.127615
1 0.560076 0.0757724 0.146941 0.131313
1 0.310188 0.422303 0.134946 0.125473
1 0.925462 0.617768 0.0952411 0.0944362
1 0.657463 0.866321 0.130747 0.142055
1 0.0746694 0.416999 0.127234 0.131569
1 0.162092 0.306655 0.122661 0.121841
1 0.865955 0.548627 0.14755 0.143119
1 0.234177 0.359071 0.126598 0.121544
1 0.452135 0.232762 0.154764 0.15267
1 0.545637 0.58785 0.119662 0.120978
1 0.378553 0.937538 0.149286 0.124924
1 0.750499 0.755485 0.132577 0.133775
1 0.0647827 0.89911 0.126027 0.125064
1 0.214586 0.0666398 0.149239 0.13328
1 0.386236 0.471912 0.116164 0.107413
1 0.292269 0.131654 0.14601 0.140257
1 0.728137 0.306987 0.107257 0.107608
1 0.292714 0.606072 0.159276 0.166075
1 0.0754564 0.252264 0.133315 0.127181
1 0.893257 0.857826 0.138263 0.1476
1 0.510481 0.28738 0.13959 0.13796
1 0.035442 0.201821 0.070884 0.148072
1 0.598367 0.364906 0.151746 0.139469
1 0.518646 0.0318063 0.133152 0.0633314
1 0.133562 0.042526 0.137958 0.0850521
1 0.679715 0.214545 0.104847 0.102834
1 0.591506 0.819895 0.137696 0.134893
1 0.89873 0.165504 0.145562 0.128269
1 0.523374 0.765972 0.140502 0.141546
1 0.0821342 0.736344 0.132347 0.134864
1 0.449777 0.709463 0.128892 0.129153
1 0.808171 0.0418875 0.150902 0.0832694
1 0.968414 0.655752 0.0626056 0.120917
1 0.224764 0.555592 0.149693 0.172866
1 0.686068 0.44256 0.139139 0.149154
1 0.47303 0.963437 0.130695 0.0725923
1 0.61492 0.652279 0.122064 0.125342
1 0.0373033 0.671012 0.0746066 0.128152
1 0.796012 0.953507 0.123633 0.0929869
1 0.362816 0.176367 0.126936 0.134136
1 0.719374 0.926939 0.145778 0.145408
1 0.139158 0.77768 0.116378 0.123739
1 0.0318104 0.84396 0.0634754 0.140917
1 0.216764 0.96884 0.117661 0.0618654
1 0.132997 0.503123 0.160298 0.16209
1 0.169756 0.804316 0.122333 0.127817
0 0.311791 0.894838 0.121573 0.121087
1 0.949248 0.345419 0.101504 0.098204
0 0.951328 0.345794 0.0964867 0.0974954
1 0.0266164 0.371197 0.0532328 0.110024
1 0.825694 0.7962 0.123948 0.124329
1 0.36281 0.672044 0.109959 0.0992142
1 0.364166 0.669275 0.166783 0.156035
1 0.984298 0.960597 0.0310822 0.0702317
1 0.447702 0.508813 0.0764501 0.0856293
