0 0.801597 0.620094 0.124377 0.11182
1 0.761325 0.530232 0.130077 0.119159
1 0.715398 0.45633 0.165324 0.140417
0 0.85366 0.695025 0.160716 0.125009
0 0.887888 0.292022 0.192254 0.188388
1 0.928257 0.368767 0.143485 0.135034
1 0.953828 0.445063 0.091258 0.104165
1 0.875063 0.788733 0.174427 0.151227
1 0.931996 0.952136 0.134899 0.0949435
0 0.874576 0.78916 0.174616 0.151447
0 0.0432269 0.728945 0.0862352 0.119372
0 0.975532 0.56042 0.0484884 0.112221
1 0.974996 0.550367 0.0495069 0.0991449
0 0.0824407 0.700044 0.0922258 0.0812213
