1 0.255809 0.510599 0.161741 0.137101
0 0.215272 0.298801 0.131482 0.147812
1 0.852972 0.275896 0.118223 0.138421
1 0.938884 0.417584 0.113769 0.12521
1 0.0441001 0.775749 0.0882002 0.114523
1 0.341767 0.662528 0.15544 0.129062
1 0.488226 0.571759 0.15013 0.11835
3 0.164041 0.102458 0.1747 0.204915
1 0.10289 0.733712 0.125951 0.13291
1 0.866349 0.693385 0.121351 0.138193
1 0.407243 0.415213 0.139424 0.130026
1 0.863639 0.436517 0.10447 0.142268
1 0.939931 0.661312 0.111309 0.132185
1 0.296459 0.589901 0.141192 0.121644
1 0.804837 0.0502078 0.110293 0.100358
1 0.425197 0.801358 0.164237 0.129928
1 0.925236 0.246892 0.113234 0.138356
1 0.88371 0.0357839 0.107857 0.0709701
1 0.041932 0.616637 0.0836724 0.107244
1 0.189255 0.924578 0.151645 0.110004
1 0.768834 0.304724 0.11738 0.141724
1 0.474492 0.873211 0.172531 0.149856
1 0.691492 0.330787 0.113098 0.135716
1 0.791726 0.743471 0.117142 0.148259
1 0.728685 0.0714937 0.09706 0.107182
1 0.641334 0.0825977 0.121932 0.143101
1 0.382565 0.731006 0.154243 0.133646
1 0.557808 0.723194 0.143602 0.130172
2 0.165287 0.103201 0.172561 0.20512
1 0.254374 0.958081 0.177471 0.0829365
0 0.524623 0.639579 0.163387 0.134687
0 0.131165 0.323623 0.131627 0.139919
0 0.711343 0.503518 0.099654 0.104892
1 0.780591 0.458751 0.120502 0.157474
1 0.558644 0.103126 0.118069 0.156594
0 0.067291 0.234988 0.134582 0.121146
0 0.616583 0.373805 0.108551 0.157153
0 0.782428 0.460139 0.12446 0.157255
1 0.96044 0.0198342 0.0788363 0.0396188
0 0.561274 0.10305 0.124468 0.155249
1 0.973876 0.227193 0.0516857 0.14238
1 0.130784 0.324456 0.128637 0.138841
1 0.526127 0.982557 0.139574 0.0346662
0 0.659309 0.79935 0.0978916 0.0834584
1 0.98518 0.632942 0.0293322 0.102941
1 0.0419253 0.122112 0.082815 0.124174
1 0.73207 0.765436 0.0991988 0.123927
1 0.521299 0.642901 0.163684 0.1332
1 0.0204534 0.563701 0.0403339 0.0486494
1 0.446664 0.500425 0.155374 0.131269
1 0.977548 0.369448 0.0445482 0.117841
