2 0.569216 0.764737 0.214685 0.276212
2 0.439427 0.829354 0.269 0.152932
2 0.62433 0.941267 0.128637 0.116349
1 0.736544 0.606011 0.145656 0.116657
1 0.0712361 0.643191 0.137364 0.101991
1 0.0811711 0.556676 0.122998 0.102706
0 0.89413 0.632045 0.147575 0.118924
1 0.696946 0.14278 0.182216 0.142685
1 0.789989 0.398693 0.141984 0.114468
1 0.55175 0.220464 0.117939 0.113479
1 0.116776 0.0361191 0.102122 0.0719386
1 0.665173 0.452555 0.147853 0.118376
1 0.842148 0.478508 0.141311 0.111698
1 0.738501 0.239732 0.12161 0.103573
1 0.310312 0.216543 0.108247 0.107178
1 0.0897275 0.465857 0.127068 0.10302
1 0.93182 0.0541884 0.13636 0.108377
1 0.289978 0.346673 0.161774 0.134699
1 0.928667 0.711491 0.141855 0.136538
1 0.591493 0.298489 0.141477 0.113211
1 0.867412 0.553859 0.17155 0.131956
1 0.137453 0.290999 0.130597 0.113466
1 0.6954 0.528331 0.137625 0.116126
1 0.0621031 0.725613 0.123764 0.104683
1 0.110429 0.384083 0.14188 0.0963299
0 0.253083 0.409325 0.158637 0.131011
0 0.231592 0.514575 0.092491 0.0923191
1 0.632122 0.379305 0.139771 0.112996
1 0.0476258 0.810551 0.0948758 0.101788
1 0.222087 0.601422 0.145512 0.113374
1 0.449706 0.608538 0.0903208 0.143483
1 0.765688 0.692409 0.149194 0.126438
1 0.861689 0.912849 0.170584 0.139435
1 0.186337 0.777163 0.127053 0.106427
1 0.204977 0.695864 0.104603 0.088964
1 0.397453 0.72005 0.116093 0.0965737
1 0.949487 0.795571 0.100592 0.110455
1 0.977976 0.873219 0.0437524 0.0826831
1 0.827144 0.848135 0.130863 0.105349
1 0.161961 0.856455 0.152363 0.109485
1 0.034642 0.89886 0.0688225 0.0875802
1 0.761318 0.319806 0.108014 0.102162
1 0.940726 0.133422 0.11815 0.125058
1 0.0367731 0.0455911 0.0733 0.0910875
1 0.911183 0.968173 0.143587 0.0636539
1 0.158654 0.940051 0.118846 0.0729369
1 0.0330762 0.965477 0.0653957 0.0686074
1 0.799756 0.773664 0.132606 0.112541
1 0.964074 0.217912 0.071691 0.0992327
1 0.323863 0.0236231 0.173726 0.0465846
1 0.981825 0.294902 0.0357618 0.0782007
1 0.979834 0.953061 0.0399122 0.0850627
1 0.462777 0.0131713 0.097834 0.0260684
0 0.80316 0.773211 0.133695 0.106877
