2 0.583104 0.408549 0.103448 0.281885
2 0.112138 0.428955 0.132549 0.286129
3 0.252163 0.0789617 0.301798 0.148604
2 0.424513 0.478834 0.110824 0.279316
2 0.940764 0.900237 0.105994 0.198553
2 0.048508 0.0761676 0.0968073 0.151736
2 0.291527 0.270063 0.303055 0.153671
1 0.722836 0.140855 0.157219 0.160141
3 0.255703 0.643538 0.188265 0.108759
2 0.668165 0.851069 0.236617 0.114922
2 0.308708 0.885769 0.237085 0.108673
3 0.597305 0.0864852 0.243817 0.172019
2 0.723199 0.616087 0.25989 0.123623
2 0.718331 0.142329 0.151572 0.154791
1 0.78392 0.227473 0.125961 0.124679
2 0.870665 0.433301 0.243192 0.324627
2 0.784669 0.227889 0.126723 0.120486
1 0.311447 0.885684 0.229947 0.110359
1 0.898585 0.317177 0.101169 0.104977
