1 0.809805 0.3561 0.104634 0.148116
1 0.629459 0.386275 0.0912975 0.138186
1 0.537479 0.396041 0.105096 0.138884
1 0.727053 0.126606 0.098436 0.11873
1 0.899409 0.101618 0.108324 0.156332
1 0.428603 0.201766 0.152342 0.115706
1 0.812629 0.116592 0.0932639 0.130288
1 0.714579 0.367545 0.103395 0.142489
1 0.418131 0.114757 0.152545 0.081473
1 0.403252 0.0334115 0.101499 0.0666871
1 0.967543 0.0852353 0.0641475 0.129424
1 0.910184 0.338104 0.116646 0.143968
1 0.440621 0.404373 0.105099 0.124245
1 0.634433 0.13362 0.0803627 0.120127
1 0.619209 0.0345846 0.0898641 0.0686234
1 0.713159 0.0266426 0.078366 0.0527475
1 0.798251 0.0223545 0.0796652 0.044528
1 0.969008 0.315702 0.0614376 0.132456
