2 0.929697 0.149007 0.13939 0.18042
0 0.103302 0.268726 0.0994065 0.105021
1 0.194564 0.338035 0.139047 0.13575
1 0.235997 0.0921377 0.176088 0.181693
1 0.365062 0.764893 0.134809 0.140173
1 0.387667 0.217029 0.121325 0.138832
1 0.481097 0.115766 0.156974 0.151825
1 0.802583 0.698768 0.145419 0.143636
1 0.0702702 0.656222 0.10345 0.103342
1 0.468946 0.613505 0.147831 0.153409
1 0.568623 0.201731 0.0838265 0.0917593
1 0.293255 0.421762 0.109505 0.112939
1 0.716174 0.416655 0.134193 0.157753
1 0.0700058 0.939815 0.140012 0.119842
0 0.0462111 0.529731 0.0924223 0.121622
0 0.715025 0.264476 0.102258 0.0987238
1 0.460769 0.455801 0.0939415 0.101534
1 0.959786 0.839631 0.0786266 0.114575
2 0.82376 0.244996 0.159497 0.166032
0 0.275599 0.627885 0.129868 0.114405
2 0.0709821 0.940075 0.14176 0.118831
1 0.866822 0.755767 0.107169 0.108767
1 0.363045 0.578854 0.0823095 0.0920579
2 0.734695 0.841681 0.297966 0.271645
0 0.0323134 0.805842 0.0640196 0.104268
2 0.976968 0.522215 0.0452714 0.143148
2 0.638278 0.878348 0.517682 0.242212
2 0.799469 0.700362 0.14067 0.137867
