1 0.462026 0.303895 0.152818 0.15142
1 0.901126 0.635912 0.16168 0.173479
1 0.34163 0.115701 0.177476 0.159719
1 0.805514 0.429382 0.156493 0.154064
1 0.601587 0.524068 0.155402 0.195524
1 0.901003 0.249019 0.165612 0.142847
1 0.846518 0.521469 0.153519 0.137447
1 0.940009 0.348683 0.119983 0.140164
1 0.240078 0.442387 0.15608 0.175308
1 0.846908 0.153102 0.173299 0.164915
1 0.644976 0.147431 0.174379 0.164879
1 0.161076 0.495924 0.146609 0.17433
1 0.065003 0.334558 0.130006 0.159853
1 0.789734 0.0712843 0.186128 0.141908
1 0.501456 0.840573 0.131668 0.113428
1 0.290236 0.710202 0.144374 0.139249
1 0.163795 0.765219 0.1632 0.146493
1 0.15096 0.281201 0.151745 0.137716
1 0.406229 0.916872 0.18557 0.163158
1 0.498844 0.408846 0.171398 0.156445
0 0.709243 0.751167 0.161969 0.184639
1 0.702117 0.240976 0.170418 0.15929
1 0.386606 0.212894 0.15786 0.144304
1 0.45609 0.605862 0.229568 0.228116
1 0.744771 0.333618 0.17973 0.14976
1 0.0439514 0.932678 0.0872402 0.126675
0 0.257666 0.0542696 0.174348 0.107949
1 0.27109 0.949461 0.141469 0.0995929
1 0.959871 0.451921 0.0793927 0.139882
2 0.858392 0.969787 0.162864 0.0596535
0 0.390033 0.349375 0.0787547 0.0899834
1 0.857114 0.969673 0.158993 0.0603924
0 0.378095 0.587767 0.0675821 0.0750492
1 0.984415 0.0402368 0.0307429 0.0634399
1 0.965212 0.609993 0.0689127 0.146901
