1 0.722059 0.704457 0.178501 0.165954
1 0.607932 0.79864 0.148121 0.142017
1 0.762121 0.608559 0.110382 0.106238
1 0.530627 0.57897 0.10354 0.100852
1 0.446193 0.68658 0.128533 0.127053
1 0.48665 0.95632 0.146204 0.0867791
1 0.540452 0.894475 0.157753 0.176427
1 0.945275 0.972197 0.10945 0.0555878
0 0.84705 0.463048 0.148724 0.148203
1 0.650457 0.933665 0.134308 0.12421
1 0.268031 0.923559 0.118934 0.102071
1 0.97788 0.914374 0.0438327 0.095835
2 0.92025 0.367962 0.14137 0.170281
0 0.654535 0.248852 0.0850415 0.0897207
1 0.920373 0.368396 0.139904 0.16956
0 0.876022 0.94633 0.125481 0.107187
