0 0.300283 0.0756189 0.11613 0.0900994
1 0.0818597 0.270524 0.11429 0.0858493
1 0.109404 0.528518 0.133977 0.0860496
0 0.295832 0.472122 0.10505 0.0943228
0 0.453241 0.101838 0.106871 0.115925
1 0.51824 0.403922 0.0787352 0.0860304
1 0.103994 0.429333 0.113989 0.0738665
1 0.057857 0.121955 0.114924 0.143212
1 0.343791 0.168493 0.067002 0.0495595
0 0.29778 0.377807 0.0773195 0.0794676
1 0.122472 0.711199 0.132545 0.101447
1 0.484086 0.582561 0.0836925 0.105462
1 0.296925 0.378356 0.0785289 0.0800226
1 0.0939615 0.349784 0.128141 0.0853981
0 0.300935 0.00831616 0.0938135 0.0164541
1 0.333945 0.22317 0.0846934 0.0680603
1 0.454302 0.101074 0.107465 0.114001
0 0.466461 0.0185667 0.0742617 0.0369131
