1 0.599583 0.702278 0.116781 0.0963068
0 0.863006 0.247011 0.120082 0.112602
1 0.0978295 0.0488512 0.144097 0.0977025
0 0.265068 0.195521 0.143274 0.150806
1 0.343444 0.0811371 0.110754 0.107613
1 0.750993 0.435758 0.116099 0.109213
1 0.945447 0.81292 0.105445 0.108168
1 0.306537 0.864764 0.109765 0.105854
1 0.811379 0.73401 0.111936 0.116951
1 0.213606 0.862146 0.101918 0.100846
1 0.746362 0.7026 0.106566 0.111993
1 0.070119 0.951749 0.103352 0.0965017
1 0.861355 0.468474 0.165719 0.181329
1 0.702161 0.0853146 0.136766 0.112855
1 0.678037 0.159156 0.132352 0.126135
1 0.486865 0.294972 0.122203 0.114637
0 0.90062 0.175373 0.154854 0.11663
0 0.957162 0.043924 0.0856763 0.0878479
1 0.0284277 0.937463 0.0568554 0.11036
0 0.628601 0.629539 0.140845 0.117459
0 0.915776 0.96071 0.0887908 0.0782557
1 0.416074 0.955724 0.121063 0.0878164
1 0.15854 0.791471 0.0911683 0.103477
1 0.786481 0.374096 0.117628 0.103746
1 0.724602 0.0356245 0.126573 0.0712491
1 0.937628 0.540093 0.123616 0.132983
0 0.0381872 0.737568 0.0757124 0.174884
1 0.569423 0.869773 0.0911988 0.1076
1 0.888903 0.776111 0.0889678 0.0970515
1 0.0945548 0.736519 0.0910281 0.110964
0 0.531708 0.755591 0.08259 0.0778003
1 0.147873 0.971054 0.116753 0.0575856
1 0.589037 0.340611 0.11999 0.136217
0 0.510148 0.799679 0.142984 0.185265
1 0.494936 0.976304 0.0832859 0.0470705
1 0.820976 0.321756 0.124542 0.0938805
1 0.105597 0.357993 0.136553 0.137026
1 0.389293 0.0379121 0.125069 0.0757148
1 0.628956 0.901849 0.10911 0.113998
