0 0.687831 0.940325 0.134652 0.110548
0 0.177502 0.407217 0.116646 0.10939
1 0.539935 0.204006 0.0962147 0.129395
1 0.173325 0.72479 0.0865017 0.0982625
1 0.805227 0.42165 0.109488 0.158605
0 0.927142 0.104787 0.0964907 0.124263
0 0.734163 0.59979 0.126005 0.0767853
0 0.778698 0.164404 0.0970731 0.139941
1 0.696226 0.174496 0.0957433 0.137171
2 0.0578663 0.404597 0.115279 0.237526
1 0.135303 0.206429 0.14335 0.097189
1 0.712103 0.813987 0.122892 0.0818468
1 0.418846 0.059354 0.110262 0.116612
0 0.568758 0.463285 0.104326 0.159062
1 0.275564 0.940737 0.0987726 0.118043
1 0.449865 0.220724 0.123885 0.133363
1 0.504802 0.0523272 0.0926099 0.103717
1 0.585455 0.0383688 0.0940341 0.0767376
1 0.0577725 0.889768 0.101225 0.121194
0 0.507417 0.771136 0.0758818 0.0909553
1 0.619161 0.186453 0.096508 0.144604
1 0.250772 0.738477 0.0807291 0.1103
1 0.133702 0.909992 0.0966626 0.130739
1 0.920238 0.945999 0.158936 0.107279
1 0.431883 0.74154 0.0891399 0.125764
0 0.954235 0.876515 0.091064 0.0691102
0 0.852464 0.15159 0.0941756 0.140021
1 0.612367 0.689787 0.107194 0.079917
1 0.648323 0.450521 0.0884112 0.153341
0 0.397907 0.501631 0.114594 0.154289
0 0.957591 0.382484 0.0808885 0.131165
0 0.342225 0.652666 0.086711 0.128048
1 0.661096 0.0379404 0.0744455 0.0756561
0 0.0323809 0.703058 0.0647618 0.103306
1 0.204243 0.92411 0.0894462 0.129207
0 0.0877292 0.709091 0.0675703 0.0900669
1 0.889362 0.406015 0.104069 0.150574
0 0.985879 0.121244 0.0276535 0.135545
1 0.336662 0.757224 0.0772483 0.0854505
0 0.365362 0.947297 0.0965763 0.105405
0 0.825928 0.032675 0.09675 0.0652012
0 0.613053 0.69032 0.107224 0.0820143
1 0.855037 0.152435 0.0950227 0.136829
1 0.957859 0.383791 0.0835359 0.137415
1 0.745888 0.0240828 0.0746267 0.0479696
0 0.88877 0.405766 0.101138 0.149588
0 0.721924 0.436897 0.096545 0.163679
0 0.341899 0.757098 0.0891058 0.0874631
1 0.48724 0.464941 0.0809642 0.128793
1 0.364614 0.946159 0.098273 0.107572
1 0.927692 0.102686 0.0978612 0.124936
1 0.0333457 0.704082 0.0663818 0.105233
1 0.724009 0.432882 0.0993891 0.160591
1 0.936629 0.748605 0.104039 0.103747
0 0.942561 0.753793 0.114177 0.119488
0 0.486393 0.466427 0.0816106 0.134253
