0 0.399436 0.0600702 0.0844961 0.119203
1 0.379085 0.633071 0.093828 0.117705
1 0.606494 0.591028 0.0989962 0.124216
1 0.302021 0.64671 0.0917627 0.118778
0 0.493637 0.179025 0.0821041 0.121528
0 0.752525 0.127236 0.0798823 0.121272
1 0.226265 0.658489 0.100056 0.139145
1 0.192015 0.937529 0.127298 0.101536
1 0.700605 0.371877 0.0760477 0.117262
1 0.851053 0.759085 0.157692 0.11282
0 0.573129 0.415471 0.0868905 0.155505
1 0.405314 0.843955 0.154808 0.124084
1 0.149869 0.677745 0.0928033 0.116224
0 0.554572 0.166986 0.0775058 0.112701
1 0.621304 0.152682 0.0767028 0.115643
1 0.829377 0.554584 0.0877721 0.122665
1 0.298824 0.454605 0.0849867 0.140991
0 0.830461 0.361028 0.0798535 0.139237
1 0.454431 0.620096 0.0966265 0.120461
0 0.605343 0.838709 0.169935 0.137841
1 0.290069 0.20716 0.0896205 0.139221
1 0.065874 0.409972 0.131748 0.164716
1 0.766766 0.362349 0.0802276 0.12254
1 0.876751 0.844355 0.133291 0.0856102
1 0.458026 0.960754 0.156256 0.0778161
1 0.436489 0.42512 0.0935694 0.144594
1 0.375253 0.45913 0.0886459 0.167411
1 0.635434 0.384952 0.0769076 0.115741
1 0.206627 0.459976 0.0927946 0.158523
1 0.753292 0.56117 0.0934354 0.150767
1 0.203261 0.977656 0.12754 0.0442539
0 0.950951 0.103035 0.0975102 0.142666
1 0.0769274 0.681639 0.094745 0.129063
1 0.678679 0.578449 0.0971017 0.120182
1 0.528017 0.609453 0.0977384 0.129589
1 0.197669 0.208102 0.106677 0.142364
0 0.532348 0.0450701 0.0808842 0.0892014
0 0.227558 0.0553242 0.118008 0.109735
1 0.43239 0.919026 0.133225 0.0820429
1 0.120443 0.155992 0.121378 0.116568
1 0.959902 0.323733 0.0785975 0.116454
0 0.124985 0.440659 0.116351 0.158835
0 0.0841504 0.0833081 0.164966 0.157606
1 0.92211 0.954358 0.15153 0.0911241
0 0.685191 0.954377 0.183717 0.0902336
1 0.505365 0.415038 0.0770164 0.126011
1 0.88981 0.339793 0.0905585 0.161258
1 0.0227023 0.68938 0.0454045 0.139278
1 0.663598 0.0224894 0.0685291 0.0448132
1 0.321723 0.0620047 0.0606133 0.124009
1 0.423718 0.194203 0.0767035 0.122679
0 0.879843 0.103025 0.0921762 0.160587
1 0.106973 0.927988 0.0991469 0.143036
1 0.818523 0.127005 0.0797229 0.135254
1 0.912204 0.545677 0.100348 0.139846
0 0.321107 0.0605532 0.0651948 0.119058
1 0.683394 0.138332 0.081414 0.120991
1 0.0813064 0.0838451 0.16177 0.158336
1 0.359233 0.202414 0.0803534 0.120041
0 0.46848 0.0444026 0.0760036 0.0879931
1 0.226582 0.0525621 0.117097 0.104525
0 0.967472 0.524125 0.0644097 0.122112
0 0.910985 0.547009 0.101341 0.144241
0 0.684763 0.136757 0.0851579 0.128053
1 0.0284704 0.941665 0.0560002 0.113706
1 0.554304 0.166254 0.0783684 0.110032
0 0.596977 0.0416405 0.0783818 0.083281
1 0.0653361 0.0440811 0.130672 0.087664
0 0.818462 0.122624 0.0841608 0.139321
