0 0.946705 0.140243 0.10659 0.106571
1 0.568105 0.706147 0.139743 0.14453
1 0.089634 0.674104 0.115798 0.124552
1 0.49481 0.658651 0.134259 0.14343
1 0.850663 0.0768415 0.15326 0.130465
1 0.744004 0.284044 0.149591 0.135411
1 0.78502 0.19796 0.153509 0.126856
1 0.313571 0.818296 0.120372 0.125962
1 0.885836 0.0328545 0.14025 0.0654924
1 0.743392 0.650382 0.140863 0.140856
0 0.832142 0.432514 0.155918 0.133828
0 0.159991 0.0883683 0.121789 0.14084
1 0.637443 0.758957 0.132749 0.144053
1 0.605242 0.563568 0.12758 0.159945
0 0.0785227 0.0706028 0.115146 0.140245
0 0.882642 0.363897 0.150317 0.142108
1 0.52967 0.505935 0.12039 0.144217
1 0.708341 0.356974 0.155099 0.121815
1 0.407647 0.620416 0.130313 0.122454
1 0.155297 0.740363 0.142369 0.157745
1 0.38379 0.867951 0.130188 0.132154
1 0.393004 0.0628669 0.194342 0.122534
0 0.262235 0.12041 0.0815331 0.109502
0 0.234251 0.772016 0.12676 0.129089
1 0.948019 0.689741 0.10336 0.118547
1 0.0362002 0.628927 0.0717819 0.138874
1 0.675975 0.602223 0.128817 0.140913
1 0.5552 0.0936002 0.150525 0.123287
0 0.457094 0.920426 0.140232 0.146509
1 0.542972 0.180688 0.140096 0.134338
3 0.898482 0.796448 0.201699 0.344539
2 0.445608 0.282836 0.214383 0.212292
0 0.256327 0.538056 0.138779 0.151942
0 0.712954 0.80213 0.125806 0.147639
0 0.90399 0.266152 0.172239 0.15221
1 0.905636 0.264433 0.171821 0.14981
1 0.975597 0.0601074 0.0484627 0.115132
0 0.541754 0.180696 0.14489 0.136137
1 0.456875 0.921765 0.141758 0.151271
1 0.448069 0.293357 0.202681 0.193485
1 0.828334 0.700613 0.144863 0.145576
2 0.393978 0.06198 0.19582 0.122948
