1 0.593527 0.747026 0.151833 0.12081
1 0.689947 0.2633 0.138126 0.124514
1 0.446807 0.249748 0.117779 0.106839
1 0.653988 0.180283 0.128109 0.11688
1 0.0890394 0.367447 0.109581 0.078155
1 0.615972 0.927242 0.16374 0.138514
1 0.651362 0.466816 0.113339 0.108367
1 0.463094 0.529456 0.112283 0.0884623
1 0.90731 0.553651 0.107037 0.0885766
1 0.158937 0.159746 0.0980294 0.0925716
1 0.587175 0.845083 0.138458 0.114507
1 0.950253 0.778879 0.0988023 0.137302
1 0.465775 0.901809 0.136405 0.12419
1 0.301731 0.293713 0.161626 0.127978
1 0.962331 0.0828288 0.0745471 0.0937374
1 0.883492 0.434724 0.123333 0.180169
1 0.793347 0.18498 0.123127 0.128213
1 0.815194 0.774147 0.131186 0.106872
1 0.237354 0.227564 0.131875 0.0888267
1 0.693228 0.53791 0.111572 0.0894127
1 0.155682 0.0708489 0.164916 0.134752
1 0.479239 0.61841 0.132486 0.111328
1 0.0376187 0.960408 0.0752375 0.0749214
1 0.785094 0.45005 0.109857 0.13185
1 0.408748 0.817706 0.12264 0.0923431
1 0.931701 0.642118 0.108132 0.08482
1 0.0907988 0.663813 0.103914 0.0842628
1 0.844044 0.853068 0.136249 0.111304
1 0.122946 0.752189 0.145535 0.111714
0 0.947686 0.0277044 0.104557 0.0549617
1 0.109068 0.471389 0.138373 0.126537
1 0.475097 0.322984 0.104002 0.0826906
0 0.965351 0.172957 0.0690467 0.0874741
1 0.767978 0.684078 0.140043 0.095096
1 0.329104 0.387116 0.126602 0.0964866
1 0.587558 0.0983115 0.126472 0.0814207
1 0.713699 0.61385 0.16988 0.116207
0 0.0331739 0.88064 0.0663479 0.0899403
1 0.238852 0.962249 0.112497 0.0741607
1 0.742028 0.0536908 0.133214 0.103399
1 0.35246 0.740678 0.141804 0.0930953
1 0.313101 0.588948 0.153549 0.121381
0 0.874092 0.143099 0.116823 0.128458
1 0.293362 0.0356243 0.124638 0.0708022
1 0.531631 0.688488 0.126956 0.10203
1 0.188151 0.806954 0.110698 0.0971749
1 0.0229689 0.758901 0.0457097 0.0995045
0 0.311171 0.589392 0.149656 0.121499
1 0.498943 0.958768 0.140102 0.0824635
0 0.95731 0.400189 0.0847849 0.129471
1 0.731606 0.0108926 0.111603 0.0217852
1 0.279497 0.131307 0.0598242 0.0840019
1 0.125355 0.0203533 0.132331 0.0404229
1 0.957521 0.404927 0.0846825 0.128406
1 0.049537 0.231197 0.099074 0.0914838
1 0.0762637 0.288762 0.0991673 0.0818002
0 0.29299 0.0363507 0.122612 0.0725881
0 0.0490489 0.23341 0.0978438 0.0977685
1 0.495447 0.0485233 0.147667 0.096751
0 0.988074 0.341926 0.023473 0.0718549
0 0.345002 0.662592 0.146192 0.111331
