1 0.323361 0.0629726 0.135433 0.125945
0 0.713787 0.65069 0.128197 0.149425
1 0.175484 0.418593 0.150415 0.144599
1 0.689993 0.334892 0.13498 0.140863
1 0.235664 0.94241 0.125404 0.11518
1 0.936684 0.776236 0.126633 0.136377
1 0.556123 0.70967 0.140932 0.136531
1 0.481088 0.94164 0.144942 0.11672
1 0.24915 0.29318 0.122491 0.118326
1 0.325925 0.826192 0.136635 0.128644
1 0.552768 0.226469 0.158104 0.168287
1 0.389906 0.118018 0.124196 0.137367
1 0.643711 0.593677 0.131585 0.129779
1 0.41369 0.422579 0.147966 0.154503
1 0.850682 0.280498 0.121697 0.132845
1 0.11121 0.851745 0.11814 0.116981
1 0.403933 0.895896 0.154174 0.15518
1 0.180857 0.253178 0.135168 0.129292
1 0.111851 0.201104 0.129528 0.134192
1 0.898934 0.494379 0.12706 0.129439
1 0.901325 0.324104 0.106719 0.124325
1 0.25156 0.791258 0.147229 0.161247
1 0.397685 0.60911 0.142205 0.148376
1 0.574233 0.965787 0.142307 0.0680301
1 0.474074 0.671018 0.129761 0.10669
0 0.643778 0.11282 0.126375 0.105832
1 0.314735 0.560394 0.131073 0.12452
1 0.757785 0.409944 0.0903438 0.0923788
1 0.160763 0.910878 0.15281 0.155626
1 0.934761 0.936612 0.127823 0.126777
1 0.0409313 0.316916 0.0810421 0.123802
1 0.47572 0.0322189 0.128683 0.0644377
1 0.487079 0.476013 0.147404 0.145126
1 0.247715 0.0399122 0.12628 0.0794364
1 0.739688 0.173999 0.0707314 0.0772537
1 0.953316 0.541879 0.0928392 0.146265
1 0.565065 0.538619 0.125461 0.119822
0 0.782064 0.862329 0.135319 0.132689
0 0.413374 0.422259 0.149946 0.154745
1 0.78329 0.863387 0.130296 0.130131
0 0.189827 0.724852 0.135244 0.150489
1 0.329388 0.964758 0.106354 0.0701247
1 0.626165 0.314149 0.0724196 0.080613
1 0.977845 0.822221 0.0439377 0.0945215
0 0.0417495 0.60621 0.0834989 0.112323
1 0.775221 0.673334 0.0794735 0.0932658
1 0.191176 0.723308 0.13596 0.148318
1 0.0491466 0.137719 0.0975542 0.107641
1 0.975309 0.354416 0.0488681 0.0953444
1 0.636326 0.749848 0.142369 0.141429
1 0.939192 0.335819 0.0907559 0.110081
1 0.69334 0.810604 0.126071 0.122384
1 0.800701 0.438338 0.0665691 0.077154
0 0.564736 0.537706 0.127286 0.120385
