1 0.592587 0.332615 0.147777 0.119348
1 0.194528 0.945899 0.142806 0.107974
1 0.390581 0.455952 0.155485 0.126181
1 0.283057 0.695451 0.121722 0.114449
1 0.692687 0.79906 0.152445 0.127957
1 0.443078 0.276592 0.141055 0.142381
1 0.802055 0.460327 0.135733 0.110389
1 0.722333 0.717083 0.146914 0.124022
1 0.113384 0.083543 0.1008 0.133933
1 0.837598 0.375943 0.130949 0.113194
1 0.290252 0.0622793 0.101066 0.111811
1 0.862291 0.899426 0.135813 0.112764
1 0.917101 0.191855 0.165731 0.164019
1 0.548167 0.50907 0.141485 0.104753
1 0.414826 0.846057 0.129495 0.117899
1 0.436593 0.751291 0.157563 0.127929
1 0.503442 0.592069 0.137647 0.12123
1 0.902102 0.816591 0.149483 0.119018
1 0.951849 0.55904 0.0959177 0.117742
1 0.0373846 0.104316 0.0741674 0.119551
1 0.358074 0.543183 0.153336 0.130354
1 0.420328 0.368201 0.148845 0.114182
1 0.575212 0.424463 0.135145 0.115351
1 0.124363 0.4572 0.122884 0.109272
1 0.866776 0.288937 0.131755 0.117364
1 0.466556 0.0430178 0.0953659 0.0860356
0 0.617742 0.245063 0.152141 0.121477
1 0.654056 0.882977 0.139691 0.113729
1 0.252683 0.78458 0.134691 0.117896
1 0.201983 0.0869835 0.106385 0.103705
1 0.971894 0.470826 0.0559132 0.105141
1 0.46885 0.677038 0.166801 0.111274
1 0.0225392 0.848418 0.0448112 0.0907592
1 0.22158 0.868425 0.13117 0.114233
1 0.739271 0.626955 0.13587 0.102877
1 0.0500721 0.340145 0.0999297 0.116981
1 0.916761 0.637496 0.166478 0.142248
1 0.622063 0.954501 0.133156 0.0896242
1 0.782821 0.548266 0.15009 0.126134
1 0.859856 0.969949 0.134645 0.0596486
1 0.556182 0.0387078 0.0915884 0.0770086
1 0.349805 0.972677 0.135889 0.0541356
0 0.372612 0.923999 0.149643 0.118035
1 0.65063 0.022674 0.0890256 0.0452702
0 0.0314028 0.50775 0.0626361 0.117897
0 0.158409 0.318395 0.154191 0.144482
1 0.183527 0.030247 0.0954266 0.0600897
0 0.0732082 0.578798 0.145914 0.162463
1 0.379496 0.0514243 0.100199 0.102583
0 0.379685 0.0516774 0.101829 0.103086
1 0.15861 0.317962 0.152248 0.140684
1 0.81863 0.780755 0.0896895 0.0977533
1 0.940168 0.737981 0.101665 0.0990124
0 0.556741 0.038149 0.0945668 0.0760893
1 0.317642 0.615729 0.137654 0.113017
0 0.32183 0.613641 0.134082 0.109232
1 0.030875 0.507835 0.06175 0.115269
