1 0.868941 0.575745 0.192819 0.171913
1 0.932736 0.498186 0.134527 0.133256
1 0.379 0.284003 0.139247 0.135838
1 0.185875 0.153473 0.135325 0.127712
1 0.339427 0.691673 0.153584 0.143424
1 0.446803 0.815093 0.150276 0.125332
1 0.655023 0.188944 0.140285 0.129038
1 0.495993 0.404439 0.158171 0.139634
1 0.697658 0.123905 0.152765 0.124344
1 0.0814409 0.298748 0.162882 0.149758
1 0.226347 0.765791 0.152673 0.143356
1 0.807995 0.651595 0.160319 0.150426
1 0.693617 0.806635 0.129097 0.122166
1 0.549884 0.338451 0.144928 0.123825
1 0.245885 0.0828758 0.155878 0.152383
1 0.292228 0.617292 0.138218 0.129135
1 0.606121 0.265159 0.1424 0.13851
1 0.446824 0.467231 0.139549 0.141138
1 0.153914 0.708951 0.143634 0.124909
1 0.785241 0.448318 0.153367 0.159494
1 0.557213 0.0579161 0.126102 0.115832
1 0.392946 0.750604 0.15605 0.131754
1 0.733987 0.733549 0.162462 0.136256
1 0.480318 0.891101 0.157737 0.127047
1 0.275459 0.845323 0.153162 0.135857
1 0.232255 0.559101 0.157595 0.137157
1 0.841727 0.376715 0.141263 0.147566
1 0.663996 0.596382 0.161017 0.156559
1 0.12107 0.218477 0.161331 0.149955
0 0.965478 0.827878 0.0690438 0.110116
1 0.517618 0.948036 0.140454 0.103927
1 0.0638188 0.0648751 0.127638 0.12975
0 0.720995 0.514284 0.154964 0.148585
1 0.0468829 0.14099 0.0937439 0.137742
1 0.0410027 0.371438 0.081396 0.131554
1 0.33529 0.936174 0.155712 0.11621
1 0.0532668 0.965879 0.106534 0.0679576
1 0.925598 0.91338 0.148804 0.162142
0 0.884596 0.291406 0.140969 0.132534
1 0.4415 0.21763 0.120188 0.121623
0 0.505268 0.135414 0.170594 0.180283
1 0.856666 0.947607 0.143483 0.104785
1 0.327111 0.356238 0.118396 0.113927
1 0.504452 0.134039 0.168608 0.178827
1 0.969553 0.40778 0.0605613 0.0793419
1 0.301192 0.0399497 0.166642 0.0794767
1 0.884077 0.289481 0.132493 0.130703
1 0.370546 0.977109 0.131305 0.0454702
1 0.901877 0.0287769 0.103404 0.0572926
1 0.0415586 0.907854 0.0824496 0.119552
1 0.982151 0.137377 0.0352638 0.057421
1 0.133404 0.0281074 0.128026 0.0559924
1 0.940781 0.0656782 0.117591 0.130111
1 0.561036 0.986823 0.0970495 0.0259697
1 0.0210636 0.45393 0.0419596 0.0864724
1 0.978508 0.750327 0.0428102 0.08585
1 0.781773 0.98071 0.0960314 0.0383459
