1 0.628942 0.583736 0.170314 0.149248
1 0.257159 0.285018 0.207437 0.17581
1 0.59543 0.305891 0.158268 0.178298
1 0.699326 0.115759 0.160267 0.188831
1 0.35672 0.613493 0.189462 0.177246
1 0.0995165 0.0987831 0.16217 0.197566
0 0.342674 0.0979992 0.192585 0.184306
2 0.856943 0.258908 0.226514 0.185107
1 0.474644 0.446689 0.200995 0.219857
0 0.512242 0.729952 0.184737 0.167987
1 0.0895073 0.499716 0.165782 0.178232
1 0.784865 0.0434636 0.0954361 0.0862304
2 0.757738 0.411419 0.193029 0.203602
2 0.927209 0.910398 0.145582 0.178014
1 0.758888 0.410554 0.191148 0.203935
0 0.207167 0.853132 0.171447 0.183057
1 0.837828 0.0149664 0.0674758 0.0299329
2 0.968054 0.131296 0.0622929 0.156536
1 0.207186 0.850629 0.172373 0.18038
