1 0.506285 0.794863 0.147326 0.165516
2 0.589813 0.0931898 0.164632 0.165743
1 0.646943 0.641174 0.165842 0.154904
1 0.864706 0.359363 0.161461 0.154746
1 0.756814 0.501429 0.151029 0.141275
1 0.592467 0.712612 0.158337 0.143419
1 0.66483 0.92186 0.140353 0.133667
1 0.581611 0.867445 0.127415 0.129163
1 0.878203 0.591076 0.14377 0.136706
1 0.697794 0.557498 0.157458 0.14765
1 0.913137 0.290689 0.128686 0.140774
1 0.956454 0.219323 0.0858524 0.155636
1 0.788115 0.649181 0.141871 0.14113
2 0.215911 0.430478 0.353023 0.369391
1 0.385507 0.519128 0.155318 0.134402
1 0.493797 0.432949 0.106165 0.1087
1 0.965016 0.46246 0.0694083 0.117861
1 0.845176 0.958933 0.152741 0.0817152
1 0.157985 0.0333017 0.129374 0.0663448
1 0.912065 0.895776 0.141203 0.147737
0 0.966858 0.925538 0.0662847 0.110667
2 0.386311 0.52173 0.155368 0.13082
1 0.935454 0.523307 0.109783 0.115606
1 0.74282 0.764052 0.0819438 0.065196
1 0.981111 0.375548 0.0374262 0.0684243
1 0.818049 0.863423 0.0796547 0.0915589
1 0.146533 0.523636 0.216462 0.18417
1 0.0255655 0.265192 0.0508106 0.080367
1 0.0812673 0.191743 0.162535 0.204518
