2 0.175927 0.373731 0.351853 0.329659
1 0.459891 0.525678 0.147095 0.133765
1 0.908187 0.52421 0.173187 0.144407
1 0.822424 0.799236 0.112022 0.0987642
1 0.115758 0.806106 0.116389 0.123926
1 0.713836 0.650447 0.135293 0.108351
1 0.506567 0.608746 0.136017 0.115595
1 0.701323 0.875446 0.158941 0.136416
1 0.204054 0.943689 0.120012 0.112622
1 0.343449 0.855597 0.118151 0.120322
1 0.409855 0.818614 0.117426 0.119527
1 0.320001 0.689406 0.133269 0.147362
1 0.625988 0.52566 0.14126 0.141088
1 0.820246 0.270677 0.16076 0.143782
1 0.576726 0.451516 0.141182 0.131244
1 0.906804 0.929766 0.108168 0.108617
1 0.649836 0.809743 0.160486 0.141052
1 0.251892 0.719282 0.112003 0.11997
1 0.763077 0.733787 0.161282 0.13035
1 0.553952 0.670608 0.147211 0.132699
1 0.596473 0.736844 0.132427 0.118913
1 0.0505494 0.85709 0.101099 0.120394
1 0.68105 0.58658 0.116633 0.108528
1 0.875742 0.857292 0.128673 0.115704
1 0.187249 0.76981 0.116328 0.131627
0 0.96077 0.68651 0.0768499 0.117796
1 0.442555 0.237301 0.106199 0.144795
1 0.530704 0.956528 0.140754 0.086129
1 0.74488 0.938721 0.146368 0.122559
1 0.868799 0.46883 0.145544 0.122076
1 0.867363 0.3529 0.142381 0.120441
1 0.275489 0.901574 0.119316 0.125564
0 0.930174 0.614072 0.138921 0.152223
1 0.127678 0.964819 0.112956 0.0703622
1 0.77006 0.984671 0.0925636 0.030144
1 0.934418 0.614488 0.131164 0.13081
1 0.440301 0.988411 0.0703504 0.0231787
