2 0.518631 0.0930068 0.199957 0.185165
2 0.86291 0.684409 0.199413 0.238858
2 0.187201 0.943359 0.258133 0.112272
2 0.772778 0.158213 0.203506 0.126393
0 0.158814 0.728733 0.16984 0.135698
0 0.222245 0.481937 0.0838686 0.0747297
0 0.0381113 0.909617 0.0762226 0.107292
1 0.0856498 0.237221 0.0828792 0.0804685
2 0.832215 0.412033 0.330094 0.215025
0 0.066043 0.587297 0.131148 0.122372
1 0.266971 0.401756 0.104921 0.0886194
2 0.911672 0.0418488 0.159087 0.0833931
1 0.456907 0.749896 0.141796 0.133645
1 0.0543759 0.199758 0.0774861 0.0658873
1 0.660432 0.231659 0.136569 0.122096
2 0.930377 0.567519 0.138599 0.172893
1 0.0190397 0.0752733 0.0378956 0.0668205
1 0.304875 0.639487 0.0791237 0.0779467
1 0.099102 0.0949021 0.135811 0.133447
1 0.409695 0.797915 0.0931088 0.0995994
1 0.382309 0.592273 0.115719 0.0931791
0 0.129324 0.644614 0.120941 0.118216
1 0.244421 0.359285 0.101324 0.0821593
1 0.210485 0.305177 0.121192 0.11263
0 0.293344 0.436606 0.0986299 0.0839373
1 0.160318 0.207699 0.124568 0.106883
0 0.0482267 0.501511 0.0964535 0.113295
1 0.0386962 0.146785 0.0773702 0.0951437
1 0.195915 0.440825 0.0784604 0.0678442
1 0.273855 0.590804 0.0853479 0.0821493
