0 0.047994 0.381549 0.0910859 0.0878497
0 0.101299 0.263866 0.0955089 0.092882
2 0.392904 0.860843 0.472197 0.275618
1 0.508026 0.561339 0.116655 0.109555
1 0.488466 0.396 0.114039 0.104479
0 0.24308 0.334442 0.102846 0.107238
2 0.879716 0.125379 0.184507 0.210233
1 0.782387 0.654736 0.248237 0.217923
1 0.293409 0.40085 0.0934353 0.0908353
1 0.234935 0.592651 0.0753775 0.0950747
1 0.169994 0.556221 0.0960027 0.108545
1 0.374886 0.636361 0.0846954 0.0877388
1 0.121298 0.437659 0.121849 0.114161
1 0.80901 0.322554 0.106943 0.107841
1 0.885764 0.970516 0.10051 0.0588257
3 0.0987228 0.808947 0.152779 0.108367
0 0.31437 0.234021 0.0863831 0.106125
0 0.936685 0.495551 0.12592 0.203664
1 0.777631 0.946149 0.131152 0.107026
1 0.316 0.232883 0.0846828 0.107079
0 0.785962 0.651276 0.255319 0.217901
1 0.961721 0.976649 0.0760598 0.0461444
0 0.367088 0.309728 0.154045 0.114126
1 0.574349 0.483917 0.149111 0.146599
0 0.961792 0.820528 0.0754957 0.188213
1 0.541667 0.454117 0.078759 0.0751032
1 0.419595 0.318593 0.0908605 0.0852517
