2 0.547499 0.599822 0.470825 0.372256
2 0.0832926 0.434704 0.166177 0.207349
0 0.557305 0.187979 0.104757 0.110222
1 0.607659 0.13993 0.108234 0.111599
0 0.86049 0.763811 0.0874941 0.100026
1 0.602541 0.943733 0.118718 0.112534
3 0.127457 0.132248 0.162196 0.186039
1 0.353205 0.922997 0.160222 0.153756
1 0.151399 0.877039 0.0850957 0.104071
1 0.256107 0.385213 0.109737 0.0920392
1 0.527816 0.0604587 0.10111 0.113585
0 0.917683 0.729245 0.0894065 0.0934913
1 0.250508 0.755178 0.150843 0.206818
1 0.525595 0.364669 0.122797 0.136597
1 0.485202 0.108675 0.129076 0.130116
1 0.103224 0.773618 0.104174 0.13312
1 0.583827 0.0360999 0.141504 0.0717025
1 0.220235 0.83349 0.116337 0.130899
0 0.456343 0.407291 0.11345 0.121384
1 0.673772 0.916315 0.0854859 0.0880301
1 0.291204 0.456633 0.14491 0.125093
1 0.970125 0.1616 0.0591521 0.0850402
1 0.946124 0.8475 0.106134 0.113114
1 0.253281 0.298004 0.168431 0.133414
1 0.392883 0.421839 0.100701 0.112022
0 0.249407 0.0803862 0.0989462 0.113232
1 0.724184 0.0457313 0.0705254 0.071809
1 0.0406209 0.622955 0.0810687 0.142223
1 0.693322 0.0814276 0.082644 0.0863371
0 0.590399 0.340751 0.0957452 0.11472
1 0.047427 0.829525 0.094854 0.123953
0 0.144363 0.144503 0.119545 0.133772
1 0.734038 0.863316 0.0935712 0.106762
0 0.161583 0.737635 0.108223 0.126376
1 0.311825 0.530112 0.130649 0.105747
0 0.546588 0.875421 0.153473 0.144023
0 0.907638 0.314346 0.178545 0.131626
0 0.73195 0.865247 0.100692 0.107878
1 0.543325 0.884604 0.143848 0.129993
0 0.523201 0.362767 0.124025 0.141187
2 0.250988 0.752651 0.153014 0.200447
0 0.391656 0.426832 0.107708 0.128017
0 0.0378626 0.947709 0.0750418 0.10337
0 0.0406205 0.620618 0.0797063 0.146302
1 0.64678 0.105831 0.0972633 0.113858
1 0.454356 0.408452 0.117706 0.120424
1 0.163205 0.738714 0.110371 0.125511
1 0.986625 0.808478 0.026415 0.0527945
1 0.403725 0.854553 0.0883561 0.0924811
1 0.209989 0.120946 0.0849561 0.0943076
1 0.430722 0.99144 0.0643046 0.0166758
0 0.0948714 0.612263 0.0781015 0.0940926
