1 0.372914 0.336551 0.138134 0.129995
2 0.339769 0.704264 0.297021 0.200459
1 0.736144 0.868339 0.188951 0.143911
1 0.495385 0.357116 0.13442 0.133776
1 0.686581 0.777811 0.174088 0.144488
1 0.610828 0.575546 0.138232 0.122557
1 0.575949 0.468159 0.14379 0.150931
1 0.843565 0.784388 0.0945673 0.0657465
0 0.814307 0.66346 0.128775 0.149302
1 0.575222 0.0775696 0.14554 0.132567
1 0.436688 0.823124 0.163141 0.152386
1 0.600133 0.295154 0.0860302 0.086701
1 0.735639 0.956055 0.130822 0.0876101
2 0.0563318 0.487593 0.1115 0.111139
0 0.702295 0.363873 0.14626 0.128013
1 0.484587 0.925397 0.157547 0.108938
1 0.943771 0.93556 0.111504 0.107968
0 0.351786 0.205672 0.1414 0.135766
1 0.291599 0.976066 0.123836 0.0476635
0 0.965921 0.740534 0.0664663 0.0776782
1 0.645308 0.67773 0.166632 0.151511
0 0.971775 0.612631 0.0559919 0.112984
0 0.481982 0.92475 0.14634 0.10399
0 0.22275 0.2518 0.144959 0.132175
1 0.524331 0.980009 0.099418 0.0397115
0 0.975658 0.30881 0.0483043 0.132323
1 0.0557393 0.487244 0.111479 0.111301
1 0.0505274 0.61279 0.100628 0.0882299
3 0.0485805 0.766513 0.0958536 0.105569
0 0.286262 0.0156978 0.0796694 0.0312667
1 0.304965 0.916389 0.100508 0.0812927
1 0.381445 0.0550028 0.118801 0.100454
1 0.234742 0.257871 0.117797 0.121201
0 0.237127 0.354985 0.131705 0.0804518
0 0.722937 0.469868 0.14082 0.102249
1 0.724122 0.469934 0.139356 0.105914
1 0.0333814 0.302025 0.0663008 0.135519
1 0.66448 0.260347 0.0827422 0.0801564
0 0.0506358 0.764986 0.101272 0.0981253
