2 0.673859 0.846121 0.185951 0.299858
2 0.782 0.106391 0.231081 0.211758
1 0.31886 0.566213 0.116743 0.108406
1 0.187632 0.449058 0.161142 0.135064
2 0.439966 0.940213 0.283166 0.118859
1 0.243466 0.272917 0.16259 0.128999
1 0.46453 0.2168 0.131302 0.114177
1 0.0713776 0.05648 0.142755 0.111333
1 0.572966 0.56338 0.178402 0.1263
1 0.209999 0.350942 0.157507 0.127361
1 0.32192 0.0997043 0.13728 0.12287
1 0.128501 0.530752 0.144266 0.116773
1 0.370306 0.407497 0.187019 0.112696
1 0.537881 0.656851 0.163764 0.132772
1 0.279814 0.189977 0.176457 0.137264
1 0.459495 0.819823 0.142764 0.123924
1 0.0519257 0.156461 0.102619 0.104914
1 0.403969 0.322695 0.18663 0.124527
1 0.336183 0.481512 0.185014 0.14051
1 0.158174 0.963167 0.121519 0.0736655
1 0.270496 0.725272 0.142964 0.104736
1 0.502418 0.743802 0.14742 0.123569
1 0.492404 0.137115 0.136226 0.107069
1 0.196275 0.891504 0.0942381 0.0904958
0 0.926118 0.929743 0.147764 0.128899
1 0.037543 0.236977 0.0746997 0.0994685
1 0.240306 0.803566 0.161614 0.122354
1 0.61321 0.479491 0.194102 0.132841
1 0.08632 0.615 0.135447 0.112433
0 0.292595 0.646107 0.158863 0.125948
1 0.286075 0.635752 0.182792 0.150859
1 0.0240617 0.345511 0.0478899 0.101516
1 0.0677695 0.699799 0.135539 0.145118
