1 0.354466 0.196089 0.125309 0.180175
0 0.757262 0.938771 0.162632 0.121615
1 0.642366 0.694579 0.146794 0.13917
1 0.303437 0.758514 0.17231 0.173646
1 0.803321 0.630199 0.148527 0.146249
0 0.711422 0.817595 0.165162 0.102828
1 0.496783 0.958178 0.147403 0.0825801
1 0.738132 0.0329011 0.164561 0.0652324
0 0.527399 0.494768 0.144093 0.188624
1 0.937859 0.257986 0.124281 0.141764
1 0.178731 0.694533 0.158181 0.14119
1 0.147977 0.376256 0.146925 0.199181
0 0.0299528 0.183909 0.0590687 0.0857841
0 0.755098 0.38767 0.14453 0.119261
1 0.40443 0.487669 0.160313 0.146997
0 0.676355 0.427452 0.0881104 0.100093
0 0.0297484 0.0751756 0.0589994 0.109115
0 0.497422 0.199146 0.133115 0.141526
1 0.421029 0.853887 0.17896 0.147977
1 0.531989 0.49432 0.145329 0.188523
1 0.0570023 0.6739 0.113332 0.172993
1 0.268953 0.454329 0.157789 0.124181
1 0.662264 0.264899 0.136876 0.139016
0 0.0898654 0.850764 0.147078 0.116386
0 0.0833827 0.894693 0.16596 0.2083
1 0.584645 0.0347367 0.128472 0.0690238
0 0.206171 0.240231 0.135407 0.118186
1 0.944465 0.0576217 0.083316 0.111976
0 0.235379 0.139188 0.136943 0.145864
1 0.495295 0.196143 0.126836 0.141954
0 0.420071 0.85354 0.179274 0.149049
1 0.916064 0.868618 0.167574 0.185526
0 0.0239516 0.830756 0.0458634 0.116872
1 0.12419 0.791625 0.0810951 0.0715659
