1 0.882839 0.213906 0.137434 0.156599
2 0.559893 0.238685 0.179438 0.187148
1 0.880726 0.717048 0.145554 0.123721
1 0.926478 0.779354 0.147044 0.140116
1 0.762738 0.0960732 0.164137 0.191206
1 0.919966 0.475725 0.160068 0.174479
1 0.653936 0.157234 0.146611 0.168146
1 0.838646 0.568192 0.153275 0.106775
1 0.948796 0.180126 0.102408 0.123781
1 0.820031 0.270773 0.127758 0.135047
1 0.734225 0.863726 0.107371 0.0909829
1 0.670839 0.812102 0.150601 0.141822
1 0.520095 0.846923 0.132013 0.125591
1 0.636174 0.728263 0.128489 0.119463
1 0.959396 0.674507 0.0810866 0.13998
1 0.569294 0.912911 0.12291 0.128415
1 0.834156 0.660719 0.148133 0.0877669
1 0.868392 0.0553137 0.20103 0.10924
1 0.779973 0.929659 0.140219 0.125961
1 0.967808 0.41015 0.0639727 0.0957108
1 0.644201 0.379036 0.181844 0.181654
1 0.716833 0.317141 0.185578 0.192342
1 0.858061 0.499835 0.148748 0.129943
2 0.414827 0.702519 0.175405 0.160423
1 0.518788 0.461821 0.130288 0.125182
2 0.269767 0.941524 0.258753 0.115953
1 0.623802 0.950756 0.133289 0.0984886
2 0.0396169 0.61018 0.0786572 0.105055
2 0.130321 0.751075 0.207878 0.181217
1 0.464884 0.796447 0.15151 0.133557
