1 0.157221 0.570647 0.12828 0.0781038
0 0.397001 0.612483 0.114347 0.129815
1 0.595086 0.667183 0.097682 0.124787
0 0.28603 0.129415 0.116386 0.143752
1 0.671461 0.472166 0.121907 0.132599
1 0.685919 0.682815 0.119962 0.131016
1 0.297804 0.583206 0.122895 0.137612
1 0.911758 0.718459 0.117082 0.124431
1 0.499943 0.630957 0.129248 0.188052
1 0.957087 0.11119 0.0853642 0.10508
1 0.529882 0.946054 0.118765 0.107697
1 0.491624 0.427015 0.121209 0.150533
1 0.48264 0.163889 0.108336 0.146738
1 0.150571 0.132234 0.132523 0.0900052
1 0.735643 0.0696987 0.122374 0.132556
1 0.589559 0.449082 0.106103 0.14122
1 0.664015 0.207382 0.0916238 0.135754
1 0.92634 0.307208 0.076427 0.0775784
1 0.967788 0.203644 0.0631863 0.0768048
1 0.573963 0.190309 0.108176 0.122815
0 0.145357 0.0365718 0.135084 0.0718079
1 0.151153 0.472322 0.121968 0.0791855
1 0.143975 0.351395 0.121392 0.113876
0 0.144283 0.351181 0.116376 0.109771
1 0.40959 0.396264 0.0989752 0.117313
0 0.311978 0.385047 0.102287 0.153717
0 0.386741 0.144106 0.1161 0.173138
1 0.799545 0.695907 0.0944636 0.140987
1 0.448468 0.0318594 0.10767 0.0636257
1 0.974743 0.317933 0.0500156 0.118621
1 0.386463 0.144056 0.119199 0.17442
1 0.552784 0.0330205 0.0979016 0.066041
1 0.64718 0.0570219 0.116659 0.114044
0 0.800115 0.689374 0.0997794 0.156671
1 0.959481 0.979954 0.080175 0.0394605
0 0.760555 0.244627 0.0994765 0.123948
