0 0.288458 0.899098 0.107514 0.137448
1 0.895703 0.155269 0.110178 0.148152
0 0.26693 0.275185 0.100541 0.167846
1 0.632568 0.661888 0.102214 0.163323
1 0.190036 0.280972 0.0967626 0.141508
1 0.814355 0.176379 0.0979204 0.143284
1 0.471258 0.688411 0.104655 0.151576
1 0.682255 0.833571 0.103568 0.139128
1 0.443684 0.877821 0.104867 0.156338
1 0.944802 0.603249 0.107312 0.155771
1 0.738461 0.199083 0.106484 0.151465
0 0.919914 0.793871 0.0930361 0.140306
1 0.527898 0.863063 0.102333 0.144187
1 0.387744 0.700671 0.100447 0.155718
1 0.371586 0.895387 0.0974241 0.130742
1 0.102507 0.292793 0.0956045 0.139218
1 0.864369 0.615582 0.103939 0.144352
1 0.788212 0.633396 0.101845 0.158604
1 0.659058 0.197713 0.0814323 0.131645
1 0.546715 0.668461 0.103564 0.145431
1 0.875749 0.344648 0.107131 0.155314
1 0.648208 0.385095 0.101964 0.161376
1 0.417708 0.235041 0.0996517 0.143057
1 0.731486 0.381225 0.100514 0.136943
1 0.175529 0.47405 0.0984241 0.152322
1 0.308848 0.705772 0.0859901 0.140231
1 0.408707 0.429951 0.0914377 0.170551
1 0.841976 0.807434 0.0983028 0.162174
1 0.582 0.21764 0.103937 0.13757
1 0.808032 0.367873 0.0903203 0.126485
0 0.344291 0.254838 0.0891762 0.160053
1 0.489521 0.409612 0.100798 0.162052
0 0.153733 0.0477535 0.0949441 0.095507
1 0.707649 0.648042 0.100116 0.168372
1 0.567233 0.407668 0.0926151 0.152847
1 0.0764326 0.497743 0.139867 0.189432
1 0.609176 0.852191 0.107517 0.138932
1 0.25121 0.45996 0.0901125 0.143214
1 0.0321897 0.313451 0.064137 0.152897
1 0.073806 0.0581588 0.0940313 0.115547
1 0.766562 0.82472 0.100265 0.130034
1 0.154705 0.73226 0.0912495 0.128665
0 0.154409 0.731179 0.0928458 0.141723
1 0.501774 0.226372 0.0992866 0.14247
0 0.391027 0.0296766 0.0931568 0.0591041
0 0.334902 0.451637 0.0914954 0.131178
1 0.951868 0.312774 0.0958816 0.13216
1 0.025104 0.975173 0.0496525 0.0495206
1 0.224292 0.717517 0.0968792 0.142805
1 0.335678 0.454042 0.0958035 0.132797
1 0.227695 0.0422189 0.0841981 0.0834744
0 0.0198555 0.0596438 0.039711 0.116924
1 0.962178 0.146105 0.075202 0.133604
0 0.977536 0.788305 0.0447196 0.126077
0 0.469845 0.0232621 0.0929787 0.0462116
0 0.209051 0.912149 0.0966462 0.135119
0 0.605461 0.850062 0.105858 0.134375
1 0.0141347 0.907876 0.0279157 0.0808071
0 0.225865 0.716739 0.0996982 0.144651
1 0.977547 0.788423 0.0442618 0.125234
0 0.0769566 0.496665 0.138299 0.18908
0 0.434443 0.0298635 0.166623 0.05906
1 0.207686 0.912664 0.0914482 0.135981
0 0.30135 0.035221 0.0787753 0.0701991
1 0.0204578 0.0588595 0.0409157 0.117719
1 0.152074 0.0483195 0.092999 0.0964022
