1 0.113179 0.565431 0.148226 0.124066
1 0.430365 0.681384 0.103776 0.0915235
1 0.791807 0.0861692 0.144045 0.131259
1 0.178749 0.721051 0.172828 0.141676
1 0.784936 0.379592 0.165925 0.140475
1 0.152688 0.638572 0.132355 0.105656
1 0.638276 0.0794101 0.15038 0.120028
1 0.388055 0.607025 0.154889 0.143145
1 0.820132 0.46583 0.105816 0.0893164
1 0.671234 0.161512 0.147366 0.138385
1 0.227371 0.300526 0.126091 0.11312
1 0.724563 0.312569 0.115429 0.098851
1 0.420621 0.199646 0.147724 0.122337
1 0.682715 0.250088 0.113228 0.104157
1 0.931742 0.630219 0.118449 0.110924
1 0.619511 0.57334 0.145923 0.115373
1 0.068729 0.0752719 0.121714 0.0961545
1 0.225588 0.794654 0.112916 0.0955861
1 0.1078 0.862568 0.158283 0.133753
1 0.269792 0.381033 0.136149 0.136709
1 0.0673202 0.781186 0.13464 0.138096
1 0.715567 0.756135 0.174967 0.13635
1 0.450965 0.27834 0.161215 0.128641
1 0.531042 0.846335 0.150201 0.133608
1 0.521144 0.340767 0.125371 0.11422
1 0.323452 0.952629 0.120536 0.0943835
1 0.761675 0.824993 0.165857 0.148536
1 0.828592 0.888852 0.157027 0.128835
1 0.0932637 0.157116 0.128531 0.120273
1 0.590967 0.495842 0.154615 0.13332
1 0.0607287 0.501377 0.121457 0.130755
1 0.0295209 0.619528 0.0588547 0.0968026
1 0.0361036 0.417061 0.0722072 0.104651
1 0.927117 0.31595 0.138904 0.11361
1 0.875417 0.95023 0.14998 0.098911
1 0.953842 0.70657 0.0917633 0.13424
1 0.359799 0.0278564 0.107607 0.0554666
1 0.944681 0.394676 0.110154 0.153622
1 0.831796 0.166705 0.131582 0.104862
1 0.574258 0.406016 0.101096 0.0904241
1 0.157146 0.429564 0.126013 0.144275
1 0.893057 0.245042 0.129959 0.108249
1 0.206058 0.977555 0.0967067 0.0443382
1 0.0451866 0.697049 0.0901599 0.120637
1 0.264433 0.976195 0.0624989 0.0473927
0 0.959561 0.801077 0.0785646 0.107473
1 0.751243 0.0377492 0.140759 0.0747179
1 0.207 0.0627633 0.0769551 0.093535
0 0.570912 0.930379 0.150218 0.139243
0 0.0390078 0.0296001 0.0780156 0.0590623
0 0.593282 0.978601 0.122996 0.0422974
