1 0.0810041 0.897294 0.125291 0.0928109
1 0.134913 0.460073 0.0873342 0.109771
1 0.14339 0.58709 0.0813211 0.116874
0 0.692437 0.0566045 0.0577636 0.112795
1 0.869954 0.45842 0.0726403 0.0980638
0 0.308997 0.801946 0.118749 0.0861211
1 0.31436 0.901474 0.11562 0.0802749
1 0.950425 0.600711 0.0975816 0.123471
1 0.956143 0.458729 0.0877136 0.12971
1 0.29428 0.216065 0.0845422 0.122784
0 0.779453 0.455805 0.0942973 0.113644
1 0.467717 0.214973 0.0718324 0.11764
1 0.396071 0.607114 0.0951397 0.135052
1 0.509999 0.0647248 0.0950218 0.118791
1 0.306562 0.595046 0.0783582 0.122149
1 0.853627 0.0638444 0.0872145 0.114115
1 0.0778252 0.972016 0.126074 0.0557225
1 0.390576 0.212003 0.0733605 0.116585
0 0.419333 0.0673165 0.0734212 0.131881
0 0.0902354 0.80679 0.148719 0.0838538
1 0.490159 0.608597 0.0942635 0.105337
1 0.3112 0.455933 0.0858133 0.132234
1 0.320245 0.974396 0.125062 0.0511272
1 0.57361 0.209781 0.0881212 0.108913
1 0.222576 0.454145 0.0847587 0.120287
1 0.462024 0.90463 0.128573 0.0996652
0 0.483315 0.45458 0.0798661 0.129372
1 0.658299 0.214006 0.0879335 0.120612
1 0.937859 0.0736792 0.0920905 0.139194
1 0.348196 0.055941 0.0539296 0.109931
1 0.0521746 0.588527 0.0793338 0.115229
1 0.018331 0.0658647 0.0365338 0.109299
1 0.595146 0.0637038 0.0742216 0.127408
1 0.461183 0.968866 0.114282 0.0608397
1 0.689105 0.451465 0.0890863 0.120059
2 0.460262 0.925455 0.136433 0.147886
1 0.230378 0.591737 0.0781592 0.124087
0 0.391782 0.461619 0.0801808 0.117862
1 0.865179 0.595214 0.0756586 0.103331
1 0.0383302 0.229024 0.0763374 0.138918
0 0.596221 0.0638419 0.0833344 0.126608
0 0.319321 0.972936 0.12472 0.0539541
1 0.77977 0.454339 0.0908558 0.114406
