1 0.647822 0.0668174 0.151311 0.109563
1 0.225766 0.0439599 0.156602 0.086866
1 0.917208 0.927902 0.100914 0.129842
1 0.842971 0.604619 0.105935 0.114891
1 0.201245 0.917403 0.0704484 0.0897131
1 0.417376 0.156265 0.166452 0.11555
1 0.0683482 0.414006 0.126498 0.093702
1 0.262433 0.183808 0.160217 0.102487
1 0.402989 0.886427 0.0902566 0.0909227
1 0.958455 0.755054 0.082289 0.114235
1 0.58603 0.851009 0.0909827 0.109918
1 0.052838 0.322996 0.104796 0.0977831
1 0.2691 0.738511 0.108606 0.118639
1 0.151126 0.595612 0.0951079 0.108558
1 0.885925 0.787956 0.105646 0.096566
1 0.490142 0.862557 0.116267 0.121196
1 0.273929 0.27101 0.170828 0.11025
1 0.0665097 0.618087 0.101668 0.128113
0 0.522493 0.520437 0.109644 0.133197
1 0.805441 0.216526 0.118196 0.140187
1 0.457005 0.699995 0.115263 0.126882
1 0.225396 0.582906 0.0930345 0.126134
1 0.781129 0.467072 0.101482 0.15102
1 0.75279 0.627875 0.1221 0.139386
1 0.433585 0.239341 0.156209 0.107242
1 0.646275 0.161027 0.1261 0.104374
1 0.0531367 0.241254 0.106273 0.0840024
1 0.834542 0.0689984 0.139243 0.123785
1 0.308793 0.9095 0.103734 0.124303
1 0.831786 0.946263 0.127265 0.106461
1 0.934316 0.428032 0.0837598 0.114064
1 0.681996 0.264303 0.144337 0.14421
1 0.415749 0.0848424 0.125636 0.0713533
1 0.374299 0.548072 0.0890122 0.129136
1 0.465366 0.321645 0.119518 0.0862834
1 0.976103 0.916875 0.0473397 0.105761
1 0.785939 0.809705 0.119067 0.124723
1 0.300963 0.564267 0.099876 0.14626
1 0.939436 0.575128 0.119832 0.14002
1 0.244169 0.113057 0.144736 0.0823114
1 0.553633 0.675193 0.119094 0.13038
1 0.300146 0.357277 0.15545 0.131962
1 0.444871 0.530486 0.0793083 0.113707
1 0.850407 0.446424 0.0915287 0.126081
1 0.400857 0.0231422 0.131524 0.0460631
1 0.639459 0.97211 0.0859967 0.0557642
1 0.364641 0.706147 0.115526 0.134883
0 0.140106 0.745395 0.146918 0.0965824
1 0.896843 0.192387 0.116409 0.131122
1 0.714541 0.477487 0.0786021 0.122195
1 0.03147 0.106528 0.0629401 0.0740246
1 0.538004 0.971737 0.114748 0.0559754
0 0.365223 0.703608 0.116468 0.13427
0 0.852088 0.44726 0.0915039 0.125589
1 0.519258 0.52131 0.108201 0.136328
0 0.982248 0.415496 0.0349087 0.137044
1 0.0518738 0.173405 0.10273 0.0751078
0 0.716884 0.48207 0.0857904 0.135003
0 0.898231 0.193929 0.121199 0.12968
0 0.965294 0.188248 0.0670011 0.122077
1 0.982466 0.409381 0.034606 0.118289
1 0.621727 0.0208557 0.115928 0.0393716
1 0.532793 0.948568 0.103763 0.0628631
1 0.345874 0.985502 0.135326 0.028843
