1 0.681685 0.246117 0.115284 0.107059
1 0.132915 0.870446 0.153405 0.119541
1 0.332953 0.248481 0.17375 0.153519
1 0.0902966 0.267982 0.149121 0.14313
1 0.200835 0.0516044 0.203003 0.100909
1 0.888931 0.867274 0.0961765 0.117403
1 0.239919 0.691235 0.148944 0.121774
1 0.438107 0.895096 0.208145 0.155397
1 0.105621 0.943644 0.169598 0.112711
1 0.400129 0.958547 0.150973 0.0829054
1 0.93286 0.119586 0.133744 0.118818
1 0.153887 0.153466 0.156332 0.146213
1 0.403021 0.0932757 0.146446 0.1201
1 0.177243 0.796018 0.105189 0.106319
0 0.757786 0.0681771 0.163524 0.123179
1 0.378585 0.149628 0.183704 0.121816
1 0.843929 0.560031 0.144377 0.168677
1 0.641667 0.946863 0.202609 0.105686
1 0.88084 0.977788 0.114334 0.0439522
2 0.844821 0.55928 0.142217 0.169442
1 0.167565 0.317821 0.0966238 0.107966
1 0.951432 0.0438141 0.0963068 0.087453
1 0.86012 0.420443 0.223446 0.158159
2 0.62232 0.375659 0.245168 0.22349
1 0.496446 0.065035 0.142977 0.126994
1 0.0313899 0.839709 0.0623417 0.0764265
1 0.72777 0.145702 0.140377 0.11773
1 0.900562 0.314056 0.189658 0.184807
2 0.868444 0.364908 0.257406 0.276667
1 0.407752 0.0300758 0.118495 0.0597987
1 0.0200737 0.43773 0.0397969 0.0846386
1 0.327827 0.980945 0.101232 0.0373888
