0 0.909359 0.343905 0.122251 0.143064
1 0.446388 0.240278 0.0687503 0.0840836
1 0.292565 0.882917 0.108433 0.122701
1 0.145019 0.261244 0.0739681 0.1078
1 0.3857 0.555833 0.121017 0.105469
1 0.5455 0.268897 0.0646696 0.10366
0 0.364379 0.268666 0.0859828 0.116803
1 0.633683 0.285823 0.0926368 0.103567
0 0.210252 0.924487 0.120009 0.129072
0 0.153632 0.0544096 0.109802 0.0881833
1 0.291499 0.669059 0.114739 0.109265
1 0.260714 0.302339 0.0723775 0.0762396
1 0.592235 0.540453 0.104657 0.0992148
1 0.433269 0.427671 0.0782595 0.112164
1 0.94374 0.141069 0.109666 0.0969936
1 0.37944 0.820582 0.0988374 0.109371
1 0.741717 0.285565 0.113791 0.130676
0 0.698973 0.462604 0.148721 0.131145
0 0.19757 0.488108 0.124307 0.134028
1 0.463111 0.781745 0.117423 0.116586
1 0.0565313 0.69341 0.110845 0.126896
1 0.132791 0.962948 0.102915 0.0740082
1 0.51947 0.689354 0.0992258 0.0949793
0 0.582788 0.0859109 0.0768368 0.07571
1 0.0104401 0.499701 0.0204703 0.0507762
