1 0.0613629 0.555239 0.121688 0.137003
0 0.412566 0.295903 0.111321 0.123546
1 0.56295 0.290886 0.126143 0.125854
1 0.495742 0.0578274 0.120807 0.114938
1 0.848325 0.498409 0.110519 0.124204
1 0.706865 0.284382 0.139743 0.133835
1 0.864401 0.264887 0.126995 0.137773
1 0.711557 0.506691 0.116181 0.131692
1 0.575474 0.507012 0.117198 0.132534
1 0.435219 0.498087 0.131329 0.163849
2 0.0658356 0.811392 0.123362 0.127432
1 0.297636 0.50268 0.120185 0.156208
0 0.303554 0.770618 0.113952 0.130594
1 0.883973 0.0278036 0.114282 0.0552926
1 0.624496 0.0523014 0.128117 0.103863
1 0.355713 0.0565471 0.123651 0.111906
2 0.838078 0.749756 0.114014 0.122322
1 0.0504127 0.332504 0.099895 0.132384
1 0.288431 0.963136 0.121645 0.0725832
1 0.273425 0.303403 0.119565 0.126359
1 0.217626 0.0593417 0.125626 0.117904
0 0.274324 0.303784 0.123695 0.127836
1 0.757025 0.0344151 0.115667 0.0688302
1 0.434801 0.766158 0.127388 0.127213
0 0.837453 0.750807 0.116663 0.125815
1 0.424417 0.957749 0.109628 0.0839419
1 0.0290416 0.0897727 0.0576173 0.131781
2 0.705369 0.759344 0.119034 0.125231
0 0.35471 0.0555474 0.123839 0.111095
2 0.68642 0.951715 0.122206 0.0958658
0 0.0303787 0.0863626 0.0604673 0.12796
0 0.573821 0.766515 0.114985 0.12744
1 0.705717 0.759191 0.120435 0.124396
2 0.825102 0.946791 0.113077 0.105314
