2 0.125234 0.124797 0.18441 0.215462
1 0.205116 0.563518 0.155384 0.109695
1 0.212759 0.829942 0.134181 0.0927451
1 0.20318 0.659351 0.16706 0.10162
1 0.926577 0.73318 0.110849 0.124626
1 0.806966 0.313743 0.135796 0.125946
1 0.418069 0.71323 0.171169 0.111596
1 0.0466427 0.929308 0.0931855 0.0969033
0 0.649278 0.821554 0.11342 0.09223
1 0.964058 0.520393 0.0704085 0.115369
1 0.20275 0.747593 0.115345 0.0944068
1 0.711679 0.599394 0.115481 0.100218
1 0.410733 0.820855 0.129572 0.123817
1 0.228313 0.909933 0.112058 0.0876989
1 0.243192 0.969604 0.120035 0.0603242
1 0.452482 0.554954 0.117859 0.100601
1 0.439041 0.634284 0.150174 0.103048
1 0.75895 0.445254 0.127779 0.113118
1 0.61656 0.904659 0.154961 0.127745
1 0.692158 0.67492 0.129182 0.101348
1 0.949082 0.35577 0.100453 0.118861
1 0.598687 0.966102 0.1006 0.067066
1 0.484746 0.434513 0.131313 0.0826626
1 0.837669 0.205623 0.141151 0.108319
0 0.864951 0.899871 0.0902719 0.129604
1 0.468191 0.483094 0.115042 0.0846377
1 0.353261 0.534347 0.12237 0.100564
1 0.0301866 0.595122 0.0603733 0.101475
1 0.948132 0.919336 0.103737 0.131114
0 0.975644 0.741832 0.0484178 0.120916
1 0.0307643 0.771949 0.0613531 0.0662866
