1 0.0717745 0.885165 0.125126 0.123458
1 0.737704 0.942818 0.122717 0.111503
1 0.239091 0.582277 0.137896 0.127743
1 0.323028 0.367437 0.150043 0.149772
1 0.329608 0.195495 0.119192 0.113348
1 0.397038 0.774609 0.126805 0.132809
1 0.955619 0.668322 0.0887613 0.12295
1 0.386978 0.415486 0.145754 0.153968
1 0.0955121 0.793445 0.159824 0.151385
1 0.577872 0.777781 0.116385 0.116302
1 0.502921 0.593607 0.118021 0.0858032
1 0.444172 0.69412 0.117187 0.108062
1 0.715864 0.196642 0.136803 0.141368
1 0.789573 0.245543 0.146118 0.157701
1 0.546759 0.349652 0.126771 0.14142
1 0.757207 0.507898 0.138786 0.146097
1 0.291425 0.905354 0.121399 0.116976
1 0.352294 0.839479 0.136136 0.126613
1 0.473042 0.930526 0.0956916 0.0938454
1 0.397046 0.241399 0.12626 0.116569
1 0.115208 0.489563 0.115445 0.11862
1 0.247172 0.959943 0.122868 0.0801138
1 0.614784 0.403893 0.133992 0.133124
1 0.16266 0.0673976 0.134141 0.127385
1 0.117308 0.131727 0.129709 0.118283
1 0.197448 0.648869 0.156664 0.142382
1 0.0690183 0.217759 0.137124 0.13659
1 0.141965 0.714122 0.155576 0.145399
1 0.903676 0.61062 0.126315 0.125501
1 0.520196 0.861376 0.151053 0.140002
1 0.829336 0.561249 0.137084 0.144651
1 0.453057 0.486942 0.116014 0.111789
1 0.243305 0.308602 0.14262 0.154819
1 0.686586 0.460265 0.12939 0.142588
1 0.886014 0.793449 0.121521 0.130315
1 0.665249 0.116648 0.121085 0.114421
1 0.031969 0.940284 0.063938 0.0933549
1 0.0762008 0.555417 0.104604 0.099368
1 0.862616 0.300341 0.122138 0.126551
1 0.630792 0.168154 0.0957699 0.0866064
0 0.498713 0.0673982 0.149896 0.134538
1 0.0470619 0.640996 0.0941238 0.0964607
1 0.648205 0.711605 0.125333 0.135857
1 0.471167 0.298994 0.113765 0.108632
1 0.410154 0.0406973 0.136495 0.0808245
1 0.676908 0.97337 0.0998149 0.0529116
1 0.778346 0.723239 0.0816774 0.102864
1 0.845046 0.973963 0.118413 0.05158
1 0.934497 0.344611 0.127878 0.133963
1 0.973001 0.0868009 0.0533586 0.116224
1 0.0169062 0.711951 0.0335484 0.0625927
1 0.926401 0.843268 0.0585687 0.0589607
1 0.0151976 0.11667 0.0301691 0.0710017
1 0.937823 0.0534315 0.124355 0.106364
