1 0.527615 0.194997 0.116787 0.133417
1 0.688832 0.0640937 0.135299 0.128187
0 0.383777 0.132466 0.111526 0.118778
1 0.717825 0.281215 0.0992324 0.0898051
0 0.166535 0.280032 0.114312 0.150171
1 0.684844 0.45516 0.137131 0.100726
0 0.824316 0.0596531 0.124183 0.118307
1 0.450262 0.168144 0.11009 0.115069
1 0.389598 0.812209 0.132199 0.157857
1 0.727366 0.357278 0.134678 0.0934139
1 0.244687 0.302209 0.113155 0.123137
1 0.084297 0.453108 0.107885 0.121417
1 0.605302 0.64027 0.106378 0.0992621
1 0.895156 0.0343958 0.10634 0.0686971
0 0.958161 0.674947 0.0815843 0.111386
1 0.249724 0.511598 0.124902 0.133104
1 0.215531 0.067943 0.118534 0.135886
1 0.174422 0.474882 0.114348 0.123434
1 0.076009 0.254689 0.111532 0.132793
1 0.326557 0.555007 0.105128 0.109947
1 0.321207 0.341413 0.126234 0.1498
1 0.233626 0.735233 0.108397 0.122807
1 0.626899 0.239353 0.120812 0.124669
1 0.494931 0.378045 0.078092 0.0747798
1 0.553095 0.863132 0.0985732 0.108297
1 0.313666 0.772425 0.107853 0.122055
1 0.955902 0.784334 0.0880789 0.106307
1 0.474023 0.838221 0.10481 0.125293
1 0.405687 0.362379 0.122424 0.122437
1 0.302296 0.0830235 0.121354 0.148563
1 0.413956 0.575863 0.133478 0.147531
0 0.301641 0.0837083 0.121648 0.150097
1 0.484538 0.397488 0.103104 0.121093
0 0.161413 0.719831 0.141682 0.174757
1 0.59955 0.0326837 0.103487 0.065317
1 0.0185159 0.219314 0.0365788 0.113577
1 0.0261561 0.669318 0.0513908 0.131844
0 0.864993 0.964544 0.0987124 0.070491
1 0.652568 0.533118 0.144278 0.108968
1 0.13579 0.0487712 0.111536 0.0975423
0 0.653217 0.533846 0.144986 0.107806
1 0.160045 0.720498 0.138596 0.169985
0 0.134995 0.0499985 0.110546 0.0986682
1 0.0170829 0.436772 0.0338297 0.100452
1 0.0941776 0.678645 0.117186 0.13059
0 0.554259 0.862755 0.104327 0.109596
0 0.0918545 0.686103 0.125125 0.148893
