1 0.864332 0.569195 0.151112 0.128119
3 0.0832608 0.374191 0.161265 0.185542
1 0.731951 0.185777 0.131697 0.140527
1 0.582726 0.118015 0.147821 0.156364
1 0.654248 0.23925 0.137844 0.141827
1 0.473045 0.544632 0.16285 0.124207
1 0.791066 0.887424 0.127177 0.105762
1 0.89845 0.671515 0.159447 0.107145
1 0.940398 0.912718 0.119203 0.114096
1 0.830244 0.393902 0.114513 0.100238
1 0.236879 0.0936278 0.174866 0.184928
1 0.705672 0.541137 0.143621 0.122659
1 0.448999 0.366288 0.178297 0.134776
1 0.824879 0.491198 0.144318 0.109083
1 0.778368 0.803109 0.133803 0.09799
1 0.327222 0.41283 0.13097 0.112187
1 0.753864 0.710781 0.134759 0.102654
1 0.587737 0.963304 0.136691 0.0722629
1 0.450993 0.45806 0.12274 0.105913
3 0.180818 0.895234 0.358656 0.185948
3 0.142915 0.699701 0.285225 0.177536
1 0.551882 0.28737 0.156608 0.157039
1 0.480595 0.130345 0.138841 0.125798
1 0.717829 0.62274 0.163347 0.114349
1 0.671498 0.0706401 0.128279 0.139634
1 0.927239 0.82381 0.144816 0.124801
1 0.508415 0.622487 0.120415 0.0966547
1 0.573651 0.885218 0.137429 0.104948
1 0.544903 0.809943 0.151591 0.102423
1 0.917036 0.733845 0.164323 0.116794
1 0.824494 0.954946 0.151785 0.0897483
1 0.312046 0.954025 0.134571 0.0908657
1 0.530486 0.704457 0.147587 0.11298
0 0.0252132 0.19709 0.0501597 0.0954889
1 0.66379 0.4543 0.137152 0.131451
1 0.39147 0.0528669 0.0633878 0.0614158
