2 0.924519 0.382175 0.149756 0.345124
1 0.0659969 0.807826 0.0733768 0.0932424
1 0.069493 0.540823 0.0845515 0.115151
1 0.30245 0.90819 0.107256 0.119227
1 0.152509 0.819173 0.0891258 0.0991265
0 0.232779 0.834725 0.0647822 0.0662448
1 0.0493178 0.950388 0.0986357 0.0955095
1 0.436335 0.912771 0.12239 0.118447
0 0.503862 0.776832 0.0954201 0.12159
0 0.0495367 0.95052 0.0990734 0.0947087
0 0.388385 0.779917 0.129151 0.0733333
1 0.209874 0.90883 0.0809008 0.0928941
0 0.391312 0.959772 0.136586 0.0798528
2 0.932751 0.632137 0.133133 0.234947
