1 0.561093 0.178932 0.111875 0.126089
1 0.80904 0.480041 0.14477 0.135806
1 0.333128 0.684912 0.105446 0.110688
0 0.797704 0.0709757 0.176182 0.141685
1 0.833466 0.702315 0.119327 0.143125
1 0.670509 0.528021 0.113252 0.127467
1 0.180857 0.15987 0.0971728 0.103192
1 0.479208 0.84808 0.138946 0.144085
1 0.749568 0.75706 0.144064 0.165882
1 0.773662 0.157222 0.13248 0.121682
1 0.432248 0.300424 0.110885 0.0880295
1 0.669106 0.780393 0.129297 0.172203
1 0.479166 0.964539 0.149176 0.0701345
1 0.585504 0.553228 0.14164 0.151523
1 0.962482 0.357205 0.0730565 0.132294
1 0.766392 0.390572 0.16578 0.118267
1 0.588595 0.823681 0.124188 0.140088
1 0.107755 0.932641 0.0997323 0.116342
1 0.91562 0.670465 0.124935 0.147919
1 0.285612 0.929663 0.0912136 0.13975
1 0.198352 0.937621 0.0854729 0.12231
1 0.0245006 0.936275 0.048776 0.125011
0 0.184919 0.484203 0.0702942 0.110712
1 0.0707668 0.692316 0.082646 0.1323
0 0.23474 0.70222 0.0688246 0.113559
0 0.0439317 0.491447 0.0874221 0.0990704
0 0.154152 0.679386 0.0894893 0.16401
1 0.155719 0.6773 0.0879595 0.169978
0 0.755614 0.276942 0.163884 0.0846197
1 0.972201 0.196289 0.054934 0.107311
1 0.460866 0.502093 0.140227 0.171197
1 0.350695 0.428382 0.0806793 0.0811737
1 0.957295 0.646633 0.0849242 0.211061
1 0.296425 0.0216352 0.105813 0.0430756
0 0.0111441 0.686133 0.021055 0.140605
