1 0.319389 0.527504 0.0924509 0.0910685
1 0.0703258 0.443231 0.139543 0.157331
1 0.163796 0.411005 0.120229 0.138559
1 0.75075 0.830279 0.140941 0.0997502
1 0.691342 0.587933 0.128963 0.0840456
1 0.248149 0.38356 0.127491 0.152177
0 0.896384 0.542435 0.102581 0.112912
1 0.417587 0.329062 0.123202 0.151173
1 0.707867 0.979117 0.0909407 0.0415347
1 0.930019 0.755255 0.100224 0.129249
1 0.704547 0.672333 0.134676 0.096935
1 0.0536749 0.193387 0.10735 0.142809
1 0.320037 0.340466 0.113242 0.120239
0 0.725559 0.748819 0.144416 0.0907834
1 0.976957 0.766366 0.0455539 0.121171
1 0.363385 0.0918425 0.114122 0.115847
1 0.208075 0.13464 0.120659 0.161829
1 0.724063 0.747118 0.14288 0.0942075
1 0.134103 0.175072 0.109271 0.119278
0 0.72842 0.347617 0.0735235 0.106235
1 0.968809 0.532612 0.0618532 0.115519
1 0.460961 0.549644 0.0953466 0.166735
1 0.728965 0.347518 0.0766213 0.107728
1 0.627966 0.990161 0.0644571 0.019327
1 0.588288 0.172184 0.110881 0.081139
1 0.0244817 0.456402 0.0487062 0.107321
0 0.282985 0.106927 0.115999 0.149129
0 0.931644 0.758009 0.0988977 0.118325
