0 0.514303 0.364627 0.114075 0.114692
1 0.230845 0.793346 0.144078 0.11301
1 0.922727 0.0624888 0.144802 0.124978
1 0.563081 0.583425 0.144662 0.12974
1 0.566628 0.300979 0.130195 0.121716
1 0.100241 0.373895 0.149009 0.125914
1 0.481995 0.730476 0.118011 0.100349
1 0.60786 0.527369 0.130389 0.118389
1 0.438415 0.140611 0.159738 0.132575
1 0.356555 0.262316 0.133471 0.136666
1 0.494167 0.0686139 0.135127 0.137228
1 0.761922 0.0498748 0.12754 0.0997496
1 0.904125 0.453144 0.126428 0.123253
1 0.812319 0.577894 0.147054 0.137834
1 0.853656 0.508041 0.131078 0.118215
1 0.773103 0.25673 0.128597 0.117736
1 0.732609 0.32865 0.13008 0.107886
1 0.236067 0.168415 0.125837 0.123936
1 0.23557 0.451825 0.124569 0.120763
1 0.940782 0.378809 0.114493 0.114961
1 0.678242 0.790467 0.153719 0.124801
1 0.721834 0.110221 0.144184 0.135125
1 0.672131 0.962881 0.097119 0.0735003
1 0.314248 0.640411 0.130081 0.138548
0 0.0703375 0.0599901 0.140675 0.118833
1 0.603439 0.243387 0.110656 0.11178
1 0.387354 0.567163 0.134978 0.124328
0 0.444344 0.498615 0.135008 0.121205
1 0.0489207 0.450278 0.0969454 0.129003
1 0.771689 0.646271 0.124134 0.127604
1 0.484998 0.435507 0.124826 0.12605
1 0.714203 0.710783 0.124654 0.11147
1 0.407432 0.209592 0.11315 0.101607
1 0.913215 0.677428 0.151487 0.121636
1 0.134801 0.291246 0.110354 0.106301
1 0.968905 0.302797 0.0615342 0.0847702
1 0.282064 0.104158 0.135235 0.119754
1 0.100488 0.506743 0.125763 0.117771
1 0.948214 0.622679 0.103571 0.110072
1 0.33134 0.0542246 0.155518 0.10792
1 0.832635 0.178617 0.130533 0.129752
1 0.794154 0.815714 0.0932229 0.109174
1 0.514864 0.660671 0.134549 0.118621
1 0.162255 0.539387 0.123803 0.13672
1 0.0461925 0.130933 0.0919876 0.10748
1 0.546281 0.031254 0.105894 0.0625079
1 0.0622306 0.719986 0.124461 0.132012
0 0.584356 0.954778 0.0941865 0.0899212
1 0.890572 0.129671 0.117392 0.106755
1 0.830421 0.973056 0.0667028 0.0537219
1 0.692308 0.396905 0.129455 0.119753
1 0.907555 0.971983 0.077641 0.055892
1 0.177766 0.234547 0.11131 0.118731
1 0.112428 0.031988 0.127059 0.0634918
1 0.750834 0.975051 0.0790117 0.0494877
1 0.379679 0.686231 0.0967865 0.101385
1 0.0218724 0.670528 0.0433769 0.0934151
1 0.0234155 0.196007 0.046831 0.0768533
0 0.454797 0.958827 0.141926 0.081659
1 0.879285 0.803862 0.0962648 0.143153
1 0.654205 0.194732 0.113002 0.0970628
1 0.256542 0.381183 0.141441 0.126614
1 0.318146 0.33604 0.119156 0.111365
1 0.981717 0.242957 0.0359546 0.0689999
1 0.194033 0.919792 0.15373 0.159278
1 0.449378 0.960551 0.131498 0.0783525
0 0.795399 0.815621 0.0959204 0.10763
0 0.381189 0.688895 0.100301 0.103832
1 0.989773 0.494072 0.0201991 0.0480416
1 0.64632 0.455179 0.129547 0.115883
1 0.357938 0.982531 0.0840545 0.0347489
1 0.971066 0.978901 0.0573833 0.0418106
0 0.254552 0.376976 0.138616 0.123231
