1 0.267433 0.385602 0.14371 0.101033
1 0.521653 0.395158 0.172029 0.101488
1 0.334343 0.0898751 0.123966 0.111208
1 0.422607 0.891028 0.164496 0.0948358
1 0.120469 0.910486 0.150229 0.105541
1 0.525782 0.312645 0.147608 0.10605
1 0.470966 0.536892 0.127015 0.0806342
1 0.234572 0.574334 0.146139 0.0966535
1 0.282385 0.307203 0.154516 0.0832816
1 0.327148 0.17289 0.140355 0.091265
1 0.446932 0.736648 0.176266 0.0981376
1 0.314621 0.240967 0.145138 0.0893135
1 0.258038 0.444054 0.147454 0.0891828
1 0.456023 0.601591 0.1318 0.0753193
1 0.881369 0.934931 0.124801 0.128643
1 0.438292 0.813504 0.165061 0.0840473
1 0.196849 0.640813 0.152829 0.101292
1 0.160432 0.778696 0.221845 0.119209
1 0.245978 0.50795 0.169511 0.0978631
1 0.161119 0.0310631 0.122782 0.0618094
1 0.459324 0.667769 0.168252 0.0930688
1 0.594504 0.0328694 0.155654 0.0653094
1 0.199227 0.715368 0.14491 0.0989488
1 0.146698 0.844627 0.124476 0.0898821
1 0.478853 0.459856 0.12165 0.0778923
0 0.480674 0.45996 0.124814 0.0727939
1 0.352575 0.981782 0.0932862 0.0363703
0 0.0375067 0.470231 0.0735107 0.0660977
0 0.403161 0.947529 0.156599 0.0880038
1 0.4015 0.949206 0.157243 0.0921957
