0 0.696492 0.188764 0.080672 0.0831652
1 0.589032 0.855827 0.11041 0.101345
1 0.574242 0.420985 0.12719 0.0865191
1 0.806663 0.248284 0.1119 0.0747177
1 0.592774 0.735357 0.0878147 0.0836267
1 0.889514 0.626273 0.101291 0.0706749
1 0.58315 0.594783 0.143007 0.0882864
1 0.740357 0.645619 0.158862 0.103946
0 0.692406 0.0774944 0.0988102 0.0617975
1 0.588949 0.153183 0.110829 0.0688115
1 0.55914 0.342361 0.120695 0.0673369
1 0.927676 0.960845 0.133839 0.0777774
0 0.735019 0.549512 0.120704 0.0981921
0 0.920988 0.769868 0.112877 0.0847342
1 0.5648 0.224735 0.136651 0.0664043
1 0.419454 0.946839 0.133934 0.0792936
1 0.543454 0.51137 0.192639 0.089985
1 0.936044 0.482923 0.113683 0.0687202
0 0.564202 0.223652 0.142424 0.0714222
0 0.538568 0.0998297 0.110953 0.0835006
0 0.830123 0.170175 0.101669 0.0758967
1 0.990091 0.354228 0.0198181 0.0581983
1 0.389521 0.873836 0.117504 0.0707508
0 0.88822 0.870046 0.108977 0.0740182
1 0.409989 0.913915 0.160196 0.149723
0 0.623944 0.950048 0.116327 0.0993955
1 0.737437 0.550542 0.124244 0.0995247
