1 0.221603 0.720523 0.0985652 0.0900896
1 0.16503 0.219719 0.122807 0.0993823
1 0.370585 0.493851 0.0945313 0.0977741
1 0.402899 0.595253 0.104991 0.108839
0 0.0507793 0.438024 0.100825 0.120799
1 0.322559 0.130489 0.0963587 0.106495
1 0.17244 0.437126 0.176506 0.111239
1 0.596528 0.175999 0.0912224 0.0868588
1 0.587413 0.339849 0.0915358 0.0872638
0 0.786412 0.199513 0.117999 0.119676
1 0.41295 0.122127 0.0758383 0.113865
0 0.17062 0.613371 0.0843579 0.0726132
1 0.678672 0.947903 0.141062 0.102678
1 0.683741 0.195012 0.0901201 0.0857778
1 0.960225 0.972846 0.078934 0.0542009
1 0.355531 0.333078 0.10575 0.111365
1 0.292064 0.908152 0.0794587 0.0807192
0 0.138316 0.340585 0.121825 0.0785925
0 0.917758 0.330557 0.055733 0.0639663
1 0.705065 0.35031 0.0821441 0.0731897
1 0.731761 0.738373 0.103627 0.0983238
1 0.210392 0.52011 0.149225 0.10558
0 0.799158 0.682208 0.105609 0.115598
1 0.47381 0.324008 0.0928313 0.0739042
0 0.210284 0.519912 0.153093 0.106236
1 0.796973 0.683444 0.0996332 0.111575
1 0.0332133 0.507263 0.0664265 0.110882
1 0.883217 0.461926 0.0790198 0.118479
0 0.221777 0.944811 0.0913016 0.0818036
1 0.807482 0.392146 0.121128 0.123436
1 0.0833025 0.700668 0.125544 0.0944759
1 0.221517 0.943166 0.0908161 0.0820329
0 0.732079 0.735749 0.107994 0.100656
0 0.507796 0.174406 0.0913222 0.0887772
1 0.506634 0.17418 0.091197 0.0892893
1 0.0117135 0.756014 0.0231982 0.0750375
