1 0.858894 0.517757 0.176301 0.150583
1 0.852227 0.643871 0.195298 0.157553
1 0.614188 0.297877 0.185563 0.179338
1 0.683407 0.709023 0.193797 0.156483
1 0.175129 0.815107 0.171979 0.177416
1 0.889796 0.772589 0.157131 0.144157
1 0.156663 0.0911244 0.175298 0.180991
1 0.648589 0.577766 0.222028 0.174651
1 0.426591 0.884106 0.170166 0.16092
1 0.765521 0.155268 0.15213 0.122737
1 0.258157 0.623618 0.16293 0.177727
1 0.712961 0.835581 0.194366 0.163581
1 0.784203 0.280946 0.137276 0.115275
1 0.73115 0.943737 0.184233 0.110747
1 0.230735 0.924348 0.185793 0.150632
1 0.59352 0.467266 0.185205 0.160156
1 0.0491277 0.494221 0.0970614 0.13296
1 0.419953 0.0720495 0.146738 0.121968
0 0.423514 0.721844 0.132294 0.16594
1 0.933186 0.97623 0.133627 0.0471793
1 0.915541 0.903917 0.144464 0.129147
1 0.0289306 0.591213 0.0578613 0.086971
1 0.0818791 0.196028 0.162375 0.152202
1 0.225523 0.016313 0.086661 0.0325706
0 0.95683 0.097117 0.085876 0.153618
1 0.0808326 0.24925 0.161653 0.163947
1 0.424944 0.725132 0.134721 0.176026
0 0.79332 0.390949 0.227181 0.161387
1 0.82517 0.220742 0.0581419 0.0499013
1 0.430316 0.96611 0.159103 0.0667645
0 0.980329 0.222926 0.0388629 0.133822
