0 0.900442 0.852383 0.0859797 0.0775783
0 0.792876 0.386648 0.111287 0.111198
1 0.742157 0.632956 0.111169 0.126524
1 0.745014 0.911753 0.0982529 0.108808
1 0.669936 0.924667 0.118029 0.145755
1 0.470938 0.733495 0.10361 0.110402
1 0.901071 0.600229 0.144538 0.178627
1 0.931052 0.431305 0.101078 0.114278
1 0.976376 0.602226 0.046773 0.0861045
2 0.0833082 0.790126 0.166616 0.412939
1 0.819405 0.875728 0.126864 0.118677
0 0.901964 0.597521 0.148088 0.176902
1 0.662601 0.753816 0.0871792 0.0825062
