1 0.705858 0.295699 0.131493 0.132639
1 0.884528 0.340253 0.141412 0.159455
1 0.579181 0.410265 0.140333 0.141483
1 0.893647 0.112612 0.129707 0.13668
1 0.353252 0.552539 0.141348 0.146038
1 0.721208 0.838178 0.141136 0.136572
1 0.514087 0.705841 0.132338 0.136461
1 0.833888 0.173644 0.139004 0.140014
1 0.849275 0.715342 0.139346 0.150411
1 0.639352 0.352973 0.148212 0.152031
1 0.845811 0.952697 0.117671 0.0946062
1 0.164067 0.151915 0.142986 0.143563
1 0.936784 0.283957 0.126431 0.137394
1 0.46864 0.173448 0.157499 0.147238
1 0.130901 0.939498 0.146349 0.109291
1 0.57843 0.949894 0.102514 0.0998812
1 0.769058 0.475928 0.128348 0.131022
1 0.508726 0.472829 0.138489 0.155496
1 0.250246 0.3177 0.109871 0.135507
1 0.142267 0.559151 0.0973259 0.118627
1 0.948906 0.833852 0.101253 0.15537
1 0.78049 0.77414 0.120914 0.137279
1 0.150447 0.334091 0.0910424 0.104994
1 0.564479 0.642375 0.142677 0.138127
1 0.946079 0.0516412 0.107213 0.102583
1 0.455145 0.784405 0.16645 0.165198
1 0.237804 0.553718 0.0940328 0.121079
1 0.420445 0.239387 0.139745 0.130126
1 0.922843 0.656069 0.133679 0.146175
1 0.631344 0.59579 0.120799 0.12133
1 0.428155 0.519188 0.131184 0.144016
1 0.697159 0.531797 0.151509 0.16865
1 0.0505833 0.324396 0.100627 0.0764453
1 0.823933 0.413675 0.122082 0.130427
1 0.659012 0.89214 0.122819 0.110145
1 0.510036 0.975489 0.104669 0.0486917
1 0.90694 0.901117 0.116483 0.123593
1 0.955351 0.591264 0.0886015 0.134302
1 0.67753 0.0370815 0.126396 0.0739245
1 0.564357 0.0996617 0.18174 0.184282
1 0.0379421 0.706329 0.0757342 0.0888135
1 0.0512876 0.17825 0.10125 0.211802
1 0.762949 0.229 0.135615 0.132762
1 0.427997 0.0346822 0.133981 0.0693645
1 0.35152 0.732885 0.0949252 0.105168
1 0.975878 0.225782 0.0476365 0.113596
1 0.032403 0.609424 0.0639048 0.0805845
1 0.359889 0.315176 0.137735 0.138933
0 0.359097 0.0606829 0.132721 0.119821
1 0.243476 0.71465 0.115411 0.130719
1 0.977163 0.0218619 0.0453365 0.0435831
1 0.7851 0.985095 0.0727311 0.0293803
1 0.201626 0.98126 0.0885592 0.0374792
1 0.289265 0.125782 0.147934 0.164314
1 0.987711 0.516306 0.0245789 0.0610013
0 0.352256 0.733451 0.0948359 0.101696
1 0.207885 0.757782 0.191569 0.223428
