1 0.652953 0.864415 0.0845091 0.0916862
1 0.119121 0.872008 0.114087 0.11653
1 0.453487 0.223101 0.145253 0.134734
0 0.661788 0.508454 0.14247 0.124193
1 0.169803 0.319311 0.107229 0.107873
1 0.562643 0.374449 0.137692 0.128901
1 0.501754 0.661156 0.123325 0.142146
1 0.516291 0.294254 0.114673 0.116565
0 0.357186 0.111336 0.156996 0.131355
1 0.388445 0.853153 0.123456 0.108069
1 0.416998 0.5663 0.137484 0.128393
1 0.244847 0.688311 0.144514 0.131929
0 0.298522 0.440563 0.164751 0.16908
1 0.929748 0.855884 0.137747 0.128559
1 0.0714555 0.94397 0.122095 0.112061
1 0.245745 0.371915 0.136228 0.131238
1 0.343698 0.516437 0.154209 0.142829
1 0.333817 0.922549 0.12665 0.119327
1 0.440177 0.778946 0.119383 0.112139
1 0.286679 0.968701 0.110303 0.0623906
0 0.0298273 0.69864 0.0596547 0.0937233
1 0.708404 0.578645 0.151607 0.13189
1 0.18383 0.794739 0.120255 0.120219
1 0.770929 0.649233 0.127498 0.118723
1 0.614291 0.451131 0.151698 0.147333
1 0.869229 0.796411 0.13101 0.130468
1 0.934174 0.937698 0.131479 0.124084
1 0.115526 0.544654 0.135576 0.111639
1 0.514869 0.976473 0.10157 0.0469658
0 0.816197 0.712409 0.15069 0.150236
1 0.817558 0.714378 0.153347 0.148476
0 0.11573 0.546082 0.141488 0.116215
1 0.959144 0.935863 0.0789105 0.0971348
0 0.24476 0.687347 0.148236 0.128459
