2 0.340019 0.166787 0.197311 0.246887
1 0.191788 0.6477 0.101732 0.13002
1 0.636001 0.874178 0.166732 0.127974
1 0.216242 0.838296 0.137837 0.154376
1 0.434085 0.866591 0.119411 0.0964208
1 0.399551 0.540494 0.160406 0.105313
1 0.0692683 0.462111 0.10224 0.103173
1 0.614268 0.756325 0.147912 0.0956628
1 0.926614 0.51756 0.146772 0.166443
1 0.405753 0.640544 0.12739 0.111942
1 0.115226 0.851738 0.112072 0.133607
1 0.789991 0.518256 0.104599 0.118484
1 0.423079 0.775584 0.109095 0.111819
1 0.042805 0.878001 0.0856101 0.109418
1 0.948786 0.273508 0.101158 0.117498
1 0.825537 0.700847 0.132706 0.142698
1 0.869575 0.0948687 0.105095 0.158641
1 0.805063 0.113715 0.0775913 0.0904822
1 0.574037 0.462131 0.103717 0.0736057
1 0.948672 0.0667598 0.102656 0.131746
0 0.852238 0.2903 0.108294 0.141846
1 0.580033 0.54058 0.126345 0.103075
1 0.594703 0.637788 0.149794 0.113186
1 0.944523 0.681474 0.107152 0.106176
2 0.0800376 0.0732014 0.158312 0.137882
1 0.469252 0.93965 0.164937 0.0997474
1 0.154061 0.449712 0.0991871 0.113149
0 0.764432 0.310316 0.111449 0.139619
1 0.70352 0.113396 0.133653 0.13799
1 0.944619 0.887809 0.098937 0.105437
1 0.666127 0.96462 0.11324 0.0700207
1 0.115934 0.691786 0.10804 0.139768
1 0.0384636 0.718454 0.0769271 0.142016
1 0.874584 0.925278 0.113288 0.148814
0 0.703907 0.114244 0.134459 0.140043
0 0.117269 0.691052 0.111009 0.142543
0 0.36924 0.473242 0.116693 0.0906492
1 0.466938 0.992124 0.107432 0.0155524
