1 0.869808 0.833294 0.109534 0.102836
1 0.577239 0.554335 0.150973 0.137558
1 0.645475 0.498048 0.134254 0.142221
1 0.663106 0.80676 0.141335 0.142121
1 0.260518 0.0985086 0.131095 0.134778
1 0.0881134 0.52066 0.109622 0.109913
1 0.521152 0.622039 0.127519 0.11858
1 0.929404 0.770989 0.134064 0.140289
1 0.354454 0.55692 0.126305 0.143061
1 0.139339 0.220128 0.13973 0.141187
1 0.72037 0.435791 0.132649 0.133617
1 0.226501 0.659971 0.114475 0.104342
1 0.719915 0.747992 0.155564 0.144251
1 0.604337 0.3242 0.132313 0.126292
1 0.0369084 0.57153 0.0736354 0.10389
1 0.779116 0.143791 0.127245 0.129576
1 0.281507 0.599817 0.109343 0.108624
1 0.113837 0.781451 0.126263 0.116519
1 0.457649 0.686563 0.117955 0.113908
1 0.378639 0.232389 0.101348 0.100106
1 0.601295 0.862809 0.12545 0.123366
1 0.842321 0.623598 0.138482 0.141211
1 0.27867 0.843158 0.120775 0.141485
1 0.813985 0.898524 0.117766 0.113889
1 0.909185 0.572096 0.149514 0.141943
1 0.259949 0.336609 0.133159 0.132285
1 0.905999 0.26045 0.123639 0.115711
1 0.774737 0.685408 0.106794 0.107668
1 0.0584892 0.842244 0.116978 0.126778
1 0.538786 0.920617 0.119448 0.125135
1 0.166262 0.722255 0.130149 0.130193
1 0.348311 0.796055 0.115359 0.113751
1 0.659719 0.259653 0.109043 0.113418
1 0.203786 0.170675 0.12537 0.128878
1 0.408462 0.749561 0.107214 0.109895
1 0.845697 0.325597 0.104563 0.100246
1 0.20432 0.392512 0.138684 0.124834
1 0.539219 0.391496 0.144063 0.131463
1 0.229018 0.919031 0.128794 0.118848
1 0.40677 0.496113 0.104242 0.114652
1 0.572619 0.0519492 0.125692 0.103898
1 0.333178 0.0515723 0.131957 0.103145
1 0.502873 0.092463 0.155199 0.152164
1 0.961733 0.205014 0.0760098 0.101038
1 0.832545 0.0784412 0.111996 0.120858
1 0.15128 0.458668 0.121044 0.140042
1 0.318386 0.277686 0.136491 0.151548
1 0.946041 0.508529 0.107768 0.109706
1 0.0806853 0.278495 0.127955 0.124414
1 0.748343 0.949053 0.110965 0.100583
1 0.443211 0.154211 0.159535 0.162497
1 0.714287 0.191369 0.0959177 0.0911553
1 0.961037 0.719008 0.0768219 0.102592
1 0.481213 0.441991 0.129552 0.106937
1 0.171934 0.971619 0.125468 0.0565102
1 0.480533 0.957974 0.119699 0.0840514
1 0.0209536 0.0633407 0.0416888 0.0818698
1 0.041855 0.331316 0.0834397 0.132816
1 0.898722 0.0419796 0.11926 0.0815414
1 0.984594 0.962896 0.0303454 0.0583246
1 0.0226052 0.402907 0.0450458 0.0927886
1 0.976237 0.447598 0.0470555 0.0759877
1 0.0575948 0.0270737 0.109352 0.0541474
1 0.975118 0.987561 0.0479938 0.0247318
1 0.397847 0.986928 0.0709019 0.0258158
1 0.779866 0.373618 0.116203 0.118851
0 0.639435 0.0233462 0.0917771 0.0466204
0 0.779585 0.374931 0.120377 0.118407
