1 0.908062 0.307679 0.168546 0.150551
1 0.624951 0.174878 0.153143 0.137595
1 0.0740331 0.443197 0.148039 0.136628
1 0.539222 0.106642 0.158353 0.173299
1 0.496381 0.722262 0.121465 0.113823
1 0.800769 0.486311 0.176941 0.13312
1 0.80069 0.0565266 0.15103 0.113053
1 0.326448 0.525222 0.176322 0.159764
1 0.398604 0.670427 0.146422 0.169197
1 0.728525 0.332737 0.145475 0.124569
1 0.157883 0.292014 0.162068 0.150546
1 0.247705 0.13462 0.164503 0.141509
1 0.310352 0.0668477 0.138197 0.128135
1 0.835202 0.8495 0.1248 0.137617
1 0.581378 0.594688 0.141439 0.118608
1 0.85818 0.558701 0.180701 0.168352
1 0.351146 0.443745 0.133524 0.12396
1 0.744711 0.817151 0.157751 0.157197
1 0.537322 0.526844 0.169931 0.123418
1 0.425451 0.951012 0.140197 0.0975292
1 0.752964 0.41006 0.130357 0.106035
1 0.0943821 0.817066 0.132324 0.147276
1 0.212502 0.212973 0.140665 0.125334
1 0.814406 0.957951 0.111028 0.0836482
1 0.857338 0.229687 0.164864 0.134337
1 0.298395 0.64835 0.13509 0.154793
1 0.673578 0.256309 0.150492 0.131354
1 0.437276 0.306945 0.139467 0.124539
1 0.0506786 0.148957 0.101009 0.134003
0 0.313862 0.957291 0.0934018 0.0854181
1 0.0792731 0.0700172 0.158031 0.139358
1 0.718277 0.959127 0.105247 0.081746
1 0.944359 0.385192 0.111282 0.152386
1 0.042782 0.517305 0.0847084 0.130621
1 0.530286 0.867733 0.139319 0.175642
1 0.398731 0.382712 0.137546 0.136634
1 0.621038 0.678357 0.161952 0.152156
1 0.921962 0.86808 0.0994109 0.101647
1 0.167349 0.856279 0.125323 0.137807
1 0.813679 0.151119 0.186625 0.144028
1 0.229587 0.911229 0.164964 0.176713
1 0.688901 0.744226 0.13169 0.124808
1 0.51148 0.42706 0.139858 0.152629
1 0.693056 0.0416921 0.114594 0.0827717
1 0.638918 0.971068 0.0928237 0.0576832
0 0.923248 0.620569 0.153505 0.168516
1 0.13888 0.0271409 0.0966411 0.0538594
1 0.928923 0.617343 0.142155 0.168763
1 0.0780193 0.931691 0.155561 0.1335
1 0.113181 0.363347 0.135395 0.125094
1 0.220356 0.620668 0.124653 0.121744
0 0.219948 0.596482 0.138555 0.18371
1 0.534662 0.828625 0.11916 0.0937614
1 0.974335 0.661682 0.0509379 0.128022
1 0.352417 0.0272812 0.110697 0.054489
1 0.04607 0.967933 0.0905651 0.0629318
0 0.226569 0.910279 0.168538 0.178759
0 0.113534 0.363193 0.138691 0.126421
1 0.988142 0.091513 0.0232542 0.0590269
1 0.976568 0.0287387 0.0464509 0.056689
