1 0.764831 0.740093 0.121212 0.132579
1 0.709142 0.905244 0.106761 0.111822
0 0.355155 0.579492 0.0785995 0.073608
1 0.1446 0.660855 0.0948466 0.097198
1 0.0679477 0.958641 0.108244 0.082366
1 0.251684 0.765666 0.123912 0.120784
1 0.189606 0.700932 0.0992303 0.0989068
1 0.903128 0.641357 0.104555 0.101296
1 0.924865 0.886267 0.147283 0.143921
0 0.0646371 0.626903 0.116581 0.125247
1 0.254967 0.570009 0.109738 0.14395
1 0.678801 0.820273 0.107704 0.104875
1 0.108908 0.838215 0.106268 0.100954
1 0.0493566 0.793222 0.0965604 0.109378
1 0.842601 0.670588 0.0785813 0.0880271
1 0.389452 0.706708 0.110865 0.13448
1 0.0330555 0.935332 0.066031 0.110541
1 0.157284 0.891409 0.0883803 0.094306
1 0.966337 0.57325 0.0663692 0.12715
1 0.798181 0.861391 0.155785 0.140226
0 0.0332737 0.575012 0.0650034 0.112853
