1 0.564677 0.640749 0.0796106 0.110938
1 0.870886 0.881776 0.131656 0.138921
1 0.340725 0.397343 0.0816929 0.10833
1 0.593962 0.0373777 0.0796082 0.0747554
1 0.255548 0.400741 0.0777599 0.111471
1 0.679435 0.0329088 0.0956705 0.0653173
1 0.417994 0.402126 0.0741508 0.109638
1 0.504957 0.247214 0.0762507 0.11052
1 0.312979 0.640329 0.0826364 0.133171
1 0.922194 0.955802 0.154408 0.0881989
1 0.656063 0.632889 0.096553 0.116579
2 0.946555 0.0848643 0.104272 0.168127
1 0.586605 0.247723 0.0724969 0.110285
1 0.34145 0.251133 0.086038 0.126109
1 0.423111 0.0292188 0.079441 0.0584376
1 0.478947 0.632135 0.082733 0.118546
1 0.125461 0.637565 0.150237 0.131493
1 0.67195 0.251514 0.0862728 0.145391
1 0.177295 0.248758 0.0857866 0.121896
0 0.501441 0.401643 0.0882013 0.144001
1 0.229855 0.624072 0.0793649 0.103845
1 0.582129 0.394879 0.0733631 0.130321
1 0.262369 0.242538 0.0762196 0.140253
2 0.946767 0.277983 0.105564 0.169515
1 0.39539 0.643142 0.077312 0.122219
1 0.509532 0.0373093 0.0908886 0.0742809
1 0.426549 0.251901 0.0834738 0.12983
1 0.360544 0.965392 0.125634 0.0688148
1 0.174179 0.027365 0.0897692 0.0540663
1 0.671357 0.410897 0.0962144 0.113693
1 0.170286 0.381366 0.0944969 0.142014
1 0.268855 0.0357531 0.0850098 0.0713404
1 0.342236 0.0269598 0.0821955 0.0532592
3 0.949835 0.54481 0.0990977 0.306826
1 0.788589 0.913797 0.0748653 0.0782059
1 0.947655 0.278287 0.10467 0.169682
1 0.0746202 0.0113934 0.104933 0.0227868
1 0.00960616 0.317557 0.0188825 0.0868977
