2 0.171807 0.15374 0.178684 0.180415
2 0.122758 0.779416 0.156188 0.235481
1 0.334226 0.962392 0.0886114 0.0746049
1 0.196803 0.78325 0.109174 0.135945
1 0.36894 0.843145 0.128388 0.158154
1 0.289016 0.808264 0.102402 0.11604
2 0.353912 0.300133 0.160301 0.277538
2 0.226605 0.0532609 0.13877 0.105477
0 0.774174 0.0662509 0.0717567 0.0791451
1 0.596055 0.192869 0.195787 0.114537
2 0.70149 0.662038 0.105964 0.127337
1 0.599578 0.908447 0.0808566 0.110138
2 0.497823 0.571039 0.33822 0.193817
1 0.705312 0.948073 0.125984 0.102996
1 0.419613 0.986246 0.089255 0.0269506
0 0.421086 0.949815 0.0868418 0.0515708
