1 0.842518 0.589432 0.151787 0.10331
1 0.843856 0.792227 0.176399 0.120403
1 0.880857 0.870827 0.131967 0.112083
1 0.290575 0.618213 0.107792 0.116984
1 0.0364119 0.562024 0.0728238 0.113397
1 0.84121 0.696912 0.164448 0.114785
1 0.951891 0.411518 0.094218 0.119664
1 0.428632 0.902602 0.102955 0.0985777
1 0.117102 0.557568 0.0798887 0.140002
1 0.894708 0.949113 0.149082 0.100506
1 0.367167 0.680079 0.226929 0.174464
1 0.250709 0.956377 0.0485957 0.0648472
1 0.197673 0.573961 0.0914088 0.123946
1 0.458756 0.969228 0.130573 0.0610507
1 0.908275 0.484148 0.149716 0.138066
1 0.977204 0.334687 0.0451584 0.0791938
1 0.42086 0.782929 0.155334 0.151839
