1 0.349738 0.112677 0.124383 0.111414
1 0.638184 0.83355 0.137763 0.134654
1 0.853887 0.740373 0.140517 0.142488
1 0.63661 0.192399 0.0949545 0.113707
1 0.25156 0.612207 0.133279 0.127101
1 0.816189 0.154493 0.146788 0.118708
1 0.844357 0.50922 0.12272 0.120808
1 0.792919 0.825963 0.139958 0.129886
1 0.154843 0.212788 0.125748 0.119587
1 0.896472 0.429815 0.114466 0.117902
1 0.116434 0.583667 0.118115 0.103624
1 0.379064 0.817325 0.161311 0.149376
1 0.803314 0.595532 0.147012 0.131248
1 0.124464 0.682329 0.103962 0.0871795
1 0.108126 0.483757 0.110366 0.0976453
1 0.238125 0.496629 0.124361 0.112667
1 0.156519 0.893633 0.092483 0.105884
1 0.283114 0.726971 0.140465 0.136006
1 0.249295 0.163502 0.130599 0.122443
1 0.63655 0.0647264 0.0924175 0.107105
1 0.432061 0.237308 0.109448 0.105815
1 0.687135 0.954352 0.177472 0.0899494
1 0.90721 0.662309 0.116451 0.115265
1 0.75758 0.899997 0.105507 0.097563
0 0.311551 0.303571 0.115554 0.115663
1 0.130467 0.772516 0.100468 0.0982475
1 0.692907 0.749197 0.140105 0.130952
1 0.546357 0.064286 0.0999773 0.104071
1 0.739292 0.674027 0.132065 0.128778
0 0.761476 0.242766 0.138686 0.140615
2 0.507029 0.47521 0.230048 0.258363
1 0.566013 0.567033 0.155601 0.180238
1 0.539362 0.190025 0.115722 0.0948144
1 0.499145 0.959735 0.175787 0.0794007
1 0.951852 0.946291 0.0960393 0.107418
0 0.454865 0.0676901 0.077012 0.0973131
1 0.0968057 0.383585 0.112611 0.104841
1 0.0843434 0.280354 0.108468 0.112973
1 0.944824 0.345716 0.109949 0.133157
1 0.85714 0.0720941 0.141861 0.0835666
1 0.963487 0.579521 0.0724819 0.10243
1 0.506466 0.474277 0.227084 0.258324
1 0.582481 0.916329 0.137147 0.130779
1 0.736438 0.0670891 0.0899897 0.107448
1 0.978953 0.876907 0.0418711 0.0792583
0 0.686153 0.747154 0.128672 0.126798
0 0.943558 0.345693 0.112497 0.133713
1 0.265297 0.87166 0.144583 0.0844419
1 0.972295 0.490926 0.0548086 0.106452
1 0.244867 0.372949 0.152387 0.12602
1 0.503035 0.686831 0.107796 0.117426
0 0.244061 0.372975 0.155002 0.124898
