1 0.802982 0.773373 0.130872 0.105554
1 0.709201 0.0923096 0.123385 0.142557
1 0.822698 0.46485 0.0940695 0.073872
1 0.755412 0.360713 0.173127 0.117453
1 0.821705 0.958216 0.100229 0.0798042
2 0.555972 0.415751 0.224188 0.283953
1 0.60824 0.0440234 0.127002 0.0876436
1 0.805955 0.866028 0.131736 0.0826133
1 0.952026 0.213032 0.0953648 0.119281
1 0.682081 0.17928 0.083822 0.0736332
2 0.3035 0.374285 0.136345 0.128333
1 0.810575 0.56199 0.17909 0.093641
1 0.978222 0.547315 0.0428911 0.135488
2 0.352009 0.474157 0.0997313 0.158488
1 0.54834 0.195598 0.0837102 0.0780093
1 0.783224 0.284116 0.119432 0.0729532
2 0.757111 0.362051 0.176684 0.114703
0 0.978127 0.775523 0.0433724 0.0885704
1 0.985583 0.968618 0.0281734 0.0620366
0 0.782659 0.286872 0.128534 0.0751843
3 0.303726 0.375758 0.134507 0.129143
