1 0.851605 0.172051 0.162624 0.202165
1 0.883217 0.731466 0.18404 0.174516
1 0.877632 0.480913 0.209846 0.172063
1 0.565161 0.395972 0.205612 0.177917
1 0.429932 0.218325 0.201415 0.199949
1 0.0827172 0.542037 0.165434 0.166608
1 0.720264 0.261615 0.152898 0.14431
1 0.53687 0.794995 0.191832 0.197136
1 0.225613 0.748801 0.160581 0.204807
1 0.782477 0.619903 0.188719 0.189016
1 0.571801 0.116584 0.282343 0.225452
1 0.0486683 0.694758 0.0969207 0.130945
1 0.615969 0.886679 0.228594 0.221884
1 0.965503 0.670392 0.0677311 0.131436
1 0.0744807 0.859646 0.145986 0.207854
1 0.68838 0.34043 0.0999376 0.0982001
1 0.212901 0.0640095 0.206171 0.125979
1 0.69799 0.0572978 0.175929 0.112941
0 0.283583 0.595555 0.0792679 0.0870631
1 0.140873 0.426799 0.138423 0.160004
0 0.139932 0.426505 0.140544 0.157009
2 0.212657 0.0646802 0.204442 0.127722
1 0.0697521 0.186563 0.0923726 0.114239
1 0.329802 0.950643 0.0691482 0.097497
1 0.754843 0.754837 0.0676061 0.0711854
1 0.0431312 0.137342 0.0862625 0.103277
1 0.239187 0.945023 0.118373 0.109111
1 0.970457 0.368059 0.0585735 0.0999202
1 0.211237 0.678912 0.074697 0.0782542
1 0.804998 0.972348 0.163635 0.0547645
