2 0.9229 0.679028 0.153728 0.256549
1 0.181166 0.943693 0.123849 0.111734
1 0.682882 0.956207 0.140416 0.0868493
1 0.887501 0.236304 0.151312 0.147277
0 0.339933 0.729077 0.0671641 0.117046
1 0.317756 0.943182 0.127393 0.113039
0 0.565306 0.729708 0.0974886 0.107083
1 0.574248 0.395399 0.0975635 0.0986657
2 0.909982 0.928668 0.101676 0.141572
0 0.40184 0.239905 0.0640965 0.128743
1 0.457046 0.0336003 0.0791657 0.066233
0 0.250785 0.232972 0.181847 0.140713
1 0.266788 0.743283 0.0820708 0.0753963
1 0.2955 0.383416 0.137166 0.114361
1 0.713244 0.248011 0.122461 0.125234
1 0.706648 0.404319 0.112736 0.153692
1 0.306733 0.599207 0.167535 0.125706
0 0.721164 0.77049 0.0652474 0.104296
1 0.731266 0.61659 0.19158 0.107277
1 0.424998 0.600787 0.0757184 0.0852084
1 0.399823 0.741408 0.0518514 0.124736
1 0.179414 0.842255 0.0866673 0.0625732
1 0.400113 0.404973 0.066832 0.136925
1 0.748673 0.0409594 0.0697947 0.0816224
1 0.791816 0.40575 0.0608765 0.14588
1 0.176733 0.734539 0.103414 0.147107
1 0.251224 0.235092 0.186215 0.142895
1 0.897101 0.395052 0.0863078 0.0854149
1 0.525831 0.922357 0.0994833 0.0647596
1 0.531649 0.943866 0.118971 0.111457
0 0.529566 0.0553213 0.0684158 0.110609
1 0.807481 0.0346813 0.051142 0.06876
1 0.582165 0.602672 0.0548031 0.0853715
1 0.648064 0.735237 0.0714223 0.0927044
0 0.670786 0.045765 0.0651507 0.0904522
1 0.173459 0.606498 0.103508 0.111183
0 0.549253 0.233893 0.0576447 0.143368
1 0.598847 0.237402 0.0544424 0.132949
1 0.502218 0.408806 0.0465814 0.129707
1 0.528177 0.0538918 0.0643554 0.107643
0 0.90349 0.0591798 0.0595448 0.11637
1 0.4763 0.237269 0.0859423 0.141975
0 0.295993 0.385604 0.137131 0.121213
1 0.455866 0.4077 0.0459641 0.129588
0 0.172828 0.606783 0.0992464 0.108672
1 0.668886 0.61339 0.0776232 0.108656
1 0.613995 0.0318341 0.0545228 0.0636276
1 0.789382 0.255358 0.0446597 0.104556
1 0.663638 0.0391309 0.0508773 0.0776442
1 0.850709 0.263413 0.0723358 0.0847955
1 0.575244 0.233914 0.103606 0.143051
