1 0.631921 0.517058 0.146298 0.145194
1 0.574405 0.831053 0.140046 0.114246
1 0.794672 0.863562 0.127625 0.123924
1 0.774119 0.229233 0.172508 0.148064
1 0.832446 0.650015 0.121464 0.128817
1 0.709489 0.31605 0.18238 0.161037
1 0.478387 0.498253 0.142573 0.0999215
1 0.86017 0.545803 0.116911 0.133259
1 0.951121 0.654041 0.097213 0.117705
1 0.548005 0.172446 0.085162 0.0721934
1 0.467846 0.601004 0.132064 0.111135
1 0.770025 0.951395 0.127142 0.0968935
1 0.933959 0.779705 0.12373 0.121471
1 0.915933 0.444476 0.154642 0.153354
1 0.535833 0.395374 0.0827234 0.120421
2 0.420979 0.0519773 0.141491 0.103647
2 0.689467 0.109211 0.204529 0.163592
1 0.923567 0.0488494 0.151441 0.0973907
1 0.951926 0.363536 0.0961488 0.121971
1 0.66886 0.416893 0.165178 0.135788
2 0.0761024 0.934998 0.151318 0.12891
0 0.975214 0.528579 0.0491104 0.0993904
1 0.908668 0.964869 0.123184 0.0698067
1 0.920278 0.895067 0.0972526 0.102295
1 0.426324 0.887415 0.13842 0.113278
2 0.102956 0.592977 0.0797196 0.236009
0 0.527678 0.310055 0.0814533 0.0503442
1 0.413884 0.961544 0.123106 0.0764019
1 0.689329 0.109888 0.199774 0.163227
2 0.534935 0.393711 0.0802181 0.118306
0 0.963127 0.123004 0.0725993 0.150544
1 0.96383 0.121701 0.0712394 0.143743
2 0.427479 0.88875 0.141251 0.116585
1 0.545405 0.979617 0.144775 0.0401871
1 0.452347 0.698424 0.113516 0.118724
0 0.412593 0.961746 0.120477 0.0761173
1 0.442349 0.144317 0.132708 0.112706
1 0.419462 0.0451432 0.132525 0.0898017
