0 0.0983234 0.171885 0.120046 0.125853
1 0.616421 0.498457 0.11564 0.117879
1 0.859159 0.307817 0.134556 0.137815
1 0.660631 0.0540034 0.11018 0.108007
1 0.273041 0.454973 0.128857 0.123773
0 0.835251 0.914276 0.129079 0.14586
1 0.744377 0.958408 0.0996461 0.0800233
1 0.751658 0.856134 0.104746 0.108469
0 0.789704 0.54521 0.0910859 0.0818298
0 0.600968 0.880002 0.0944917 0.0982507
1 0.536187 0.964207 0.128111 0.0710757
1 0.969773 0.62876 0.0597557 0.133734
1 0.872396 0.668972 0.106818 0.117539
0 0.535963 0.585021 0.163415 0.141071
1 0.615362 0.746637 0.152504 0.163782
1 0.89324 0.800913 0.0982513 0.103833
1 0.354248 0.376455 0.142383 0.128239
0 0.69461 0.81494 0.125463 0.117375
0 0.790833 0.589926 0.111076 0.181304
1 0.926209 0.383036 0.0619986 0.062835
0 0.531396 0.820721 0.10945 0.105577
0 0.839957 0.767529 0.0740085 0.0767949
1 0.430253 0.628775 0.111554 0.119331
0 0.378508 0.71435 0.11985 0.115623
1 0.0226463 0.423033 0.0447923 0.0862675
1 0.693564 0.81716 0.126663 0.120055
1 0.953347 0.327394 0.0909414 0.0932862
1 0.676475 0.292831 0.106654 0.104733
1 0.600024 0.880691 0.095402 0.10091
0 0.198182 0.576995 0.102272 0.096604
1 0.456894 0.94065 0.100297 0.107885
2 0.165279 0.926121 0.185671 0.14609
