1 0.0688535 0.249229 0.137707 0.120091
1 0.400155 0.611567 0.127491 0.115402
1 0.415352 0.706289 0.136046 0.0864663
1 0.638278 0.251228 0.151622 0.134359
1 0.477165 0.259823 0.145945 0.127005
1 0.214219 0.932424 0.118509 0.0865259
1 0.574299 0.860796 0.159728 0.0910633
1 0.175666 0.67425 0.154387 0.0912726
1 0.426305 0.792661 0.128591 0.0843302
1 0.557058 0.602449 0.132739 0.110235
1 0.125332 0.0887765 0.15575 0.135441
1 0.597423 0.347556 0.159286 0.135628
1 0.846313 0.479794 0.178298 0.141338
1 0.532293 0.102038 0.140279 0.127589
1 0.433117 0.866061 0.136521 0.0877806
1 0.0450727 0.421083 0.0900947 0.0996512
1 0.583714 0.774799 0.144574 0.0869352
1 0.658776 0.149879 0.16321 0.116615
1 0.0873304 0.165783 0.13569 0.114177
1 0.165877 0.576611 0.143521 0.122333
1 0.894382 0.884245 0.0932704 0.135422
1 0.43284 0.9542 0.115528 0.0837276
1 0.18056 0.766313 0.151623 0.0992332
1 0.203868 0.331882 0.126239 0.112848
1 0.261975 0.172748 0.140543 0.11094
1 0.0470316 0.768079 0.0934635 0.0869191
1 0.0469452 0.566631 0.0932031 0.1235
1 0.570204 0.689383 0.115868 0.079143
1 0.326411 0.0476817 0.137398 0.0951667
1 0.286311 0.0958855 0.163322 0.128211
1 0.221499 0.247952 0.132758 0.104425
1 0.0495157 0.672886 0.0988765 0.0958455
1 0.803644 0.893371 0.0977963 0.129005
1 0.702506 0.0696701 0.143896 0.126365
1 0.7921 0.75031 0.0894318 0.126434
1 0.58617 0.947045 0.140863 0.0953492
1 0.55408 0.0355466 0.132951 0.0707676
1 0.570146 0.423643 0.144265 0.116194
1 0.956181 0.733043 0.0871446 0.138359
1 0.41827 0.419785 0.135951 0.100787
1 0.446473 0.340397 0.145189 0.111803
1 0.874204 0.740692 0.0894423 0.133268
1 0.0465394 0.849714 0.0930787 0.0947517
1 0.147336 0.031742 0.134657 0.0631307
1 0.174848 0.430652 0.159624 0.123056
1 0.729182 0.0212753 0.117917 0.0424209
1 0.962462 0.862366 0.0727617 0.128589
1 0.503934 0.176766 0.137679 0.111251
1 0.0474654 0.326896 0.0945381 0.098967
1 0.206412 0.988082 0.134302 0.0237728
1 0.847841 0.404612 0.176837 0.0527548
1 0.199316 0.846861 0.114122 0.0767071
1 0.966367 0.300944 0.0665843 0.143553
