2 0.462681 0.887924 0.155715 0.150448
2 0.594253 0.915762 0.1833 0.168475
0 0.668116 0.561363 0.148422 0.163749
1 0.796018 0.295951 0.164865 0.160625
1 0.857363 0.566133 0.0875741 0.0913945
1 0.601086 0.0937747 0.174622 0.168461
0 0.926109 0.15199 0.147781 0.182047
1 0.553335 0.430034 0.173705 0.147547
1 0.694993 0.187564 0.1441 0.142247
1 0.839855 0.679581 0.0944264 0.108991
1 0.813945 0.691999 0.147931 0.151157
1 0.95655 0.264592 0.086526 0.123666
1 0.926012 0.152344 0.147876 0.181851
1 0.369299 0.246546 0.164869 0.168018
0 0.132674 0.0423789 0.116749 0.0835391
1 0.269268 0.14455 0.171107 0.172548
2 0.133807 0.043358 0.116768 0.0865432
2 0.269243 0.145809 0.171177 0.174239
