1 0.849379 0.892159 0.131521 0.146477
1 0.72885 0.57843 0.14771 0.130157
1 0.791946 0.417011 0.126875 0.116397
1 0.899907 0.112425 0.120332 0.13911
1 0.952897 0.162164 0.0938334 0.140561
1 0.556595 0.590636 0.13894 0.123425
1 0.632013 0.347443 0.151815 0.110535
1 0.667294 0.2731 0.144055 0.11788
1 0.482606 0.649896 0.12297 0.110725
1 0.906644 0.717075 0.107488 0.0999285
1 0.595825 0.952943 0.0997047 0.0941142
1 0.563771 0.685537 0.0871054 0.0985463
0 0.831306 0.0629891 0.092391 0.101008
1 0.924369 0.94677 0.11393 0.105599
0 0.862809 0.338037 0.115502 0.121697
1 0.667966 0.73399 0.14485 0.118287
1 0.452168 0.837686 0.16792 0.151045
1 0.730434 0.113423 0.146247 0.121159
0 0.772315 0.231076 0.0681207 0.0817083
1 0.58726 0.416825 0.137051 0.115809
1 0.405131 0.927987 0.161432 0.133623
1 0.963244 0.68026 0.0728664 0.089083
0 0.946448 0.650231 0.107105 0.148653
0 0.719148 0.667594 0.112546 0.0923772
1 0.831535 0.0629366 0.0903709 0.102091
0 0.700248 0.190495 0.136421 0.120408
0 0.957781 0.350097 0.0825434 0.12528
1 0.48554 0.859839 0.0976659 0.102657
1 0.761362 0.0455503 0.124764 0.0909736
1 0.946721 0.850649 0.0643709 0.0650911
