0 0.522429 0.152997 0.12132 0.12623
0 0.444679 0.109862 0.116904 0.1424
1 0.82647 0.449513 0.135623 0.155263
1 0.94291 0.0502099 0.113415 0.10042
1 0.819705 0.158051 0.145243 0.144757
1 0.387307 0.832212 0.106731 0.112524
1 0.0774406 0.673822 0.131719 0.143445
1 0.584006 0.0334312 0.0855136 0.0665113
1 0.289848 0.937971 0.14006 0.124058
1 0.888218 0.109094 0.114966 0.119434
1 0.681202 0.0362052 0.0862972 0.0722062
1 0.953869 0.885395 0.0917566 0.139257
1 0.113198 0.0332719 0.0971873 0.0665438
1 0.854703 0.685177 0.147662 0.157867
1 0.513024 0.42559 0.135123 0.178567
1 0.293123 0.51405 0.116987 0.129502
1 0.745158 0.784989 0.156327 0.131562
1 0.606288 0.182496 0.114852 0.149187
1 0.657013 0.742193 0.140715 0.15515
1 0.683707 0.212233 0.10485 0.146164
1 0.356729 0.568483 0.10735 0.125111
0 0.587792 0.68346 0.14125 0.16162
1 0.199385 0.0476916 0.106676 0.0947076
1 0.708742 0.467481 0.0916882 0.147045
1 0.44651 0.357994 0.101653 0.10956
1 0.598087 0.44657 0.115477 0.145899
1 0.962169 0.317542 0.0745666 0.114549
1 0.451164 0.879161 0.086392 0.0897456
1 0.912163 0.939627 0.150258 0.120745
1 0.223614 0.901982 0.11229 0.114528
1 0.946753 0.551257 0.106494 0.153845
1 0.122024 0.852419 0.140236 0.138943
1 0.278898 0.314818 0.109027 0.116675
0 0.504744 0.654898 0.114076 0.11315
1 0.151907 0.710467 0.11745 0.128794
0 0.43166 0.61504 0.106586 0.112317
0 0.0567605 0.379737 0.112747 0.167402
1 0.917442 0.614778 0.150677 0.162557
1 0.764819 0.0305957 0.108164 0.0611914
1 0.0314984 0.63344 0.0628657 0.141751
1 0.127792 0.445761 0.10174 0.108094
0 0.106173 0.234997 0.103122 0.106885
1 0.353262 0.10255 0.121561 0.135052
1 0.553377 0.940155 0.175365 0.119112
1 0.508167 0.654044 0.110653 0.111809
0 0.0369046 0.202327 0.0738092 0.160901
1 0.212699 0.453797 0.145177 0.174709
0 0.204274 0.278269 0.102789 0.10893
1 0.358994 0.344287 0.11389 0.129903
1 0.103631 0.235254 0.101412 0.106456
1 0.982625 0.803854 0.0340725 0.0525918
0 0.151835 0.709572 0.114909 0.127446
1 0.431936 0.614849 0.103854 0.109594
1 0.0460502 0.792691 0.0914979 0.164373
1 0.202913 0.277625 0.100223 0.110474
1 0.26536 0.0842819 0.111621 0.133723
0 0.565066 0.940288 0.199504 0.118983
0 0.269614 0.083944 0.117236 0.137552
0 0.359285 0.344255 0.114099 0.135641
1 0.499109 0.462216 0.104664 0.102419
0 0.930943 0.375175 0.111338 0.120646
0 0.305755 0.767049 0.0952932 0.108779
