1 0.421152 0.661519 0.0766298 0.0788085
1 0.389528 0.765665 0.127857 0.126216
1 0.740781 0.170393 0.145565 0.144267
1 0.943466 0.250071 0.110926 0.126208
1 0.773274 0.274149 0.107538 0.13835
1 0.149341 0.865624 0.139245 0.123454
1 0.235793 0.527354 0.141739 0.141875
0 0.922822 0.48562 0.088661 0.0650552
1 0.940032 0.0665937 0.119244 0.129566
0 0.0713971 0.366405 0.125325 0.13454
1 0.965385 0.578346 0.0686629 0.0748643
1 0.250412 0.699953 0.136264 0.123711
1 0.721951 0.0474958 0.100847 0.0949916
0 0.190111 0.249936 0.157282 0.161938
1 0.837425 0.398792 0.149306 0.110245
0 0.347437 0.56464 0.134673 0.145526
1 0.301215 0.856836 0.105921 0.0963048
1 0.843754 0.553347 0.0923841 0.0653008
2 0.705636 0.942461 0.121048 0.113479
0 0.982282 0.47264 0.0350051 0.0941564
3 0.493415 0.453158 0.153475 0.105076
1 0.705985 0.943322 0.120056 0.113347
1 0.612006 0.24439 0.0758294 0.0722029
