1 0.861372 0.369815 0.117107 0.115508
1 0.0570381 0.680186 0.114076 0.10405
1 0.604261 0.230439 0.124554 0.115503
1 0.329578 0.826502 0.133573 0.137954
1 0.422205 0.774189 0.11135 0.130547
1 0.69978 0.781285 0.152632 0.11338
1 0.353585 0.620965 0.150738 0.133417
1 0.564166 0.505954 0.13771 0.127642
1 0.936836 0.723188 0.07863 0.0987992
1 0.278421 0.0400278 0.113398 0.0792066
0 0.813915 0.1944 0.103093 0.0829028
1 0.383913 0.205395 0.0886092 0.12821
1 0.0368768 0.91465 0.0732496 0.137151
0 0.168555 0.86444 0.139159 0.109805
1 0.271698 0.517169 0.157079 0.120213
1 0.728918 0.602449 0.128436 0.127637
1 0.528089 0.0331907 0.114477 0.0661156
0 0.944396 0.395775 0.110787 0.144495
