0 0.964368 0.663529 0.0699069 0.131264
1 0.669301 0.347933 0.157938 0.113101
1 0.721213 0.744789 0.169956 0.166162
1 0.729996 0.0597187 0.165176 0.11849
1 0.951948 0.490417 0.0961047 0.0718149
1 0.651807 0.491611 0.151336 0.0928987
1 0.941661 0.372898 0.115707 0.056061
0 0.781982 0.836181 0.165175 0.175487
2 0.685609 0.133493 0.287455 0.262262
1 0.859537 0.914854 0.188426 0.166729
1 0.661314 0.168806 0.232808 0.188198
1 0.656847 0.433806 0.140353 0.054445
1 0.782153 0.834551 0.165186 0.179882
1 0.947297 0.423599 0.102221 0.0480064
