1 0.892085 0.477901 0.117614 0.122679
0 0.879618 0.600253 0.103335 0.0920725
1 0.656607 0.876065 0.102103 0.0852273
1 0.130764 0.250296 0.149856 0.118923
1 0.17234 0.492734 0.150337 0.111716
1 0.308739 0.175387 0.0669198 0.0703343
0 0.76459 0.964093 0.117637 0.0718145
1 0.160257 0.456536 0.178367 0.188577
1 0.078406 0.131598 0.130378 0.126792
1 0.586558 0.969419 0.0936493 0.0607266
1 0.884391 0.847514 0.0891502 0.114446
0 0.940444 0.697439 0.112204 0.122287
1 0.756055 0.858932 0.091723 0.0944752
1 0.939658 0.696735 0.107222 0.120193
0 0.747307 0.471238 0.106378 0.0946074
1 0.834234 0.500193 0.0808103 0.118968
0 0.8359 0.498437 0.0777999 0.113617
0 0.0787197 0.131175 0.130923 0.127915
0 0.885577 0.847599 0.090682 0.113308
