1 0.186241 0.592829 0.110511 0.130729
0 0.236507 0.431023 0.094137 0.100793
1 0.142883 0.90835 0.114588 0.131934
1 0.269874 0.304568 0.0967596 0.091385
1 0.0853617 0.556681 0.0916241 0.134486
1 0.0710561 0.341022 0.142112 0.149837
1 0.330618 0.463844 0.109113 0.126331
1 0.510586 0.535843 0.142558 0.137075
1 0.590109 0.796693 0.114087 0.121873
1 0.0376804 0.873471 0.0752541 0.145121
0 0.12909 0.226029 0.113306 0.110631
1 0.527889 0.618973 0.105783 0.0945137
0 0.346598 0.65981 0.134568 0.141476
0 0.382757 0.246722 0.0692167 0.0800304
0 0.328363 0.227306 0.0799073 0.0967696
1 0.445491 0.29612 0.123815 0.111342
1 0.496981 0.951016 0.124687 0.0975237
1 0.580342 0.0479944 0.119967 0.095863
0 0.375972 0.340732 0.0674857 0.0757351
1 0.346067 0.661223 0.132895 0.143737
0 0.582081 0.0472557 0.12495 0.093924
1 0.67275 0.969434 0.0618193 0.0596526
1 0.979115 0.0760427 0.0411315 0.0957741
