1 0.590694 0.873384 0.1454 0.158
1 0.863558 0.890509 0.139317 0.132345
1 0.682016 0.733281 0.137954 0.130331
1 0.880567 0.576968 0.175839 0.177153
3 0.764405 0.302479 0.374937 0.383789
1 0.612264 0.693734 0.133801 0.130616
1 0.647875 0.91776 0.143289 0.147546
1 0.92118 0.937358 0.142929 0.122693
1 0.340797 0.355707 0.120846 0.17215
1 0.271301 0.30388 0.110706 0.161119
1 0.46057 0.77217 0.151378 0.150153
1 0.796412 0.843279 0.136942 0.114794
1 0.305074 0.131687 0.0842521 0.0900878
1 0.788137 0.969747 0.106845 0.0599926
1 0.49217 0.32799 0.135843 0.169222
1 0.718392 0.95052 0.114409 0.0984575
1 0.0840051 0.169913 0.122962 0.161111
1 0.937295 0.469149 0.124392 0.1887
1 0.535981 0.827451 0.121203 0.126935
1 0.209552 0.264316 0.105787 0.17554
1 0.389994 0.152718 0.125865 0.137902
1 0.729632 0.798277 0.153064 0.162718
1 0.43265 0.611407 0.0526704 0.0734079
1 0.142744 0.0600532 0.133549 0.118931
1 0.319042 0.0764825 0.0776774 0.0679947
1 0.236455 0.0720859 0.112934 0.139194
0 0.945793 0.65728 0.108414 0.151261
1 0.136728 0.261272 0.0851878 0.101908
1 0.146087 0.191027 0.0850061 0.0911394
1 0.593435 0.158546 0.0355515 0.0431237
