1 0.892327 0.291972 0.12622 0.108055
1 0.418802 0.438051 0.196661 0.222287
1 0.919593 0.207388 0.130169 0.0933335
1 0.64621 0.335077 0.145199 0.117207
0 0.271898 0.258578 0.162044 0.164129
1 0.10851 0.165659 0.217019 0.176958
1 0.570796 0.0511846 0.115077 0.100426
1 0.913682 0.114439 0.152129 0.104716
1 0.682331 0.186825 0.126469 0.140393
1 0.704345 0.0274097 0.10788 0.0542721
1 0.316943 0.156462 0.134633 0.108749
1 0.546444 0.501271 0.180257 0.161855
1 0.218283 0.331373 0.158922 0.133079
1 0.526439 0.198986 0.149513 0.123016
1 0.0304955 0.246977 0.0609578 0.0741789
1 0.778947 0.514444 0.114401 0.101363
1 0.731278 0.588789 0.182999 0.185191
1 0.836905 0.390621 0.15823 0.0854457
1 0.567461 0.149074 0.132258 0.103831
1 0.86139 0.347223 0.125213 0.0785598
0 0.339324 0.0574678 0.11842 0.0921576
1 0.692816 0.655916 0.116101 0.0974249
1 0.92454 0.04699 0.0984672 0.057625
1 0.141301 0.018426 0.0632387 0.0368521
1 0.485325 0.327943 0.103328 0.0741715
1 0.606775 0.421419 0.118364 0.120159
1 0.506467 0.269126 0.119748 0.103286
