1 0.713925 0.442154 0.141522 0.149464
1 0.683118 0.735359 0.10977 0.116643
1 0.943853 0.602442 0.112294 0.140356
1 0.628932 0.403772 0.135125 0.158253
1 0.945355 0.0618766 0.109289 0.117529
1 0.464685 0.0748615 0.149423 0.149723
1 0.271167 0.191056 0.121113 0.139339
1 0.348179 0.237838 0.124184 0.13611
1 0.737663 0.238444 0.141832 0.163485
1 0.524167 0.667931 0.147739 0.158492
1 0.794538 0.50217 0.126499 0.146718
1 0.610253 0.693678 0.105824 0.112033
1 0.290997 0.513978 0.145594 0.166294
1 0.430718 0.28104 0.115596 0.131417
1 0.945347 0.934603 0.108578 0.128587
1 0.3797 0.5517 0.131657 0.151286
1 0.22114 0.455401 0.144077 0.170816
1 0.904552 0.318754 0.107795 0.104674
1 0.946078 0.392688 0.107446 0.158591
1 0.815649 0.297034 0.1377 0.163782
1 0.0824918 0.59615 0.161119 0.14805
1 0.45459 0.594985 0.124245 0.12007
0 0.874196 0.553028 0.13357 0.146643
1 0.179503 0.663154 0.121759 0.12047
0 0.863936 0.872487 0.160949 0.154416
1 0.864234 0.871022 0.162106 0.151482
1 0.389231 0.02523 0.100129 0.0503015
1 0.149825 0.404799 0.146017 0.161058
1 0.873692 0.553535 0.134748 0.144384
1 0.543294 0.106786 0.106206 0.111546
1 0.53854 0.901115 0.163856 0.170102
1 0.860727 0.0359675 0.123779 0.0719351
1 0.970446 0.362069 0.0588514 0.0937779
