2 0.181515 0.139122 0.359897 0.239683
3 0.735679 0.135915 0.123625 0.269507
3 0.364861 0.878717 0.152393 0.240935
1 0.96171 0.879229 0.0760205 0.0842344
1 0.95288 0.960193 0.0942391 0.0785229
1 0.959196 0.522904 0.0809076 0.0729111
1 0.959527 0.791671 0.0803568 0.0827789
2 0.662543 0.691411 0.299398 0.499294
2 0.0602366 0.524168 0.120048 0.278704
3 0.244912 0.5165 0.287988 0.276016
1 0.950969 0.699082 0.0972216 0.0862992
1 0.838266 0.225154 0.0719991 0.101709
0 0.951113 0.436098 0.0973802 0.0960581
2 0.0226973 0.885227 0.0442561 0.227293
3 0.163469 0.807974 0.273222 0.121542
0 0.945032 0.225522 0.109549 0.0873927
3 0.169042 0.875295 0.288043 0.248065
1 0.935266 0.1317 0.124897 0.0789428
1 0.953987 0.608361 0.0917583 0.0598623
1 0.950662 0.436691 0.0979967 0.0933816
