0 0.946922 0.846722 0.105211 0.104881
1 0.462331 0.644097 0.13739 0.132379
1 0.0869575 0.733783 0.0928648 0.126215
1 0.105793 0.500899 0.0839934 0.121395
1 0.0341974 0.509278 0.0683947 0.124425
1 0.352519 0.706733 0.119766 0.154276
1 0.601483 0.9383 0.133484 0.122742
1 0.191171 0.49573 0.093675 0.12597
1 0.254691 0.725623 0.0934734 0.1455
1 0.840273 0.947479 0.144874 0.104319
0 0.168846 0.74002 0.0982083 0.1562
1 0.275363 0.479192 0.100902 0.150023
1 0.718047 0.896686 0.109621 0.142698
1 0.0213924 0.734158 0.0427848 0.126502
2 0.781172 0.410952 0.386917 0.173041
2 0.49109 0.473569 0.123036 0.173012
3 0.790842 0.639442 0.334801 0.220098
1 0.491594 0.47306 0.122189 0.173325
1 0.973696 0.956549 0.0517839 0.0866382
