0 0.779283 0.649291 0.0982785 0.121473
0 0.423183 0.302277 0.105701 0.100147
1 0.932747 0.937217 0.105121 0.11197
0 0.206627 0.776888 0.109425 0.0955253
1 0.572283 0.0700155 0.122987 0.124112
1 0.43341 0.727874 0.149887 0.148599
1 0.256001 0.597806 0.139204 0.123422
1 0.449026 0.226258 0.121652 0.113003
1 0.694758 0.278911 0.139052 0.123701
1 0.519084 0.149507 0.119993 0.10548
1 0.813939 0.800552 0.146056 0.132957
1 0.32567 0.443458 0.133904 0.129897
1 0.101303 0.215106 0.117902 0.111549
1 0.498115 0.602592 0.128434 0.141981
1 0.692068 0.412595 0.0872128 0.122748
1 0.941249 0.362441 0.11104 0.137215
1 0.583838 0.639653 0.11494 0.123127
1 0.717781 0.205144 0.112488 0.110687
1 0.217756 0.68649 0.104898 0.0955814
1 0.979384 0.179303 0.0407804 0.104948
1 0.871547 0.637939 0.105683 0.123247
1 0.762122 0.129089 0.1201 0.119187
1 0.0437701 0.272459 0.0873388 0.11397
1 0.432841 0.905146 0.123614 0.110553
1 0.198745 0.880094 0.0966106 0.103577
1 0.746199 0.968684 0.103199 0.062165
1 0.913401 0.16687 0.0807393 0.103156
1 0.861561 0.372141 0.108914 0.154254
0 0.289693 0.521813 0.148279 0.129598
1 0.824376 0.96803 0.0728668 0.0638011
0 0.691662 0.411447 0.0864124 0.119189
0 0.684329 0.652489 0.083403 0.119034
0 0.431141 0.903787 0.120401 0.109895
1 0.786488 0.426785 0.0889959 0.0916743
1 0.60464 0.399648 0.101198 0.100898
1 0.0204513 0.44016 0.0408905 0.0716592
0 0.564421 0.890777 0.115756 0.143769
1 0.946083 0.622792 0.105226 0.144954
0 0.787943 0.425707 0.0883412 0.0913552
0 0.191082 0.988629 0.101944 0.0227429
1 0.685891 0.652436 0.0846897 0.117548
