0 0.962203 0.729275 0.0733852 0.0942184
0 0.879682 0.523644 0.113193 0.0944879
1 0.78716 0.123903 0.103739 0.102391
0 0.419879 0.584698 0.10401 0.0940125
1 0.0336397 0.923794 0.0645453 0.0782926
1 0.582032 0.130702 0.136125 0.132111
0 0.875446 0.894937 0.119637 0.126798
1 0.602715 0.609214 0.0786247 0.0917687
1 0.393127 0.296707 0.118411 0.115847
1 0.963923 0.266768 0.070822 0.0943031
1 0.853437 0.0592428 0.127809 0.117607
1 0.0267384 0.585576 0.0531791 0.103318
0 0.730269 0.248579 0.081378 0.0789078
1 0.599838 0.685911 0.0706112 0.0682654
0 0.983701 0.0725634 0.031875 0.0706851
1 0.59752 0.0227292 0.0775584 0.0452733
0 0.268315 0.297713 0.0737413 0.0962168
0 0.0575051 0.80759 0.0688054 0.0875597
1 0.166969 0.615835 0.100145 0.0897741
1 0.510597 0.0737007 0.088539 0.0883844
