0 0.524045 0.417324 0.0806527 0.119271
2 0.261295 0.0672758 0.149403 0.134148
1 0.705945 0.586293 0.0862656 0.103626
1 0.480159 0.656824 0.0984786 0.136943
1 0.886057 0.798743 0.0805922 0.0749397
0 0.732831 0.942677 0.115022 0.112218
1 0.845863 0.579416 0.0955722 0.1295
0 0.916199 0.368491 0.105553 0.102953
1 0.903368 0.904088 0.141289 0.131319
1 0.345511 0.630503 0.106313 0.0893052
0 0.218028 0.657994 0.0922743 0.120178
0 0.276925 0.419312 0.0639835 0.145334
1 0.0316593 0.859762 0.0633185 0.0808299
1 0.973615 0.561115 0.0527151 0.101201
1 0.593425 0.725212 0.0708902 0.0632054
1 0.628498 0.936594 0.11333 0.126119
1 0.39339 0.434661 0.0894011 0.111634
1 0.58838 0.605673 0.0792161 0.136841
0 0.812514 0.937618 0.0812864 0.112169
0 0.0204531 0.308629 0.0407942 0.108293
1 0.55171 0.958236 0.0818446 0.081987
3 0.0258403 0.72528 0.0510707 0.175587
0 0.552874 0.958152 0.0865874 0.0834535
1 0.811685 0.937746 0.0804312 0.112735
0 0.463226 0.795957 0.0751872 0.141412
0 0.439066 0.948668 0.109523 0.102088
0 0.0360542 0.497826 0.0716683 0.0866483
