0 0.57999 0.441664 0.154024 0.0993131
0 0.339261 0.293374 0.089377 0.0885889
0 0.859936 0.324958 0.123442 0.0734175
1 0.933444 0.556587 0.133113 0.108355
1 0.835427 0.259488 0.15538 0.0832941
0 0.166039 0.156576 0.124226 0.081558
1 0.588509 0.316428 0.116636 0.100682
1 0.83241 0.183986 0.140299 0.0770866
1 0.865317 0.407925 0.133894 0.0874724
1 0.464435 0.328599 0.113101 0.0702487
1 0.593972 0.666855 0.131665 0.0630026
0 0.0269703 0.26015 0.0539405 0.0822927
0 0.883796 0.495789 0.130038 0.0975518
1 0.627122 0.924805 0.137366 0.0875199
0 0.43852 0.157552 0.0925523 0.0572029
1 0.593778 0.729108 0.139311 0.065649
1 0.434383 0.919668 0.0577419 0.127035
1 0.298655 0.0270486 0.0864651 0.0536564
0 0.255395 0.272243 0.0745805 0.110294
1 0.582285 0.601335 0.139232 0.0699408
1 0.306992 0.925691 0.0629144 0.132907
1 0.557306 0.0625366 0.133026 0.0975496
3 0.0317532 0.754208 0.0565961 0.12729
0 0.146905 0.0394353 0.154257 0.077303
1 0.937838 0.826249 0.11834 0.0937965
0 0.0276527 0.140661 0.0535618 0.0815541
1 0.819644 0.588903 0.0665352 0.0656354
1 0.61134 0.858163 0.132079 0.0668272
1 0.600029 0.792786 0.150991 0.0672495
0 0.563156 0.176567 0.0952232 0.0682224
1 0.165708 0.155988 0.129961 0.0838472
1 0.373225 0.914076 0.0588244 0.114301
1 0.56104 0.0244682 0.108732 0.0481918
1 0.564372 0.177152 0.0956106 0.0677762
0 0.35569 0.753721 0.0585851 0.117579
