1 0.144054 0.857927 0.139872 0.133477
1 0.0856791 0.646386 0.0870623 0.0977703
1 0.0901044 0.409667 0.0907014 0.126855
1 0.815751 0.944775 0.139309 0.0939413
1 0.952506 0.892402 0.0932488 0.0897322
1 0.139716 0.960489 0.152313 0.0786648
1 0.585777 0.646947 0.168969 0.124346
1 0.815512 0.855808 0.11538 0.0837481
0 0.445872 0.0715125 0.124249 0.139901
1 0.967824 0.796718 0.0639312 0.0804187
1 0.19114 0.413376 0.0979863 0.142541
1 0.819449 0.766904 0.148172 0.0944729
2 0.175117 0.13091 0.14879 0.245087
1 0.454407 0.757838 0.0989279 0.121169
1 0.176007 0.632768 0.0980647 0.132766
1 0.925705 0.489101 0.146138 0.14442
0 0.956423 0.691832 0.086912 0.119456
1 0.417417 0.633345 0.138232 0.117845
1 0.0167851 0.658257 0.0331601 0.132576
0 0.8239 0.445496 0.111935 0.18346
1 0.0353556 0.769911 0.0689425 0.0745554
1 0.0219751 0.408524 0.0438041 0.121125
1 0.16806 0.286736 0.133459 0.104541
0 0.826189 0.674165 0.127745 0.0948584
1 0.825174 0.674128 0.132732 0.0938586
1 0.0221701 0.860503 0.0442258 0.0895889
1 0.956527 0.692577 0.0867922 0.119676
1 0.146926 0.797916 0.139146 0.134272
1 0.047876 0.194513 0.0954746 0.102934
1 0.965663 0.966935 0.068485 0.0658283
1 0.0175487 0.964991 0.0346857 0.064245
0 0.81939 0.455561 0.0853342 0.084077
1 0.0484043 0.0956872 0.0958363 0.0854605
3 0.443985 0.317607 0.0838873 0.154284
1 0.615332 0.839651 0.0782731 0.0747486
2 0.191526 0.414671 0.10046 0.146868
