1 0.768891 0.943856 0.102257 0.105541
1 0.77365 0.349991 0.106385 0.103964
1 0.45394 0.339004 0.105219 0.107962
0 0.701322 0.730347 0.0920625 0.0770705
1 0.57965 0.202908 0.0861342 0.112898
1 0.638706 0.374233 0.0943065 0.0654545
1 0.254979 0.66631 0.0999721 0.117664
1 0.0818522 0.68137 0.127539 0.13797
1 0.197808 0.519395 0.17435 0.180427
1 0.837778 0.180569 0.12029 0.111335
0 0.0703053 0.375262 0.0996105 0.111346
0 0.739642 0.525691 0.0641003 0.0809629
1 0.754543 0.0699673 0.121609 0.10605
1 0.523052 0.651363 0.0939202 0.127915
1 0.693935 0.292462 0.104123 0.132807
1 0.481957 0.447955 0.0895612 0.128116
1 0.670433 0.530001 0.0694542 0.0833247
0 0.547412 0.910804 0.126748 0.1761
1 0.418696 0.188141 0.0862752 0.0979049
1 0.850217 0.428782 0.0875702 0.0956162
1 0.655392 0.0548918 0.138115 0.109132
0 0.702083 0.818585 0.126879 0.128551
0 0.0352227 0.926909 0.0694435 0.135707
0 0.386565 0.0555833 0.0633154 0.0830452
1 0.700713 0.819952 0.124861 0.127814
1 0.0408077 0.927598 0.0807751 0.139617
1 0.545186 0.911073 0.121692 0.173898
0 0.655633 0.0567613 0.13419 0.113065
1 0.165508 0.486985 0.107338 0.104318
1 0.387352 0.0564076 0.062778 0.083413
0 0.973543 0.493436 0.0516841 0.0975402
1 0.225496 0.538827 0.115256 0.121074
