1 0.0726438 0.292588 0.111085 0.0761153
1 0.66203 0.808158 0.0979018 0.099602
1 0.0680425 0.118539 0.130911 0.0776883
1 0.0490552 0.812197 0.0981104 0.131679
0 0.047305 0.966916 0.0944383 0.0660614
1 0.368866 0.764978 0.115478 0.115474
1 0.0775152 0.209897 0.103849 0.075179
1 0.077978 0.377593 0.135192 0.0837076
1 0.0743583 0.036636 0.0959001 0.0706259
1 0.485629 0.578051 0.142136 0.144525
1 0.279792 0.128209 0.0910195 0.0634989
1 0.0832481 0.461064 0.110504 0.0803142
1 0.458338 0.851617 0.0969508 0.092502
1 0.279919 0.344163 0.0927691 0.0627446
1 0.505043 0.896932 0.112384 0.112732
1 0.416477 0.808449 0.110892 0.109845
0 0.0809314 0.543527 0.110749 0.081991
1 0.279833 0.189483 0.0882529 0.0585133
1 0.277843 0.588209 0.0834694 0.0563159
0 0.27823 0.470447 0.0868022 0.0680885
1 0.141722 0.855163 0.151029 0.159721
1 0.275208 0.407628 0.0894947 0.0647826
1 0.321918 0.719585 0.109238 0.101387
1 0.011666 0.773585 0.0231085 0.0788094
1 0.622827 0.755336 0.103974 0.103503
0 0.281178 0.261182 0.100317 0.0981401
1 0.276727 0.47053 0.0872757 0.0666658
1 0.278663 0.0197694 0.0862265 0.0393086
0 0.610055 0.602486 0.0785732 0.0791034
0 0.506176 0.897364 0.115686 0.114014
1 0.276842 0.65 0.116308 0.0614965
2 0.962148 0.104027 0.0755301 0.118154
