2 0.373786 0.182902 0.277047 0.36474
1 0.327057 0.828425 0.105183 0.113229
1 0.0680356 0.943403 0.111261 0.104788
1 0.946125 0.699593 0.107751 0.107898
0 0.483366 0.609305 0.0993253 0.0892268
1 0.470126 0.882451 0.113914 0.126254
0 0.0500657 0.723412 0.0999963 0.117603
1 0.328497 0.526879 0.153134 0.113473
1 0.132252 0.783997 0.118002 0.151144
1 0.0508561 0.419241 0.100964 0.113662
3 0.890473 0.0885707 0.217035 0.173907
2 0.507018 0.185037 0.534803 0.369677
1 0.233826 0.820832 0.115495 0.0997282
3 0.887725 0.372795 0.224142 0.207399
0 0.156394 0.438141 0.120741 0.0856808
0 0.588689 0.925327 0.105726 0.0562496
1 0.0506797 0.723097 0.101359 0.120444
1 0.551898 0.667524 0.144871 0.195912
1 0.244933 0.979473 0.0712177 0.0406787
1 0.153893 0.959752 0.105549 0.0800728
1 0.155843 0.439292 0.121028 0.0875702
1 0.588378 0.925967 0.106609 0.0551608
