1 0.390562 0.19723 0.126808 0.107129
1 0.910229 0.515607 0.158946 0.153772
1 0.356624 0.487087 0.181231 0.137794
1 0.267472 0.378846 0.133264 0.10248
1 0.543737 0.470481 0.13153 0.118592
1 0.169059 0.637759 0.136612 0.120298
1 0.342908 0.13696 0.139521 0.111592
1 0.241769 0.77103 0.154314 0.11325
1 0.470367 0.335743 0.126697 0.102553
1 0.756545 0.393767 0.175529 0.162126
1 0.310216 0.0604881 0.145387 0.110404
1 0.653574 0.674551 0.131457 0.0986081
1 0.898384 0.674674 0.160022 0.146642
1 0.607085 0.608283 0.158028 0.122812
1 0.209478 0.705734 0.148947 0.12976
1 0.960386 0.615476 0.0785089 0.15373
1 0.237844 0.292184 0.177727 0.134285
1 0.942539 0.772079 0.113517 0.12
1 0.453565 0.704836 0.123725 0.107656
1 0.079699 0.0484864 0.159288 0.0957406
1 0.723176 0.812092 0.143474 0.106623
1 0.0594346 0.431098 0.118204 0.123912
1 0.584942 0.531229 0.119341 0.107841
1 0.763788 0.871489 0.150146 0.118504
1 0.58502 0.914767 0.162484 0.170466
1 0.680713 0.310612 0.111876 0.120646
1 0.805226 0.47206 0.191118 0.185937
1 0.114518 0.109014 0.1478 0.11879
0 0.305972 0.923127 0.18142 0.148796
1 0.437484 0.263509 0.132344 0.107909
1 0.8444 0.970373 0.121728 0.0591142
1 0.5024 0.413237 0.131833 0.103727
1 0.29345 0.444258 0.107171 0.0978095
1 0.802265 0.943286 0.133804 0.106095
1 0.641718 0.216596 0.118521 0.114183
1 0.380245 0.571978 0.153046 0.124142
1 0.271173 0.0226088 0.100675 0.0451169
1 0.69242 0.73948 0.124927 0.111436
0 0.364928 0.951705 0.192274 0.0954125
1 0.42106 0.640833 0.13002 0.0965929
1 0.207529 0.226284 0.156081 0.139668
1 0.555979 0.110472 0.146482 0.154971
1 0.967728 0.869818 0.0638558 0.129539
