1 0.339019 0.871005 0.117804 0.101261
1 0.169128 0.77831 0.137334 0.101725
1 0.0817998 0.110822 0.146552 0.0976033
1 0.92804 0.600222 0.14392 0.0979811
1 0.0759476 0.0340126 0.130799 0.067699
1 0.331484 0.762851 0.130566 0.122156
1 0.627277 0.19175 0.142013 0.109534
1 0.733377 0.781776 0.153198 0.0948536
1 0.937977 0.685251 0.124046 0.0922664
1 0.0960194 0.201179 0.144359 0.102684
1 0.43157 0.232838 0.0878227 0.121747
1 0.919175 0.510956 0.160219 0.0970039
0 0.517818 0.21711 0.0797791 0.129427
1 0.545573 0.594365 0.15476 0.0963516
1 0.865893 0.171732 0.138047 0.0960692
1 0.876527 0.262764 0.14739 0.10809
1 0.90135 0.42887 0.147599 0.0965226
1 0.452747 0.37955 0.0844617 0.118995
1 0.239577 0.188951 0.139992 0.099599
1 0.889128 0.353327 0.137267 0.0756994
1 0.659496 0.378524 0.138601 0.0760843
1 0.279689 0.402852 0.0802369 0.115593
1 0.634243 0.287591 0.146846 0.090637
1 0.335826 0.62574 0.0751622 0.10617
1 0.22376 0.0971379 0.124044 0.0868043
1 0.181461 0.864284 0.138836 0.0931845
1 0.0998273 0.42509 0.139767 0.146682
1 0.489407 0.0316466 0.0875137 0.0632932
1 0.578254 0.881865 0.155651 0.115973
1 0.970507 0.159152 0.0579603 0.0920187
1 0.704296 0.658232 0.143021 0.127742
1 0.548176 0.790052 0.125589 0.0819857
1 0.364874 0.381764 0.0963502 0.119047
1 0.399767 0.0398626 0.108384 0.079626
1 0.136697 0.663506 0.144289 0.143222
1 0.553842 0.678911 0.145388 0.0929025
1 0.100154 0.291468 0.126266 0.0884149
1 0.739111 0.877788 0.181046 0.124629
1 0.688392 0.570159 0.120206 0.0778425
0 0.539104 0.368099 0.0883158 0.124786
1 0.978469 0.240048 0.0429416 0.0707169
1 0.197663 0.411994 0.0937369 0.135126
1 0.974388 0.333534 0.0507189 0.0858575
1 0.943881 0.858422 0.111847 0.0999255
0 0.336972 0.969814 0.0870678 0.0593207
0 0.365471 0.382259 0.0998508 0.11915
1 0.605078 0.0275876 0.115482 0.0547985
1 0.94056 0.769624 0.118286 0.0946492
0 0.93924 0.767577 0.119703 0.0925677
0 0.222348 0.027249 0.136902 0.0539435
0 0.262516 0.272664 0.108242 0.0673758
1 0.223067 0.0258823 0.142262 0.0517645
1 0.538725 0.365358 0.0882477 0.122711
