1 0.273595 0.485095 0.144322 0.140992
0 0.821346 0.211296 0.110645 0.118825
1 0.507639 0.468412 0.155248 0.163623
1 0.416875 0.324945 0.125326 0.131173
1 0.227717 0.583841 0.129707 0.130944
1 0.342469 0.400816 0.135495 0.145907
1 0.0987548 0.842756 0.123358 0.127359
1 0.0531618 0.123915 0.106086 0.14259
1 0.0879177 0.371737 0.164019 0.154356
1 0.713907 0.871631 0.15406 0.133314
1 0.212858 0.217133 0.175407 0.180628
1 0.108739 0.0601271 0.128982 0.119358
1 0.509595 0.280049 0.124769 0.151387
1 0.304019 0.823012 0.164543 0.131737
1 0.149302 0.758626 0.130715 0.1241
1 0.19219 0.672807 0.132573 0.131029
1 0.561256 0.037749 0.117741 0.0750237
1 0.713361 0.201071 0.096843 0.109429
1 0.608321 0.416801 0.14559 0.150096
1 0.456765 0.0580316 0.14186 0.116063
1 0.0567472 0.459849 0.11251 0.130023
1 0.369606 0.0862424 0.144282 0.144745
1 0.258619 0.908628 0.178564 0.151394
1 0.617831 0.717732 0.126201 0.134445
1 0.0748813 0.943932 0.147854 0.112135
1 0.285076 0.140948 0.151736 0.154457
1 0.944271 0.817855 0.110792 0.0920796
1 0.336043 0.735039 0.164353 0.133442
1 0.145451 0.277848 0.148526 0.137603
1 0.0362392 0.549093 0.0723056 0.102313
1 0.680402 0.949961 0.1594 0.100078
1 0.711671 0.613729 0.138064 0.10533
1 0.719889 0.375371 0.128117 0.164039
1 0.440754 0.552278 0.157032 0.156201
1 0.884841 0.941416 0.124883 0.11668
1 0.931299 0.225705 0.126942 0.129652
1 0.665466 0.027293 0.109009 0.0543199
1 0.937108 0.414401 0.125785 0.168775
1 0.74582 0.786502 0.148883 0.117577
1 0.839799 0.616598 0.109663 0.122032
1 0.846513 0.375307 0.126107 0.141325
1 0.523939 0.897202 0.136109 0.127955
1 0.609475 0.216179 0.116218 0.10351
1 0.549389 0.799123 0.100976 0.104234
1 0.19785 0.038149 0.140203 0.07577
1 0.207962 0.975324 0.14325 0.0490327
1 0.930692 0.871884 0.102117 0.0866323
1 0.389229 0.654309 0.147452 0.139692
1 0.0099098 0.638521 0.0195543 0.0655138
0 0.936793 0.415294 0.126256 0.169309
0 0.960819 0.747548 0.0764688 0.0723338
1 0.984735 0.900228 0.0303444 0.0741456
1 0.48411 0.958137 0.128084 0.0837256
