1 0.104977 0.299693 0.13468 0.131941
1 0.598382 0.183191 0.107169 0.115389
1 0.461482 0.0868244 0.145172 0.145885
1 0.428531 0.554679 0.117312 0.112998
1 0.724466 0.296667 0.15114 0.14656
1 0.504807 0.326795 0.134407 0.141592
1 0.164669 0.354139 0.140446 0.139395
1 0.870665 0.117008 0.121569 0.130966
1 0.495715 0.853559 0.104882 0.108238
1 0.934788 0.174585 0.130424 0.153604
1 0.54856 0.671158 0.135632 0.142442
1 0.0505248 0.23392 0.10105 0.110368
1 0.486455 0.611569 0.14306 0.127615
1 0.435942 0.268644 0.142907 0.155644
0 0.293768 0.181906 0.120333 0.11893
1 0.79479 0.0746964 0.133963 0.13099
1 0.666887 0.232762 0.118675 0.112076
1 0.236402 0.646003 0.161844 0.158255
1 0.163914 0.855011 0.111336 0.116493
1 0.628311 0.430748 0.133824 0.146892
1 0.557397 0.376153 0.115855 0.136527
1 0.617464 0.716436 0.10814 0.119078
1 0.286843 0.461886 0.135914 0.135688
1 0.701993 0.476339 0.144545 0.164451
1 0.862376 0.757002 0.143747 0.130768
1 0.308768 0.684993 0.141015 0.154764
1 0.371036 0.496036 0.133437 0.12633
1 0.759577 0.889731 0.146031 0.127855
1 0.364459 0.750944 0.156179 0.163122
1 0.919133 0.695128 0.146915 0.137922
1 0.225699 0.407785 0.138866 0.126977
1 0.158077 0.0836341 0.138303 0.130382
1 0.0933439 0.549046 0.135106 0.136245
1 0.0536978 0.497454 0.107396 0.131804
1 0.106195 0.0374107 0.116858 0.0745201
1 0.162125 0.603252 0.134975 0.139253
1 0.364341 0.231823 0.107466 0.117166
1 0.530779 0.134634 0.150416 0.144821
1 0.726715 0.0494775 0.136798 0.098614
1 0.229961 0.131092 0.133773 0.127527
1 0.802868 0.335012 0.103049 0.101523
1 0.950643 0.623768 0.0987135 0.110367
1 0.395529 0.0506786 0.149013 0.101357
1 0.294326 0.946495 0.136404 0.107011
1 0.974391 0.546389 0.0509107 0.102252
1 0.767505 0.529441 0.132536 0.13736
0 0.224787 0.92473 0.146605 0.14606
1 0.97356 0.2315 0.0522075 0.125115
1 0.0462562 0.402005 0.0913182 0.129398
1 0.0513435 0.761768 0.102005 0.157436
1 0.223007 0.92396 0.148622 0.143324
1 0.443138 0.790631 0.153831 0.166749
1 0.0497373 0.974213 0.095182 0.0512879
1 0.365279 0.975759 0.0927156 0.0480247
1 0.797461 0.811326 0.114257 0.111129
1 0.0188365 0.939532 0.0375812 0.067966
1 0.149642 0.973853 0.0908321 0.0521346
0 0.444272 0.787927 0.147828 0.167153
1 0.312248 0.0278197 0.0910751 0.0554859
1 0.020191 0.174253 0.0401538 0.0803293
1 0.0239599 0.287055 0.0477385 0.0795913
