0 0.921492 0.391939 0.11474 0.157238
0 0.833605 0.375153 0.0994147 0.137925
0 0.570419 0.300813 0.12605 0.169085
0 0.238169 0.906516 0.114856 0.140297
0 0.553115 0.582774 0.111068 0.144731
0 0.740139 0.340122 0.113145 0.174023
1 0.295157 0.516296 0.109906 0.126279
1 0.86922 0.820616 0.111265 0.114222
1 0.697965 0.771396 0.113558 0.134396
0 0.388992 0.261634 0.118924 0.177627
1 0.288075 0.258322 0.105054 0.14611
1 0.335308 0.702357 0.0999615 0.109415
1 0.0646143 0.849889 0.128655 0.165123
1 0.0862808 0.241626 0.10775 0.153976
1 0.0600228 0.541142 0.120046 0.147148
1 0.383708 0.533476 0.101783 0.130073
1 0.427328 0.717203 0.105621 0.113877
0 0.150794 0.887533 0.102917 0.138375
1 0.959796 0.837004 0.0781081 0.147386
1 0.604768 0.752601 0.0973698 0.124412
1 0.165717 0.653848 0.110109 0.146215
1 0.187965 0.242271 0.0921615 0.137267
1 0.82143 0.637315 0.108249 0.122513
0 0.980471 0.409374 0.0384731 0.137934
0 0.203761 0.498933 0.088585 0.126051
1 0.463517 0.56469 0.115208 0.158014
1 0.511428 0.955793 0.0940585 0.0884149
0 0.114518 0.0821979 0.0421815 0.0550383
0 0.737029 0.621364 0.109118 0.134292
1 0.638488 0.604816 0.113024 0.140199
1 0.91469 0.658988 0.112643 0.145844
1 0.709483 0.979746 0.104478 0.0400889
0 0.648968 0.338444 0.106114 0.132087
1 0.334664 0.930987 0.10413 0.122514
0 0.422387 0.949249 0.112212 0.100642
0 0.519724 0.7408 0.108413 0.118123
1 0.473414 0.294945 0.103918 0.145241
1 0.602832 0.961179 0.09893 0.0776424
1 0.422934 0.948584 0.112898 0.100234
1 0.777044 0.799526 0.0930524 0.105785
0 0.332438 0.934055 0.107221 0.129591
1 0.254156 0.673877 0.11207 0.1355
1 0.518569 0.739784 0.10457 0.116293
1 0.976964 0.671291 0.0459254 0.118568
1 0.648438 0.339016 0.110731 0.132976
1 0.205765 0.500389 0.0869329 0.129607
1 0.734156 0.627468 0.101547 0.119301
1 0.153336 0.886918 0.106711 0.134424
1 0.0237882 0.779345 0.0470371 0.0923007
1 0.389259 0.259553 0.119872 0.173893
