1 0.277981 0.233959 0.101966 0.128027
0 0.459913 0.215931 0.109937 0.149364
2 0.630327 0.938071 0.266788 0.123548
1 0.482039 0.365605 0.0913862 0.101422
0 0.306553 0.383104 0.103791 0.147148
1 0.142488 0.0387672 0.102942 0.0771338
1 0.0980449 0.25963 0.0954882 0.139197
0 0.846027 0.745265 0.0857934 0.0688857
1 0.369486 0.227421 0.105073 0.143011
1 0.129589 0.43 0.093073 0.0960226
1 0.547892 0.201702 0.111043 0.149463
1 0.0430664 0.434009 0.0861328 0.115247
1 0.726508 0.168331 0.0986245 0.131244
1 0.0287673 0.263544 0.0575345 0.112137
1 0.185992 0.24626 0.0938689 0.127382
3 0.28742 0.775955 0.209433 0.107602
0 0.636084 0.180961 0.0941517 0.153258
1 0.238758 0.0267287 0.0866818 0.0531179
0 0.760219 0.319441 0.139685 0.14616
1 0.913243 0.142329 0.102893 0.16016
1 0.934394 0.303089 0.130853 0.178882
2 0.878117 0.579084 0.243766 0.111212
1 0.395264 0.377721 0.101613 0.114437
0 0.658261 0.345142 0.0885409 0.109754
0 0.976345 0.133702 0.0469544 0.114133
1 0.047604 0.0478097 0.0943223 0.0952792
0 0.216654 0.396081 0.0971087 0.130589
1 0.335165 0.0178705 0.0943058 0.0354631
1 0.976831 0.133168 0.0461404 0.115191
1 0.21642 0.395398 0.0964315 0.130865
2 0.347692 0.634604 0.690529 0.129379
1 0.990744 0.301681 0.0182732 0.0823919
