0 0.165136 0.284485 0.0912155 0.0818534
1 0.489549 0.469086 0.103684 0.100056
1 0.529625 0.623695 0.115559 0.130013
0 0.395998 0.0867292 0.0691656 0.0668863
1 0.48063 0.85893 0.145484 0.12386
1 0.816465 0.931697 0.173569 0.135232
0 0.179582 0.497239 0.102063 0.0851348
0 0.467926 0.338761 0.0975358 0.112204
1 0.194932 0.867362 0.216006 0.152165
1 0.165632 0.409558 0.092938 0.104964
1 0.564599 0.034091 0.0973253 0.068182
1 0.78069 0.0550045 0.127307 0.108934
0 0.677853 0.535831 0.155379 0.14
1 0.940077 0.109571 0.119306 0.0922379
1 0.781658 0.801693 0.191265 0.17866
1 0.138585 0.64719 0.137137 0.106132
1 0.553037 0.35953 0.0723844 0.0705932
1 0.217293 0.968258 0.206101 0.0624378
1 0.598143 0.21275 0.0816638 0.0960408
1 0.295052 0.384204 0.0716952 0.0964841
0 0.230363 0.185948 0.0838635 0.0866206
1 0.633548 0.162751 0.0769458 0.0736731
1 0.0633062 0.0135105 0.0867708 0.0268634
1 0.829023 0.743227 0.0860231 0.0644295
