1 0.631082 0.245672 0.0986447 0.0974013
1 0.511053 0.325291 0.0784128 0.0904577
1 0.370317 0.648019 0.119072 0.104637
1 0.10728 0.654685 0.132902 0.138986
1 0.855491 0.679384 0.0818896 0.11366
0 0.747522 0.239041 0.0933397 0.102204
1 0.39484 0.18416 0.0961941 0.101503
1 0.943114 0.47535 0.104887 0.104717
1 0.671972 0.0697493 0.124454 0.110966
1 0.964114 0.324442 0.0709512 0.0945778
1 0.754601 0.818062 0.102533 0.103653
1 0.831686 0.429673 0.0803838 0.0881464
0 0.67278 0.0675871 0.120679 0.106356
0 0.179536 0.440677 0.137258 0.0792361
1 0.178226 0.439182 0.132266 0.0732001
0 0.583212 0.924171 0.0660996 0.0712717
0 0.798877 0.524409 0.0570161 0.0611103
1 0.583264 0.923889 0.0669369 0.0699937
0 0.0242697 0.853719 0.0485007 0.102046
1 0.945433 0.0359413 0.103783 0.0717731
