1 0.0555937 0.920257 0.111187 0.133337
1 0.554771 0.195375 0.0900866 0.123586
1 0.786179 0.0838285 0.115259 0.101931
1 0.352475 0.326997 0.131636 0.0926399
1 0.416341 0.555944 0.0911689 0.0799799
0 0.304161 0.0452516 0.0780458 0.0905032
1 0.332397 0.236974 0.0878544 0.0646311
1 0.120741 0.112822 0.0550194 0.0725506
1 0.501415 0.880996 0.116239 0.10465
1 0.737818 0.210661 0.114046 0.115962
1 0.308253 0.891834 0.133731 0.141665
1 0.635006 0.888466 0.0678725 0.110056
1 0.208908 0.0951691 0.114131 0.122838
1 0.961681 0.705834 0.0757954 0.13414
2 0.389982 0.0675043 0.0869368 0.134491
0 0.409086 0.898597 0.0746607 0.095865
1 0.0388559 0.100317 0.0673157 0.12476
1 0.0281066 0.774865 0.0559429 0.0619391
0 0.273078 0.486455 0.068394 0.0686845
1 0.0545112 0.0225886 0.109001 0.0449806
