2 0.904242 0.483384 0.11773 0.319239
1 0.864426 0.109029 0.119026 0.121541
1 0.922015 0.0573329 0.128105 0.114666
1 0.614991 0.527888 0.0867387 0.098828
1 0.645066 0.283782 0.109929 0.109271
1 0.0785146 0.366212 0.147895 0.150892
1 0.521764 0.513376 0.0938862 0.111889
1 0.0521358 0.0614115 0.10394 0.120511
1 0.431557 0.502865 0.0909293 0.120456
1 0.626566 0.836325 0.105106 0.122826
1 0.737758 0.0445683 0.142321 0.0885806
1 0.710884 0.517134 0.0937785 0.129508
1 0.251172 0.761834 0.0967465 0.119509
1 0.454195 0.270677 0.103224 0.110394
1 0.865385 0.863328 0.125349 0.147478
1 0.517912 0.822647 0.113372 0.132859
0 0.744583 0.858793 0.12266 0.147858
1 0.798533 0.163004 0.122571 0.122658
1 0.741676 0.228894 0.12844 0.114009
1 0.214878 0.154445 0.132141 0.150635
0 0.348074 0.503112 0.131941 0.14751
0 0.389597 0.0840694 0.159484 0.168139
1 0.270282 0.041899 0.127406 0.083168
1 0.406092 0.807974 0.113522 0.14287
1 0.126498 0.127929 0.158745 0.175193
1 0.595349 0.107948 0.0952892 0.143801
1 0.54636 0.270326 0.1195 0.14352
0 0.291432 0.200801 0.147638 0.169536
1 0.373995 0.240478 0.107443 0.121881
1 0.963315 0.0279657 0.0727963 0.0552208
1 0.961271 0.873501 0.0774097 0.160955
1 0.0316218 0.93014 0.0626318 0.138084
0 0.152483 0.427662 0.143404 0.162141
0 0.67989 0.070446 0.14167 0.140482
1 0.151877 0.426218 0.137402 0.158089
0 0.862528 0.863006 0.119085 0.149229
0 0.300169 0.515544 0.0591322 0.0883476
1 0.29272 0.203457 0.15179 0.174558
0 0.102887 0.947509 0.139813 0.101128
1 0.341476 0.97844 0.104217 0.0429939
1 0.679238 0.067991 0.143428 0.135982
0 0.373647 0.240189 0.106983 0.122265
1 0.0699871 0.680531 0.136801 0.152444
1 0.102461 0.951212 0.139737 0.097577
0 0.961476 0.874845 0.0769966 0.166074
1 0.0303694 0.630097 0.0607388 0.112844
1 0.0319936 0.311315 0.0635832 0.155581
1 0.202525 0.963584 0.0765463 0.072238
0 0.218665 0.963634 0.108315 0.0720675
