1 0.360326 0.640981 0.114411 0.0943447
1 0.149896 0.439165 0.155614 0.10232
0 0.438733 0.216444 0.0832005 0.0675396
1 0.17999 0.546969 0.115746 0.0943926
1 0.104629 0.256947 0.0915204 0.111819
1 0.190754 0.246476 0.107511 0.112475
0 0.182771 0.642192 0.109874 0.0787423
0 0.519606 0.256447 0.10382 0.105934
0 0.598279 0.438149 0.104348 0.0682137
0 0.430795 0.340482 0.1178 0.0985142
0 0.191421 0.244321 0.100802 0.112563
1 0.520679 0.257304 0.101 0.107032
0 0.955084 0.532611 0.0888436 0.173671
3 0.885581 0.0544327 0.150537 0.107653
