1 0.933371 0.193056 0.133259 0.138855
1 0.497391 0.155295 0.144262 0.147157
1 0.519934 0.896097 0.138458 0.130957
1 0.825395 0.0816572 0.143218 0.141676
1 0.420931 0.08642 0.133882 0.137766
1 0.769309 0.373087 0.12869 0.119978
1 0.930067 0.565221 0.139866 0.143963
1 0.561867 0.257507 0.116862 0.119717
1 0.889238 0.277509 0.141682 0.125815
2 0.263768 0.38628 0.229866 0.233286
1 0.965676 0.0973323 0.0676963 0.123183
1 0.749261 0.166865 0.154583 0.158127
1 0.942046 0.965261 0.0511534 0.0524964
1 0.347449 0.050521 0.15162 0.100622
1 0.962813 0.679299 0.0738358 0.0811479
1 0.880391 0.0316043 0.108943 0.0632086
0 0.629039 0.755006 0.132818 0.115938
2 0.475796 0.559194 0.245461 0.249977
1 0.823828 0.478716 0.128528 0.0949097
0 0.854079 0.908613 0.139764 0.127577
1 0.693089 0.280188 0.151264 0.171138
2 0.325041 0.677641 0.300548 0.281432
0 0.742345 0.64307 0.103985 0.109655
1 0.857023 0.910805 0.138934 0.129752
1 0.266971 0.0168735 0.0674302 0.0337356
1 0.742609 0.643979 0.104448 0.107255
0 0.824094 0.480417 0.122274 0.0950841
