1 0.146788 0.529924 0.101705 0.0807467
1 0.110639 0.158563 0.0920216 0.0908503
1 0.337493 0.541689 0.0759326 0.0536178
1 0.535027 0.476706 0.0927764 0.08334
1 0.292506 0.116934 0.112987 0.0527951
1 0.0733556 0.762259 0.109135 0.0910112
1 0.109915 0.277953 0.0949783 0.0735229
1 0.0243366 0.159982 0.0483603 0.104797
1 0.256561 0.971743 0.0973722 0.0561643
1 0.331802 0.366324 0.137042 0.0783786
0 0.506686 0.228587 0.161581 0.0700245
1 0.033775 0.397495 0.066984 0.059108
1 0.0262909 0.2772 0.0523102 0.0981231
1 0.693008 0.246805 0.116879 0.121465
1 0.312476 0.280426 0.142074 0.055977
0 0.503283 0.126942 0.138589 0.0930508
1 0.176315 0.107724 0.0476187 0.0413683
1 0.94423 0.244038 0.111516 0.138092
0 0.255493 0.0302322 0.117768 0.0599227
2 0.94392 0.244872 0.110694 0.137169
0 0.693702 0.247017 0.121374 0.122642
1 0.256778 0.0286103 0.110495 0.0566736
1 0.525348 0.342893 0.101918 0.0824656
