0 0.554821 0.421546 0.0699089 0.0876414
0 0.526548 0.66284 0.109576 0.12313
0 0.482096 0.909015 0.0626986 0.0952663
0 0.385945 0.929141 0.0814653 0.113181
0 0.407805 0.751559 0.0871451 0.0719569
1 0.761719 0.962672 0.0618064 0.0731754
0 0.85993 0.931338 0.0938082 0.135758
0 0.554478 0.902708 0.0806545 0.0848727
1 0.252801 0.94525 0.066487 0.0818444
0 0.388358 0.582587 0.0958407 0.0566902
3 0.130126 0.953802 0.111235 0.0912477
0 0.953607 0.637829 0.0883106 0.115032
1 0.19565 0.608695 0.0851981 0.0898478
0 0.501342 0.987537 0.0652249 0.0247951
