0 0.935515 0.778938 0.0793788 0.113798
1 0.818788 0.394522 0.0759146 0.105536
1 0.91348 0.387352 0.082643 0.131373
1 0.826719 0.621944 0.129289 0.148737
1 0.808614 0.964502 0.129165 0.0688733
0 0.714026 0.616069 0.0953002 0.141271
1 0.417474 0.972462 0.104847 0.0548015
1 0.850765 0.775081 0.0798032 0.114509
1 0.382456 0.769265 0.0644974 0.104042
1 0.936443 0.602983 0.0798602 0.127547
1 0.978215 0.389751 0.0432317 0.12884
0 0.241088 0.763102 0.0842556 0.137976
1 0.945086 0.968028 0.109145 0.0639433
0 0.766609 0.775382 0.0822282 0.129665
1 0.683068 0.764113 0.0748197 0.142823
0 0.0619276 0.967948 0.123588 0.0638177
1 0.329375 0.61852 0.0851814 0.135347
1 0.916491 0.240376 0.0871754 0.101528
1 0.579648 0.967198 0.087562 0.0655284
2 0.5 0.441749 1 0.883499
0 0.54534 0.773798 0.0748789 0.124623
0 0.91599 0.240349 0.0881965 0.106547
1 0.986126 0.587479 0.0270247 0.0976996
1 0.768049 0.772726 0.0788655 0.124877
1 0.317916 0.762041 0.0762553 0.143851
0 0.462661 0.769149 0.0853039 0.129922
