1 0.488764 0.821032 0.0619718 0.0793512
1 0.345296 0.408195 0.156036 0.162539
1 0.0419414 0.308057 0.0838829 0.104025
1 0.547982 0.0606614 0.147158 0.121323
1 0.631423 0.359265 0.137306 0.147766
1 0.0400056 0.962613 0.0800112 0.07411
3 0.755209 0.951057 0.141721 0.0972476
1 0.976857 0.0886122 0.0459615 0.101903
1 0.845668 0.384264 0.19356 0.15504
1 0.339771 0.736965 0.106462 0.128618
1 0.149786 0.74751 0.0832172 0.0663269
1 0.343377 0.96278 0.109973 0.0741127
0 0.340441 0.737696 0.109553 0.128634
1 0.961644 0.683405 0.0767114 0.167102
0 0.483622 0.688141 0.0961427 0.0815786
