0 0.525725 0.485686 0.168205 0.147699
1 0.519399 0.89168 0.103529 0.0989399
0 0.447385 0.606325 0.143202 0.153523
1 0.633712 0.154927 0.140147 0.139221
1 0.949138 0.943615 0.0996678 0.11277
1 0.461052 0.111399 0.113372 0.126243
1 0.0982669 0.418645 0.111372 0.111165
1 0.135337 0.947956 0.123289 0.103524
1 0.589432 0.359721 0.110383 0.103113
1 0.835451 0.113936 0.0832567 0.0750356
0 0.122839 0.285014 0.11033 0.100295
1 0.309435 0.801288 0.111342 0.138443
0 0.343486 0.249743 0.107772 0.0795657
1 0.737528 0.240485 0.116459 0.110002
1 0.183241 0.682026 0.155663 0.139054
1 0.887761 0.0553236 0.111765 0.10909
1 0.815338 0.423302 0.10695 0.0961971
1 0.955681 0.741595 0.0885925 0.113301
1 0.970664 0.483624 0.0583142 0.0970299
0 0.955231 0.741252 0.0887587 0.116656
0 0.978381 0.640554 0.0426859 0.0521904
