1 0.0716331 0.219131 0.136198 0.148331
1 0.641838 0.40918 0.133524 0.135996
1 0.813094 0.804149 0.142117 0.144804
1 0.369853 0.6562 0.171991 0.157083
0 0.298636 0.140992 0.212894 0.182852
1 0.245758 0.527904 0.122449 0.12804
1 0.32625 0.467884 0.141532 0.142759
1 0.153898 0.301757 0.135831 0.12958
1 0.782182 0.292873 0.137907 0.120322
1 0.192592 0.0629615 0.0898314 0.0932549
1 0.714688 0.082957 0.112767 0.137349
1 0.650974 0.15478 0.136154 0.14535
1 0.581872 0.487651 0.128064 0.12931
1 0.959527 0.61465 0.0804296 0.144549
1 0.83198 0.208017 0.169505 0.170719
1 0.918252 0.682907 0.128285 0.130769
1 0.186063 0.598027 0.136719 0.147529
1 0.883194 0.0735063 0.160488 0.14482
1 0.851974 0.73047 0.102988 0.107896
1 0.930326 0.932318 0.12783 0.118195
1 0.213202 0.806234 0.209918 0.175395
1 0.0477695 0.718305 0.0949358 0.129275
1 0.306397 0.717206 0.144132 0.148387
1 0.0310196 0.448365 0.0619245 0.109355
1 0.72574 0.361149 0.14989 0.137341
1 0.522754 0.28792 0.135025 0.14783
1 0.590468 0.221769 0.120852 0.132164
1 0.964442 0.871917 0.0691994 0.122208
1 0.491702 0.526356 0.169269 0.18087
1 0.450116 0.341602 0.12565 0.131139
1 0.928603 0.158039 0.142794 0.136184
2 0.594283 0.952531 0.182105 0.094276
1 0.0376663 0.0244092 0.0726837 0.0485412
1 0.788875 0.0407518 0.145918 0.0811265
1 0.864745 0.962591 0.122842 0.073987
1 0.368755 0.400509 0.100102 0.103734
1 0.675847 0.90946 0.129196 0.126677
1 0.110442 0.0460657 0.137157 0.0917473
1 0.437131 0.596472 0.136078 0.146596
1 0.463139 0.0261872 0.0983199 0.0523084
1 0.215699 0.227386 0.123884 0.144751
1 0.0314176 0.153958 0.0628352 0.148268
1 0.788315 0.902636 0.0855004 0.0838542
1 0.788011 0.983663 0.0699209 0.0324943
1 0.723668 0.838547 0.106523 0.114309
