0 0.302359 0.209762 0.131173 0.136532
1 0.436523 0.458543 0.125298 0.110366
1 0.681443 0.937405 0.107722 0.122886
1 0.37902 0.694066 0.143813 0.111809
1 0.349991 0.780007 0.131127 0.10178
1 0.5007 0.266378 0.104206 0.112058
1 0.625793 0.1283 0.106262 0.113417
1 0.339526 0.063337 0.147083 0.126674
1 0.412186 0.532916 0.121776 0.097438
1 0.76273 0.952644 0.105287 0.0941346
1 0.521437 0.730632 0.127169 0.0933332
1 0.449455 0.960602 0.145961 0.0784764
1 0.496691 0.820792 0.127471 0.0881202
1 0.773042 0.58682 0.119878 0.130263
1 0.226115 0.425017 0.131527 0.0911973
1 0.461399 0.0871002 0.111196 0.131825
1 0.245162 0.32004 0.132747 0.122788
0 0.424359 0.234449 0.101539 0.113201
1 0.198428 0.514644 0.139375 0.135149
1 0.542803 0.661309 0.120791 0.104134
1 0.946087 0.61799 0.106403 0.120311
1 0.920235 0.772802 0.123046 0.154045
1 0.556496 0.574115 0.14587 0.114581
1 0.844735 0.960117 0.0967791 0.0793822
1 0.830561 0.740654 0.114754 0.136308
1 0.580883 0.277793 0.11362 0.127653
0 0.394894 0.616632 0.138483 0.097613
1 0.744773 0.710098 0.132954 0.151231
1 0.47218 0.895973 0.148201 0.106266
1 0.700659 0.160879 0.112051 0.141847
1 0.591532 0.4967 0.150681 0.10913
0 0.747194 0.710296 0.131806 0.15278
1 0.394172 0.616801 0.139648 0.100135
1 0.424319 0.234138 0.101502 0.114632
1 0.929482 0.969407 0.0987432 0.0609164
1 0.976926 0.781782 0.0456119 0.135832
