1 0.616826 0.695389 0.104973 0.114959
1 0.249392 0.679535 0.117879 0.0833054
1 0.0418999 0.574245 0.0817699 0.072916
1 0.693059 0.744601 0.101121 0.104553
1 0.396144 0.677145 0.0931889 0.0680979
1 0.399399 0.777085 0.119611 0.0926552
1 0.400558 0.957715 0.0927026 0.0715916
1 0.0552293 0.683573 0.110459 0.091579
1 0.609681 0.959517 0.122583 0.0793242
1 0.0547361 0.782028 0.109472 0.0932828
1 0.0443583 0.872094 0.088527 0.0782843
1 0.247753 0.572473 0.114784 0.0719032
1 0.259853 0.766528 0.119092 0.0795094
0 0.395141 0.574777 0.0939641 0.0818666
1 0.261999 0.961186 0.119566 0.0776287
1 0.0643255 0.962403 0.126717 0.0742357
1 0.755171 0.867987 0.102638 0.0886617
1 0.605224 0.868336 0.115822 0.079186
1 0.753627 0.954434 0.08814 0.079143
0 0.400807 0.866596 0.115846 0.0772383
0 0.264487 0.872054 0.116168 0.0865476
1 0.263532 0.873659 0.118106 0.0828812
