1 0.6724 0.414397 0.113172 0.114251
1 0.270843 0.632975 0.136728 0.125467
1 0.290872 0.485182 0.113881 0.107475
1 0.511479 0.475024 0.133059 0.177316
1 0.324194 0.223349 0.128345 0.118886
1 0.870065 0.663799 0.153082 0.133361
0 0.0492028 0.370048 0.0984057 0.10913
1 0.483035 0.184731 0.151798 0.126692
1 0.22753 0.795604 0.231177 0.142818
1 0.569435 0.7381 0.139787 0.118726
0 0.726964 0.0330575 0.0840185 0.0658541
1 0.134807 0.257495 0.163693 0.157341
1 0.94108 0.390537 0.11648 0.124554
1 0.0351915 0.504101 0.0703829 0.0957163
0 0.135506 0.257371 0.166967 0.160063
1 0.980159 0.0176221 0.0388522 0.0344131
