1 0.225596 0.677271 0.145384 0.142095
1 0.819822 0.757059 0.144455 0.124215
1 0.401889 0.550428 0.142501 0.146034
1 0.145721 0.738236 0.129615 0.141198
1 0.236295 0.397738 0.163663 0.143521
1 0.0656505 0.333202 0.131301 0.143378
1 0.0758071 0.782411 0.123498 0.123444
1 0.621826 0.400462 0.148562 0.136689
1 0.274108 0.903298 0.108705 0.118148
1 0.398626 0.0712339 0.132462 0.140744
1 0.0888733 0.508405 0.126356 0.13491
1 0.151606 0.464879 0.119013 0.130146
1 0.467598 0.10936 0.128458 0.136362
1 0.729402 0.662831 0.177298 0.137531
0 0.793305 0.918295 0.148001 0.159161
1 0.354322 0.216753 0.158099 0.171792
1 0.215519 0.102291 0.119027 0.147641
1 0.337302 0.609103 0.133531 0.13057
1 0.32947 0.0387238 0.112659 0.0774476
1 0.447261 0.257856 0.1472 0.139387
1 0.691897 0.334038 0.135878 0.120028
1 0.103594 0.0866138 0.0780197 0.0838958
1 0.2899 0.159783 0.127561 0.127058
1 0.549377 0.726946 0.136884 0.150786
1 0.209897 0.948983 0.141055 0.101882
1 0.761193 0.26192 0.166439 0.145669
1 0.462186 0.669601 0.179609 0.16079
1 0.531074 0.154737 0.13272 0.155216
1 0.479549 0.962144 0.12038 0.0750817
0 0.763539 0.263729 0.170372 0.148445
1 0.335913 0.835556 0.156258 0.160118
1 0.0408257 0.58634 0.0812289 0.136612
1 0.0287754 0.833984 0.0571798 0.110069
1 0.0287993 0.111154 0.0575986 0.117015
1 0.864836 0.96631 0.113993 0.0668566
1 0.0247335 0.390904 0.0491827 0.102471
1 0.552713 0.987798 0.0709971 0.0244044
