1 0.918053 0.264752 0.105881 0.109336
1 0.453766 0.381106 0.132603 0.151908
0 0.448644 0.186335 0.12835 0.112232
0 0.563829 0.843393 0.0745623 0.0726854
1 0.0949887 0.2391 0.124127 0.12884
1 0.252922 0.275428 0.0996474 0.109931
1 0.634982 0.678276 0.0882275 0.0898665
1 0.784038 0.719057 0.12261 0.101652
0 0.590667 0.250233 0.0764832 0.065528
0 0.887169 0.907315 0.139171 0.126177
0 0.734514 0.591588 0.125952 0.131853
1 0.887503 0.907347 0.140793 0.127006
1 0.360346 0.315175 0.124036 0.118022
0 0.751642 0.645115 0.0845883 0.0762565
1 0.950697 0.639032 0.0978833 0.167457
