1 0.702675 0.458574 0.146703 0.134577
1 0.934201 0.36945 0.131599 0.173624
1 0.581348 0.377729 0.131677 0.127297
0 0.546054 0.129541 0.11187 0.105742
1 0.915904 0.0826282 0.110839 0.106643
1 0.537867 0.450121 0.140231 0.130142
1 0.671878 0.53811 0.157253 0.141303
1 0.945448 0.1662 0.107141 0.168432
1 0.660527 0.158944 0.131366 0.14519
1 0.787739 0.735298 0.128167 0.120543
1 0.7259 0.207723 0.126006 0.151663
1 0.605454 0.607087 0.166519 0.131967
0 0.79377 0.267495 0.12301 0.149044
1 0.794332 0.26904 0.127188 0.147362
1 0.838084 0.0483173 0.115898 0.0960694
0 0.859866 0.315785 0.131697 0.131505
1 0.859295 0.317043 0.129797 0.129238
1 0.84749 0.671816 0.149792 0.14423
