2 0.27094 0.683728 0.137907 0.216985
1 0.445051 0.929905 0.0789137 0.114807
1 0.1642 0.1582 0.0591536 0.0867921
1 0.649467 0.433453 0.0720048 0.112325
1 0.583924 0.927065 0.0676378 0.105304
1 0.863578 0.752895 0.0708908 0.105786
0 0.944789 0.156602 0.0833807 0.101789
1 0.652381 0.625566 0.0705924 0.117032
0 0.44822 0.1431 0.0770613 0.137231
1 0.937527 0.912808 0.0635366 0.101737
0 0.0478557 0.333909 0.0951176 0.101878
1 0.79621 0.150381 0.0643889 0.109327
1 0.242769 0.331215 0.0843315 0.0899268
0 0.364438 0.438792 0.0815755 0.108193
1 0.789927 0.743454 0.0729699 0.113122
1 0.864283 0.620526 0.0740627 0.112204
0 0.235497 0.15615 0.0442753 0.0828703
1 0.655123 0.750474 0.0716934 0.0978961
1 0.0379701 0.430969 0.074961 0.0925906
1 0.360179 0.924672 0.0779667 0.106535
1 0.721127 0.612585 0.0564981 0.0957346
0 0.729086 0.150021 0.0723226 0.119576
1 0.364502 0.328631 0.06134 0.0968399
1 0.858576 0.319042 0.0608479 0.0960168
0 0.575439 0.626863 0.0707753 0.111688
1 0.654835 0.15593 0.0648888 0.0878502
1 0.362657 0.147515 0.0846783 0.101548
1 0.800917 0.926329 0.0820999 0.111313
0 0.521893 0.158987 0.073377 0.100745
0 0.155582 0.330398 0.0777343 0.0903866
0 0.655015 0.154106 0.0649602 0.0877359
1 0.235238 0.929159 0.118935 0.0947229
1 0.516272 0.756093 0.0681329 0.0962889
1 0.938695 0.745562 0.0769387 0.125234
0 0.363749 0.146623 0.0829152 0.102858
0 0.445296 0.759166 0.0829185 0.092072
1 0.579978 0.323716 0.0638312 0.0857906
1 0.866786 0.92281 0.0590773 0.097302
0 0.0271634 0.156235 0.0543268 0.0782589
1 0.720713 0.739851 0.0623729 0.102173
1 0.58836 0.755324 0.0707171 0.0986049
1 0.162427 0.441355 0.0884091 0.0951737
1 0.268363 0.437243 0.101243 0.110531
1 0.652376 0.326739 0.0685141 0.0948515
1 0.0337855 0.760064 0.0561079 0.0911012
1 0.131682 0.931495 0.0692285 0.109781
1 0.516991 0.926167 0.0594567 0.101086
1 0.470003 0.621455 0.136606 0.110682
1 0.788339 0.430388 0.0613985 0.0884315
0 0.50364 0.369539 0.0768492 0.23704
0 0.579486 0.426723 0.0610008 0.092464
1 0.364681 0.44014 0.0802016 0.104266
0 0.267744 0.436419 0.102551 0.10818
1 0.855268 0.429776 0.0694933 0.0952544
0 0.585049 0.158426 0.0645502 0.0933268
1 0.0347371 0.623472 0.0650693 0.0862925
0 0.360293 0.924926 0.0804447 0.106503
1 0.986107 0.923235 0.0275944 0.114838
1 0.935714 0.322678 0.0741034 0.0976208
1 0.576404 0.62619 0.0717571 0.113639
1 0.579676 0.428332 0.0624633 0.0969248
1 0.935689 0.375749 0.0866091 0.204301
1 0.434529 0.432044 0.0639108 0.0898121
1 0.65843 0.927784 0.0804322 0.118743
1 0.717059 0.423082 0.0679805 0.0895769
0 0.71766 0.424089 0.0684192 0.0870951
1 0.861596 0.156515 0.0659111 0.103165
0 0.0335739 0.759549 0.0618118 0.0903292
