0 0.561233 0.539549 0.125769 0.113892
1 0.553575 0.048954 0.145111 0.097908
1 0.848364 0.243035 0.121336 0.127536
1 0.280983 0.51663 0.130064 0.133671
1 0.693794 0.118651 0.0970314 0.103782
1 0.828795 0.104927 0.148816 0.137205
1 0.0810573 0.619373 0.111459 0.107368
1 0.111194 0.303459 0.123923 0.117176
1 0.707737 0.217924 0.137571 0.135534
1 0.110233 0.0660882 0.129611 0.130998
1 0.226828 0.186386 0.123605 0.118982
1 0.892633 0.855644 0.113569 0.118468
1 0.917565 0.183922 0.107663 0.110862
1 0.628432 0.451573 0.124785 0.102895
1 0.0619936 0.121845 0.123987 0.140458
1 0.0539653 0.367875 0.1075 0.143432
1 0.826786 0.591171 0.126881 0.123832
1 0.175296 0.572505 0.159154 0.143225
1 0.31376 0.113113 0.115532 0.119192
1 0.769567 0.672352 0.087512 0.0784179
1 0.590627 0.0994551 0.114666 0.115626
1 0.3732 0.345586 0.125718 0.125855
1 0.537734 0.835559 0.0946603 0.102087
1 0.196621 0.966649 0.0859699 0.0661783
1 0.169654 0.244496 0.123729 0.119546
1 0.452619 0.812137 0.0640258 0.0940992
1 0.118407 0.9613 0.0754524 0.0750701
1 0.50978 0.320878 0.139803 0.131611
1 0.753718 0.768124 0.128572 0.0891776
1 0.87454 0.511177 0.137033 0.121372
1 0.331368 0.409341 0.103722 0.100428
1 0.939861 0.463871 0.118175 0.11848
1 0.766116 0.0572842 0.140433 0.114568
1 0.255351 0.0546916 0.118295 0.109383
1 0.755981 0.874229 0.153704 0.0842597
1 0.0373949 0.957305 0.0747898 0.0853901
1 0.456963 0.256894 0.11313 0.107991
0 0.57065 0.388082 0.129197 0.113934
1 0.641819 0.169066 0.111197 0.110568
1 0.777859 0.292232 0.15295 0.150927
1 0.20608 0.776387 0.0772722 0.109258
1 0.0303387 0.18497 0.0600696 0.121495
1 0.130993 0.769248 0.0892041 0.140787
1 0.963806 0.393302 0.070084 0.121284
0 0.975943 0.728877 0.0478082 0.0979996
1 0.183383 0.027744 0.101607 0.0553182
1 0.474853 0.0216363 0.0900261 0.0432726
1 0.573499 0.389247 0.134912 0.120056
1 0.384392 0.453664 0.0773417 0.0771909
0 0.287048 0.795598 0.0908739 0.155385
0 0.208669 0.776544 0.0836228 0.112791
1 0.374664 0.812292 0.0807965 0.113092
1 0.279467 0.974422 0.088198 0.0509019
0 0.542909 0.654859 0.0985919 0.0922202
0 0.778225 0.292394 0.153337 0.153388
1 0.0355147 0.678207 0.0710295 0.0898905
1 0.971871 0.862383 0.0560446 0.0958849
1 0.368757 0.97447 0.0883188 0.0508571
1 0.0285052 0.766883 0.0569551 0.0812562
1 0.542836 0.655535 0.0983372 0.0917455
0 0.971949 0.85971 0.0552008 0.0914369
1 0.716636 0.0239677 0.0808563 0.0478082
