2 0.259509 0.356587 0.199838 0.184294
0 0.853167 0.514477 0.0824902 0.171208
1 0.896582 0.733801 0.0814734 0.0924685
0 0.766489 0.513967 0.0736208 0.1727
1 0.385191 0.77863 0.10206 0.111628
1 0.42155 0.56525 0.0903761 0.0994021
1 0.728345 0.763628 0.0909034 0.136322
0 0.689143 0.509171 0.0855732 0.170251
1 0.479488 0.76194 0.0810626 0.0942008
1 0.118978 0.790554 0.180886 0.158307
1 0.504493 0.947071 0.103086 0.105386
2 0.675227 0.30909 0.0907524 0.178867
1 0.083522 0.721295 0.166807 0.17559
1 0.210375 0.928837 0.177156 0.142326
1 0.155863 0.87189 0.181412 0.161103
1 0.56556 0.775097 0.092759 0.140694
1 0.811786 0.742482 0.0907515 0.0984404
0 0.606871 0.520005 0.0827323 0.164569
2 0.40944 0.362187 0.0981259 0.172035
1 0.0552487 0.643583 0.110067 0.132174
1 0.325611 0.540879 0.0937574 0.148981
0 0.937448 0.503762 0.0820484 0.170136
0 0.647033 0.767698 0.0751297 0.12407
1 0.261548 0.959782 0.192361 0.0797608
1 0.513116 0.549299 0.101655 0.111933
1 0.608031 0.942925 0.0924183 0.11415
1 0.942098 0.974793 0.0783951 0.050342
2 0.499867 0.351521 0.105185 0.168087
1 0.689329 0.509842 0.0854657 0.172608
0 0.967154 0.733859 0.0651009 0.112192
1 0.858542 0.9625 0.0826092 0.0726357
1 0.0383618 0.556011 0.0763298 0.114807
1 0.93034 0.321606 0.0797024 0.177353
0 0.989763 0.508941 0.0200741 0.154218
1 0.966233 0.733963 0.0671749 0.108244
1 0.501864 0.349256 0.106009 0.165219
1 0.0860332 0.0280255 0.172066 0.0554702
1 0.773599 0.983027 0.0794766 0.0339456
1 0.691034 0.985629 0.0785687 0.0287415
1 0.117297 0.357545 0.0819003 0.145332
1 0.644772 0.769002 0.0770385 0.130301
