2 0.447623 0.307377 0.26225 0.171063
2 0.44953 0.43058 0.159067 0.176854
1 0.676835 0.660196 0.131931 0.169706
1 0.933119 0.604267 0.133763 0.187481
1 0.91183 0.815878 0.17634 0.168149
1 0.449073 0.0775837 0.108778 0.153229
2 0.654544 0.481104 0.14485 0.160699
1 0.81423 0.0523432 0.17555 0.103232
1 0.946266 0.35432 0.10706 0.184056
2 0.813467 0.0516487 0.183963 0.10263
0 0.481931 0.848037 0.119561 0.103505
1 0.617745 0.861766 0.133859 0.148788
0 0.525634 0.675338 0.0760673 0.0856273
1 0.65421 0.479576 0.145946 0.162301
1 0.776735 0.297144 0.174329 0.137378
1 0.286983 0.0306977 0.111476 0.0613953
1 0.957104 0.93124 0.0839738 0.0565073
3 0.113459 0.0701338 0.139919 0.139086
1 0.567174 0.77574 0.0476027 0.057948
