1 0.344235 0.383533 0.123484 0.121733
1 0.512957 0.690336 0.14479 0.132936
1 0.147678 0.793911 0.123949 0.145452
1 0.718547 0.761312 0.115848 0.10884
1 0.585267 0.924144 0.202672 0.139905
1 0.733202 0.315046 0.128887 0.167379
1 0.458717 0.574093 0.107565 0.10549
1 0.57788 0.337898 0.104862 0.130548
1 0.440972 0.867283 0.0686879 0.0689673
1 0.531304 0.807385 0.170471 0.147128
1 0.737054 0.912025 0.130373 0.118609
1 0.0458569 0.472531 0.0910459 0.143032
1 0.691262 0.621812 0.161569 0.159279
0 0.0463971 0.473429 0.0927942 0.143642
0 0.0291927 0.688311 0.0583854 0.136121
