0 0.770257 0.208451 0.0806415 0.125722
2 0.258701 0.857702 0.277143 0.284596
1 0.270789 0.656553 0.129885 0.11549
1 0.925737 0.572995 0.147839 0.172209
1 0.0719504 0.592571 0.143742 0.17353
1 0.384491 0.177249 0.138307 0.13289
1 0.507709 0.0545295 0.137362 0.109031
1 0.549636 0.728659 0.136465 0.123018
1 0.595152 0.786978 0.136532 0.123038
1 0.6405 0.566773 0.154311 0.13341
1 0.551068 0.275671 0.118861 0.111374
1 0.494364 0.950835 0.142479 0.0980903
1 0.855501 0.8797 0.149838 0.131658
1 0.261242 0.360393 0.152958 0.122168
0 0.210188 0.592231 0.151436 0.114525
1 0.686196 0.630551 0.151349 0.13546
1 0.734426 0.690556 0.147824 0.129901
1 0.340139 0.241908 0.152066 0.137455
1 0.769248 0.0289496 0.0828824 0.057659
1 0.316014 0.719503 0.139892 0.127877
1 0.299575 0.303916 0.136192 0.112688
1 0.91818 0.0275447 0.0756005 0.0550894
1 0.905102 0.937794 0.148004 0.118099
1 0.687687 0.036011 0.072324 0.072022
1 0.611467 0.0358633 0.080454 0.0714427
1 0.209402 0.42001 0.127285 0.108276
1 0.6576 0.839559 0.162871 0.136128
1 0.953363 0.972775 0.0932748 0.0543594
1 0.590242 0.220258 0.090301 0.0959839
1 0.681864 0.211456 0.097186 0.120752
1 0.357582 0.775405 0.116027 0.114996
1 0.927575 0.209955 0.0758965 0.129316
1 0.847924 0.210663 0.0706724 0.133306
1 0.477671 0.408546 0.105589 0.0981607
0 0.436275 0.123562 0.128011 0.118675
0 0.776819 0.355655 0.0849597 0.149343
1 0.771849 0.752496 0.13393 0.114546
1 0.74132 0.949218 0.141818 0.100924
0 0.854635 0.354142 0.0742478 0.127652
1 0.699955 0.896567 0.155697 0.135934
0 0.507427 0.653651 0.151766 0.137045
1 0.814862 0.818546 0.147227 0.134128
1 0.468029 0.583123 0.142942 0.119217
1 0.977078 0.0256432 0.0456157 0.0510712
0 0.429722 0.500002 0.154417 0.165881
1 0.55996 0.48893 0.0949969 0.111117
0 0.701297 0.898383 0.152007 0.132976
1 0.621018 0.30489 0.112033 0.122016
1 0.851669 0.0282444 0.0579169 0.0563192
1 0.981503 0.206519 0.0366189 0.13318
1 0.140435 0.731663 0.132569 0.111173
1 0.406885 0.985298 0.0718101 0.0294048
0 0.680773 0.215908 0.101827 0.128349
0 0.985814 0.338299 0.027681 0.107177
1 0.549699 0.988284 0.0566626 0.0234313
