0 0.221516 0.0829493 0.135355 0.165729
1 0.313718 0.741227 0.157817 0.132239
1 0.340245 0.839248 0.141269 0.118976
1 0.515786 0.734265 0.182222 0.0960481
1 0.206146 0.477729 0.12922 0.0991055
1 0.329342 0.373443 0.125085 0.125215
1 0.598853 0.505788 0.127129 0.156741
1 0.178295 0.385221 0.139248 0.122013
1 0.54516 0.936949 0.141958 0.125315
1 0.0773968 0.820671 0.150094 0.120997
1 0.77338 0.310079 0.136966 0.145887
1 0.1153 0.932231 0.128191 0.0797043
1 0.041416 0.627574 0.0819587 0.121849
2 0.883923 0.438707 0.231552 0.367091
1 0.0857244 0.100543 0.157419 0.138148
0 0.513996 0.457092 0.12373 0.131394
1 0.339274 0.108036 0.127418 0.156886
1 0.533892 0.827062 0.136094 0.0914094
1 0.410683 0.969579 0.168295 0.0604613
1 0.356019 0.921773 0.179329 0.118184
1 0.419816 0.15109 0.121168 0.136601
0 0.596975 0.229238 0.133808 0.147517
1 0.0539354 0.727044 0.107098 0.115538
1 0.278045 0.656966 0.141888 0.115585
1 0.114385 0.19944 0.170458 0.144725
1 0.134195 0.969528 0.130488 0.0602133
0 0.887876 0.0578711 0.215707 0.114462
0 0.0282295 0.517619 0.0561224 0.103342
1 0.678972 0.267586 0.132174 0.143422
1 0.508618 0.184636 0.137533 0.151769
1 0.418192 0.43829 0.131111 0.136749
0 0.520913 0.634436 0.0986627 0.0801175
2 0.850547 0.709838 0.298906 0.265612
0 0.506362 0.185501 0.136608 0.155855
1 0.246477 0.565484 0.168384 0.145092
0 0.417336 0.436054 0.133049 0.132632
0 0.0834097 0.103208 0.158617 0.147983
0 0.24673 0.566199 0.166644 0.151115
2 0.825047 0.889067 0.160231 0.198324
