2 0.322321 0.536134 0.214554 0.173453
2 0.47793 0.663481 0.175732 0.190416
1 0.922479 0.761229 0.141577 0.154714
1 0.853763 0.821463 0.14196 0.163061
1 0.939391 0.947209 0.113096 0.104892
1 0.645836 0.957436 0.109091 0.084462
1 0.719168 0.920693 0.136095 0.149339
1 0.0666192 0.856137 0.133238 0.126185
1 0.115572 0.917526 0.155616 0.128054
2 0.774388 0.382691 0.225948 0.189165
2 0.556136 0.138685 0.22754 0.214105
1 0.212966 0.260991 0.0950935 0.0921402
1 0.955824 0.0802609 0.0876055 0.160484
1 0.556856 0.140071 0.230852 0.218789
1 0.79279 0.888699 0.133635 0.127641
1 0.0402185 0.963924 0.0791573 0.0721524
1 0.983703 0.89551 0.0320983 0.0614636
3 0.775574 0.382541 0.224569 0.188794
1 0.963204 0.0437606 0.0730107 0.0864612
1 0.0311827 0.701621 0.0617691 0.100241
