1 0.525031 0.150135 0.119608 0.087867
1 0.709691 0.24177 0.105662 0.0746788
1 0.929498 0.711001 0.121402 0.0860475
1 0.100495 0.305214 0.111541 0.0825394
1 0.120109 0.134885 0.138124 0.0800154
1 0.688434 0.704452 0.125214 0.0836021
1 0.930163 0.0895265 0.135741 0.0970472
1 0.911515 0.886971 0.12552 0.0853561
1 0.530043 0.240752 0.150503 0.0904403
1 0.931328 0.262273 0.13397 0.0902239
1 0.268967 0.680729 0.142967 0.0809572
1 0.0927199 0.752118 0.140322 0.0876629
1 0.683127 0.338579 0.142157 0.0961893
1 0.922853 0.798118 0.142928 0.0922091
1 0.31348 0.138778 0.115131 0.0768262
1 0.496138 0.520395 0.117483 0.0854765
0 0.912821 0.548236 0.141241 0.0924189
1 0.668848 0.784951 0.149183 0.078576
1 0.648119 0.950235 0.143469 0.0812547
0 0.0891795 0.494031 0.10753 0.0801165
1 0.305116 0.319057 0.1165 0.0907966
1 0.111792 0.584701 0.144151 0.0867504
1 0.517285 0.338904 0.181751 0.107052
1 0.323918 0.0546352 0.128058 0.0860658
1 0.114424 0.850926 0.107661 0.115122
1 0.109455 0.218537 0.120932 0.085977
1 0.519613 0.876239 0.108308 0.107782
1 0.137137 0.0533196 0.139248 0.0914979
1 0.7084 0.527858 0.130984 0.0998046
1 0.490819 0.60907 0.136812 0.0873826
1 0.247336 0.96184 0.0919402 0.0758135
1 0.481711 0.693695 0.13145 0.0821087
1 0.299019 0.22613 0.127701 0.085319
1 0.718286 0.158342 0.119788 0.0924534
1 0.680972 0.866902 0.135083 0.0821747
1 0.278404 0.596133 0.140126 0.0878062
1 0.259209 0.75614 0.167813 0.0844998
1 0.703346 0.618169 0.134048 0.0840815
1 0.912282 0.962201 0.101505 0.0700459
1 0.0999677 0.667716 0.126784 0.0814524
1 0.514873 0.963127 0.109526 0.0734937
1 0.499613 0.774338 0.129944 0.0815359
1 0.716596 0.0716387 0.101478 0.0778065
1 0.929011 0.174906 0.137717 0.0767074
1 0.270395 0.857661 0.124182 0.113876
1 0.272727 0.507781 0.163943 0.0958641
1 0.913129 0.632518 0.131454 0.0692804
2 0.115684 0.851435 0.103382 0.109545
0 0.271667 0.507257 0.163172 0.0941575
0 0.548263 0.0606852 0.153718 0.0868946
0 0.111959 0.948196 0.103567 0.079836
1 0.711353 0.0168767 0.0719893 0.0333447
