0 0.467579 0.310547 0.139582 0.112903
1 0.394391 0.572693 0.0953841 0.104721
0 0.492003 0.561974 0.0785488 0.0892549
1 0.566264 0.712027 0.082864 0.0819471
1 0.0573676 0.118455 0.0814504 0.0933068
1 0.343313 0.701432 0.0837287 0.0888171
1 0.637221 0.6191 0.10745 0.121964
1 0.195923 0.130795 0.132405 0.119713
1 0.903935 0.499437 0.113538 0.121738
0 0.496395 0.704964 0.0585141 0.0885642
1 0.054694 0.680737 0.108272 0.172499
3 0.0539844 0.67885 0.107214 0.170756
1 0.567725 0.512462 0.0726299 0.0741649
