1 0.385808 0.419226 0.209587 0.119569
1 0.354046 0.281917 0.112096 0.089449
1 0.36023 0.535882 0.123564 0.10919
1 0.0725308 0.464069 0.0759569 0.100161
1 0.193433 0.886842 0.108648 0.0982553
1 0.33954 0.0355058 0.118106 0.0704834
1 0.394568 0.108935 0.0904385 0.0861166
1 0.370957 0.198261 0.0980352 0.0716095
1 0.146722 0.0624183 0.088544 0.124837
1 0.0575197 0.0650688 0.0897884 0.130138
1 0.226103 0.0474281 0.0794348 0.0924655
1 0.218441 0.978692 0.0899844 0.0422723
1 0.119254 0.646745 0.074756 0.0871204
1 0.0701358 0.277672 0.0918091 0.143367
1 0.0740327 0.843525 0.0845608 0.0804188
0 0.323809 0.651621 0.161703 0.167585
1 0.323324 0.649954 0.16668 0.173372
1 0.156658 0.452745 0.087782 0.110474
1 0.21006 0.66186 0.0836324 0.106037
1 0.0406041 0.671359 0.0804827 0.125159
0 0.0187007 0.854714 0.0369956 0.0935862
1 0.151053 0.255476 0.0711685 0.0983301
0 0.209329 0.654478 0.0818802 0.120277
0 0.0402787 0.668676 0.0801487 0.124945
1 0.0134032 0.462586 0.0267229 0.112223
