1 0.21383 0.617217 0.133325 0.0849805
1 0.147706 0.0939699 0.15564 0.0992618
1 0.439629 0.693393 0.125226 0.121462
1 0.668907 0.49029 0.0926645 0.0996132
1 0.323313 0.348222 0.151318 0.097748
1 0.554035 0.868299 0.0865426 0.110149
1 0.1743 0.261253 0.119167 0.0954136
1 0.733361 0.132338 0.138695 0.122032
1 0.178702 0.355884 0.141443 0.109879
1 0.735441 0.254001 0.126342 0.114515
1 0.221286 0.699775 0.135984 0.0970129
1 0.562932 0.492067 0.0821283 0.10243
1 0.308542 0.0810567 0.130266 0.0935745
1 0.157681 0.174115 0.122731 0.0910609
1 0.38189 0.604968 0.135212 0.107835
1 0.667954 0.0630666 0.114588 0.124636
1 0.310323 0.170626 0.129955 0.0844443
1 0.227189 0.791286 0.138287 0.0865505
1 0.892711 0.401067 0.117353 0.0725735
1 0.727902 0.716109 0.0985794 0.124582
1 0.316959 0.257434 0.151755 0.0911948
1 0.889124 0.138904 0.140596 0.0812532
1 0.903296 0.484203 0.124074 0.089359
1 0.338225 0.432416 0.155779 0.0803335
1 0.362736 0.884437 0.0819087 0.10734
1 0.908091 0.704998 0.0799104 0.133924
1 0.544184 0.331087 0.0931461 0.127158
1 0.883558 0.0542195 0.127586 0.0860078
1 0.552501 0.715911 0.0847321 0.142917
1 0.668684 0.347058 0.160227 0.133795
1 0.519749 0.0618071 0.0937626 0.0674344
1 0.727282 0.857182 0.0884815 0.146501
1 0.766941 0.47128 0.0922835 0.120981
0 0.186531 0.441421 0.127372 0.0772436
1 0.810581 0.712792 0.107911 0.147904
1 0.308938 0.0181879 0.11096 0.0359653
1 0.235062 0.88621 0.108245 0.0854946
1 0.888987 0.309116 0.122071 0.0794669
1 0.133084 0.0292234 0.143673 0.0579668
1 0.455907 0.860963 0.104694 0.120118
1 0.642264 0.861618 0.0892582 0.121782
1 0.354659 0.52221 0.116219 0.0675027
1 0.633266 0.717381 0.0795312 0.133215
1 0.0195679 0.729238 0.0389101 0.0705607
1 0.88243 0.220419 0.13423 0.0794559
1 0.821577 0.868079 0.0834255 0.104502
1 0.511046 0.0169524 0.0681847 0.0339047
1 0.00729325 0.889127 0.0141318 0.0828507
