1 0.212101 0.0852331 0.171407 0.154101
1 0.926691 0.896126 0.139149 0.107631
1 0.741954 0.464505 0.0904768 0.121963
1 0.394759 0.419326 0.107679 0.125922
1 0.0770936 0.437903 0.117264 0.13476
1 0.146995 0.488379 0.119086 0.113625
1 0.771973 0.0562929 0.159548 0.111023
1 0.937444 0.699844 0.124955 0.10284
1 0.933706 0.793838 0.132587 0.0861998
1 0.227834 0.534191 0.114468 0.130086
1 0.580836 0.444609 0.0878533 0.104423
1 0.100383 0.726511 0.11793 0.135017
1 0.59359 0.848956 0.132719 0.128519
1 0.710969 0.859364 0.0978951 0.130636
0 0.157954 0.935581 0.108127 0.127623
1 0.517671 0.0807088 0.13934 0.108632
1 0.941241 0.599821 0.117519 0.118291
1 0.0443799 0.69526 0.0880923 0.133769
1 0.278996 0.0357066 0.116402 0.0712651
1 0.490363 0.435477 0.101404 0.126758
1 0.715191 0.624568 0.136583 0.143052
1 0.186381 0.793685 0.137476 0.137409
1 0.0612647 0.901485 0.122529 0.156718
1 0.0702934 0.247583 0.106221 0.119173
1 0.484762 0.969815 0.090768 0.0600953
0 0.282514 0.816397 0.109132 0.129661
1 0.517116 0.208877 0.0938852 0.102391
1 0.542713 0.614391 0.0945361 0.131497
0 0.388629 0.833001 0.0915641 0.121248
1 0.0281338 0.405817 0.0561927 0.112153
0 0.382504 0.957903 0.103444 0.0838599
1 0.602359 0.972605 0.101966 0.0547711
1 0.957156 0.292587 0.0846591 0.0848839
1 0.631841 0.213933 0.12867 0.12754
1 0.084965 0.0262232 0.11866 0.0521352
1 0.668093 0.461274 0.0902932 0.108071
1 0.318476 0.396225 0.1176 0.129685
1 0.920084 0.980695 0.145318 0.0382713
1 0.455984 0.169768 0.117648 0.155278
1 0.284198 0.961363 0.0998343 0.0770729
1 0.202805 0.340504 0.130847 0.142571
1 0.706809 0.973309 0.0994631 0.0529214
1 0.156869 0.935519 0.109479 0.128111
1 0.0321585 0.222011 0.064317 0.136473
1 0.390297 0.832562 0.096226 0.123205
1 0.95158 0.391 0.0966332 0.118816
1 0.947281 0.504004 0.104135 0.0816569
1 0.734786 0.214928 0.0969819 0.147426
1 0.297255 0.555573 0.12165 0.15011
1 0.423193 0.597741 0.0930393 0.131643
1 0.946803 0.440999 0.105905 0.207275
0 0.423484 0.598008 0.0974777 0.135297
0 0.621857 0.0423875 0.101112 0.0841476
0 0.203466 0.34264 0.134399 0.15051
1 0.622954 0.0429768 0.10218 0.0855712
0 0.0322005 0.223494 0.0642589 0.138884
0 0.736117 0.212936 0.0993593 0.147356
0 0.285393 0.958058 0.102071 0.0838623
0 0.632278 0.214263 0.12922 0.130778
1 0.132064 0.295286 0.126452 0.134892
