1 0.458115 0.166827 0.0937791 0.0945196
1 0.845246 0.909947 0.104352 0.0850008
1 0.942549 0.475461 0.113446 0.123195
1 0.56553 0.724004 0.166115 0.140821
1 0.81053 0.522325 0.124015 0.0742364
0 0.810184 0.522867 0.124175 0.0774167
0 0.708908 0.778242 0.163828 0.143651
2 0.0852534 0.634401 0.170079 0.270964
0 0.868835 0.791541 0.133852 0.16412
2 0.0396996 0.890063 0.0789135 0.157569
1 0.709241 0.777325 0.166451 0.14549
2 0.950513 0.100707 0.0989741 0.111495
3 0.347184 0.684749 0.317666 0.21289
1 0.950579 0.100741 0.0988424 0.111377
1 0.535863 0.0391916 0.0531672 0.0520357
1 0.315074 0.063909 0.0792685 0.0764695
1 0.0398083 0.890939 0.0785893 0.147254
1 0.271599 0.664956 0.167041 0.165418
