2 0.920946 0.28728 0.158107 0.186423
1 0.25857 0.945981 0.121454 0.107395
2 0.417475 0.111478 0.107142 0.222014
0 0.625116 0.838537 0.153029 0.121303
1 0.342208 0.644221 0.10305 0.106213
1 0.655651 0.0617444 0.167729 0.121693
1 0.833588 0.830695 0.0914829 0.0844952
1 0.253161 0.116505 0.178755 0.152186
2 0.236104 0.386938 0.272499 0.296773
1 0.798596 0.866798 0.0972691 0.083945
1 0.896683 0.526057 0.117577 0.105344
1 0.826527 0.955559 0.0961565 0.0886712
1 0.758273 0.406112 0.105809 0.102252
1 0.969273 0.640361 0.0614537 0.0846553
2 0.477564 0.478075 0.186229 0.430145
0 0.689516 0.779968 0.12522 0.120818
1 0.897959 0.760135 0.106941 0.107028
1 0.283906 0.590779 0.123835 0.120746
1 0.924799 0.472004 0.133385 0.120906
1 0.693674 0.301866 0.0947967 0.08591
1 0.972995 0.830592 0.0537295 0.0774751
1 0.950474 0.869607 0.0990429 0.101957
1 0.117985 0.0621787 0.165517 0.12353
1 0.779222 0.938226 0.079077 0.0832939
1 0.0614481 0.568554 0.119348 0.108395
1 0.574582 0.933686 0.0989295 0.0978792
1 0.933686 0.721398 0.104216 0.0961754
1 0.611079 0.206763 0.0933448 0.0914159
1 0.946921 0.417062 0.105906 0.126684
1 0.168092 0.662476 0.120318 0.107584
1 0.614223 0.961921 0.0965655 0.0757756
3 0.491341 0.5292 0.167387 0.526992
1 0.670437 0.980706 0.0673738 0.0385374
1 0.892178 0.96764 0.131237 0.0644907
1 0.105774 0.618066 0.0930434 0.0868032
1 0.356066 0.97958 0.0887431 0.040674
0 0.952881 0.689339 0.0942374 0.107449
3 0.0683396 0.844992 0.135965 0.147003
1 0.0392372 0.375765 0.0781224 0.146339
1 0.740979 0.904404 0.0819943 0.0897547
0 0.0662557 0.843695 0.132511 0.13886
1 0.627174 0.1385 0.0777148 0.0796968
1 0.649481 0.261209 0.086139 0.0807512
1 0.949794 0.692894 0.100411 0.116078
1 0.229724 0.384103 0.267089 0.295867
