2 0.187585 0.284905 0.206042 0.132185
2 0.713185 0.364537 0.335722 0.161038
2 0.0581032 0.528214 0.115448 0.241577
2 0.163251 0.171952 0.212638 0.14498
2 0.372728 0.454042 0.242647 0.251879
3 0.37454 0.451344 0.255489 0.253577
2 0.70991 0.26576 0.346252 0.349895
2 0.789755 0.199624 0.156308 0.208519
2 0.384281 0.118334 0.192401 0.124468
1 0.221909 0.0340329 0.115732 0.0678698
1 0.0303489 0.203702 0.060462 0.0802404
1 0.380636 0.114004 0.185045 0.118054
1 0.17944 0.219734 0.1117 0.0649038
1 0.547262 0.0912692 0.127477 0.142912
0 0.320463 0.0218331 0.105636 0.0435115
2 0.561136 0.136755 0.160559 0.238458
