1 0.369767 0.580521 0.126286 0.129624
1 0.926118 0.237333 0.131363 0.108161
1 0.545068 0.860488 0.146821 0.128327
1 0.836594 0.542804 0.129974 0.130817
1 0.705397 0.907506 0.142333 0.126069
1 0.742616 0.812217 0.183146 0.140627
1 0.594232 0.66416 0.13524 0.139077
1 0.253641 0.95536 0.126012 0.0892802
1 0.0678601 0.752513 0.117169 0.102504
0 0.128504 0.464347 0.121467 0.12611
1 0.946305 0.127199 0.106954 0.130814
1 0.302355 0.774205 0.154644 0.136471
1 0.769645 0.708372 0.124048 0.135187
1 0.243517 0.118528 0.159455 0.129345
1 0.687395 0.401896 0.146495 0.117344
0 0.804928 0.0824352 0.155806 0.146518
1 0.424243 0.417992 0.137025 0.127762
0 0.215207 0.23356 0.162607 0.162875
1 0.0490333 0.832786 0.0950466 0.100255
1 0.868533 0.446113 0.128287 0.101246
1 0.103905 0.571513 0.114621 0.114304
1 0.732691 0.294096 0.160028 0.154344
1 0.969159 0.781841 0.0611882 0.118571
1 0.650093 0.483112 0.119203 0.121382
2 0.435232 0.305913 0.222646 0.149997
1 0.745871 0.19407 0.141191 0.122735
0 0.86861 0.333909 0.172621 0.142186
1 0.820491 0.0242797 0.138034 0.0484586
1 0.273976 0.884951 0.12892 0.114615
1 0.434155 0.304805 0.223013 0.148524
1 0.957414 0.888934 0.0841763 0.119839
1 0.550479 0.0429307 0.124519 0.0855491
0 0.498324 0.947933 0.126855 0.103615
1 0.314687 0.675129 0.167383 0.135216
1 0.286841 0.0314736 0.136909 0.062669
1 0.867654 0.336305 0.171474 0.149004
1 0.574666 0.761547 0.143348 0.123847
0 0.512815 0.132891 0.14194 0.150584
1 0.694855 0.976956 0.137822 0.0457771
0 0.573517 0.76338 0.142849 0.123294
0 0.957844 0.040859 0.0838346 0.0811609
