1 0.484808 0.406447 0.131556 0.121919
1 0.920741 0.264608 0.15437 0.138345
1 0.582828 0.447251 0.104465 0.0981942
1 0.200347 0.540238 0.0977523 0.0923465
1 0.839064 0.611169 0.0900378 0.108979
1 0.697423 0.211384 0.113452 0.111819
1 0.558023 0.69492 0.113755 0.125761
1 0.865255 0.335924 0.134143 0.135098
1 0.309546 0.745933 0.10748 0.107231
1 0.334102 0.0493924 0.129352 0.0987848
1 0.701841 0.916558 0.101792 0.0853864
1 0.80708 0.399103 0.109296 0.100683
1 0.762371 0.134198 0.135665 0.122356
1 0.601458 0.0346111 0.0916303 0.0692222
1 0.104946 0.705285 0.112119 0.109437
1 0.264189 0.804467 0.0896024 0.0815886
1 0.226981 0.903499 0.154794 0.154463
1 0.298012 0.530414 0.0879811 0.118134
1 0.263805 0.121169 0.106446 0.118731
1 0.155696 0.636367 0.111239 0.108451
1 0.428931 0.937277 0.127966 0.12274
1 0.438846 0.241849 0.0915893 0.0746554
1 0.945606 0.577045 0.108415 0.117148
1 0.966827 0.493314 0.0652721 0.0971474
1 0.186895 0.155381 0.10244 0.14114
1 0.628498 0.958553 0.139667 0.0820435
1 0.146303 0.95806 0.0859374 0.07652
1 0.646879 0.271435 0.104252 0.102204
1 0.438417 0.632415 0.14513 0.148474
1 0.888752 0.04561 0.161857 0.0908301
1 0.466904 0.875545 0.14268 0.103508
1 0.808231 0.0695356 0.107223 0.115506
1 0.0395452 0.535205 0.0787386 0.12295
1 0.686768 0.772145 0.189558 0.185241
1 0.0908242 0.122873 0.0964881 0.128197
1 0.0604725 0.785144 0.119385 0.114961
1 0.452003 0.32422 0.100869 0.0619163
0 0.671128 0.527282 0.111278 0.114952
0 0.511662 0.158432 0.12053 0.106664
1 0.73221 0.592524 0.135722 0.14132
1 0.395859 0.560213 0.105396 0.108537
1 0.933745 0.877927 0.132511 0.128524
1 0.0511491 0.324382 0.101513 0.138347
1 0.693288 0.329725 0.118947 0.118797
0 0.0465755 0.443275 0.093151 0.107638
1 0.907316 0.906845 0.185369 0.183193
1 0.951361 0.189667 0.0968099 0.130388
1 0.035806 0.0837295 0.0710952 0.147012
0 0.685113 0.769553 0.188333 0.183212
1 0.659631 0.736852 0.130701 0.108053
0 0.39584 0.558171 0.103503 0.106635
1 0.401824 0.018841 0.076438 0.0375806
0 0.558692 0.109885 0.131795 0.0970168
1 0.0345257 0.852599 0.0686209 0.120137
1 0.970166 0.184631 0.0594203 0.0900012
1 0.106275 0.985162 0.0623502 0.0296173
0 0.443216 0.632205 0.144697 0.149698
1 0.390106 0.979753 0.087163 0.0402241
1 0.515868 0.158115 0.12531 0.103893
1 0.988252 0.43197 0.0230418 0.0517496
0 0.729892 0.594619 0.137819 0.146157
1 0.0465724 0.446159 0.0931449 0.112554
