1 0.650224 0.524451 0.126276 0.109855
1 0.288098 0.51885 0.117849 0.0861779
1 0.0833983 0.401001 0.128957 0.104064
1 0.667876 0.138018 0.107562 0.111045
1 0.283869 0.883762 0.128054 0.0976436
1 0.418334 0.885924 0.13574 0.106349
1 0.646122 0.623211 0.132268 0.0949346
1 0.427646 0.61057 0.13237 0.0921838
1 0.425201 0.794541 0.137862 0.0850636
1 0.638295 0.719265 0.120577 0.0912663
1 0.450113 0.325389 0.115685 0.0913765
1 0.0893131 0.30922 0.130608 0.0881872
1 0.296291 0.601883 0.122637 0.086787
1 0.462313 0.0424264 0.0859094 0.0842598
1 0.0684643 0.870785 0.124117 0.101826
1 0.656457 0.332937 0.127477 0.086876
1 0.776199 0.720122 0.133579 0.0880706
1 0.0613509 0.959248 0.120476 0.0797131
1 0.314012 0.209047 0.124488 0.0884317
1 0.796613 0.233353 0.128 0.0985072
1 0.321201 0.125104 0.11658 0.0840442
1 0.77484 0.90051 0.150327 0.0944979
1 0.9712 0.869947 0.057111 0.0969191
1 0.0685557 0.694427 0.129503 0.0836465
1 0.304411 0.417839 0.130785 0.102398
1 0.094899 0.209325 0.127536 0.0849699
1 0.284154 0.789803 0.119075 0.0838878
1 0.0926717 0.122397 0.124864 0.0871975
1 0.0808229 0.600226 0.131333 0.08973
1 0.307611 0.322504 0.127414 0.0921775
1 0.0788332 0.502722 0.142158 0.111327
0 0.768466 0.805558 0.129284 0.0804088
1 0.798062 0.126364 0.122364 0.0731825
0 0.652573 0.0417945 0.0962315 0.0829846
1 0.324679 0.0410265 0.120449 0.0813065
1 0.286882 0.695463 0.127279 0.100345
1 0.456451 0.121688 0.0884677 0.0695915
1 0.413452 0.96836 0.146358 0.0628614
1 0.278385 0.964585 0.123125 0.070009
1 0.627183 0.971261 0.116069 0.0572615
1 0.428884 0.704938 0.135545 0.0937972
1 0.429751 0.515693 0.134493 0.0940427
1 0.658712 0.234222 0.108814 0.0928178
1 0.778001 0.537396 0.107536 0.0826011
1 0.636865 0.89702 0.122192 0.0898975
1 0.779578 0.620171 0.13452 0.0785733
1 0.970036 0.65984 0.0582426 0.137259
1 0.966119 0.412426 0.0668535 0.111625
1 0.965247 0.96734 0.0689833 0.0648656
1 0.775341 0.973272 0.123374 0.0533085
1 0.798 0.32711 0.120147 0.094561
1 0.654969 0.414217 0.116074 0.0868698
1 0.0697226 0.775191 0.130721 0.0908772
1 0.0910787 0.0367084 0.121013 0.0725105
1 0.983427 0.194068 0.0326221 0.0916045
1 0.978455 0.292025 0.042742 0.107156
1 0.0124693 0.117646 0.0247255 0.101508
1 0.45424 0.22079 0.113922 0.0799893
1 0.772093 0.807088 0.131287 0.0790899
1 0.01007 0.309765 0.0198823 0.0922123
1 0.796652 0.0430732 0.135526 0.0860542
0 0.970748 0.779988 0.0580215 0.0878043
1 0.970699 0.780696 0.0578388 0.086313
1 0.631259 0.80251 0.0948291 0.0800501
0 0.803499 0.422265 0.106762 0.0808829
1 0.437244 0.417696 0.0891275 0.0570767
