0 0.528777 0.4494 0.0861897 0.113289
1 0.0617605 0.733532 0.123521 0.0989823
1 0.250258 0.774039 0.132629 0.102429
1 0.811537 0.943499 0.0865562 0.112901
1 0.449685 0.438907 0.0815033 0.108868
1 0.484015 0.132101 0.0762439 0.12556
1 0.23841 0.869144 0.130851 0.110654
1 0.0732485 0.44779 0.131112 0.104514
1 0.667394 0.166297 0.0903168 0.135222
1 0.272423 0.576263 0.0994519 0.070212
0 0.743879 0.731849 0.0879104 0.172493
1 0.0821148 0.346542 0.116219 0.112523
1 0.074081 0.540216 0.112773 0.0960642
1 0.72135 0.934412 0.0820005 0.113058
0 0.633794 0.901942 0.117396 0.149919
1 0.16058 0.368148 0.057702 0.089677
1 0.446186 0.880692 0.0857815 0.102845
1 0.0573779 0.82342 0.113899 0.0865052
0 0.559135 0.675894 0.0873461 0.119666
0 0.826942 0.741066 0.0972363 0.172625
0 0.809641 0.487976 0.0943429 0.13698
0 0.320151 0.476842 0.173734 0.173325
0 0.701478 0.488285 0.127807 0.147947
1 0.467075 0.705662 0.122993 0.165795
1 0.905752 0.950614 0.0890992 0.0987715
1 0.853339 0.182971 0.0880139 0.128735
1 0.0637273 0.638302 0.12702 0.106349
1 0.280062 0.651804 0.112992 0.0688776
1 0.532638 0.885053 0.099249 0.154052
1 0.599227 0.463916 0.0832157 0.160478
0 0.600237 0.461911 0.0785488 0.151889
1 0.914975 0.498744 0.154342 0.162074
0 0.905685 0.949792 0.0913298 0.0997891
0 0.467979 0.704818 0.124293 0.165185
0 0.532537 0.884345 0.103326 0.155383
1 0.974777 0.947829 0.0499933 0.104341
1 0.940659 0.207542 0.0737484 0.131379
2 0.919585 0.501289 0.16083 0.16617
1 0.305792 0.108655 0.0843542 0.142861
0 0.576559 0.146118 0.06493 0.101919
1 0.561581 0.676816 0.0873489 0.121303
0 0.936072 0.756531 0.0956945 0.167932
0 0.973272 0.945262 0.0521622 0.107947
0 0.983246 0.76459 0.0330148 0.151593
1 0.577442 0.14599 0.0630801 0.102965
