2 0.830104 0.865109 0.296641 0.2677
0 0.17128 0.486376 0.0931005 0.097962
1 0.288509 0.49569 0.106818 0.107428
0 0.300464 0.109874 0.112579 0.104297
1 0.804633 0.322787 0.0823424 0.083096
1 0.258636 0.162178 0.103755 0.0981179
1 0.383187 0.425859 0.102197 0.0969235
1 0.0297243 0.510331 0.0594487 0.0934103
1 0.0393541 0.232674 0.0787082 0.0936037
1 0.216173 0.0610983 0.0894623 0.0876223
1 0.71489 0.0495379 0.0919466 0.0912578
1 0.120013 0.158567 0.0929309 0.0888193
1 0.174613 0.207305 0.092802 0.0920083
0 0.782461 0.0968463 0.116154 0.128869
1 0.545907 0.225941 0.084352 0.0851709
1 0.18855 0.812717 0.0821952 0.0823642
0 0.61187 0.413634 0.120479 0.126207
1 0.946241 0.117611 0.107149 0.135538
1 0.163641 0.647094 0.105424 0.105223
1 0.0647171 0.908629 0.0969738 0.115249
1 0.393185 0.209648 0.107919 0.108825
1 0.0379101 0.689181 0.0758203 0.0986047
1 0.372713 0.655647 0.125763 0.132354
1 0.745568 0.283894 0.0869497 0.0890447
1 0.110307 0.305565 0.0949187 0.088255
0 0.269997 0.740205 0.104501 0.117075
1 0.889796 0.245101 0.115061 0.112758
1 0.829301 0.190898 0.11145 0.101911
1 0.645688 0.225923 0.100251 0.0933508
0 0.221151 0.259543 0.10323 0.0972695
1 0.0231158 0.645542 0.0456478 0.0775353
1 0.487513 0.305001 0.112475 0.10467
1 0.106229 0.728161 0.0755103 0.0727448
1 0.856087 0.0369724 0.0730259 0.0739449
0 0.433071 0.494337 0.14367 0.126901
0 0.254402 0.550518 0.101417 0.108385
1 0.561396 0.457238 0.103743 0.109315
1 0.50722 0.559926 0.079238 0.10412
1 0.223145 0.67746 0.0745364 0.08082
1 0.615396 0.0904227 0.0914862 0.0899787
1 0.822879 0.0193047 0.0787128 0.0385623
0 0.0543276 0.112983 0.0800389 0.0843157
0 0.32189 0.698176 0.123185 0.128916
1 0.33739 0.333613 0.0943962 0.0904838
1 0.978618 0.038433 0.0423174 0.0716983
1 0.103426 0.464748 0.0958712 0.12522
1 0.742162 0.35986 0.0833433 0.0863922
1 0.145492 0.851896 0.102247 0.123524
0 0.656726 0.349294 0.164847 0.180688
1 0.959313 0.0198349 0.0772324 0.0396698
1 0.893781 0.0751314 0.0883563 0.0891012
1 0.562054 0.0450731 0.118197 0.0901462
1 0.46585 0.113041 0.176779 0.153513
1 0.707877 0.18547 0.0960886 0.116541
1 0.959786 0.0381783 0.0802135 0.0756537
1 0.04672 0.451408 0.0764633 0.0855093
1 0.527817 0.0265592 0.075756 0.0531184
0 0.104352 0.459879 0.0871166 0.122382
2 0.147472 0.853091 0.109716 0.127851
0 0.677058 0.380222 0.113763 0.110902
1 0.268175 0.30017 0.126513 0.120741
1 0.221536 0.258828 0.105161 0.0991268
1 0.240286 0.77808 0.0666684 0.0741947
1 0.843901 0.285766 0.0777917 0.0724982
2 0.0651756 0.908703 0.100421 0.117867
1 0.0377377 0.368552 0.0745282 0.113494
