1 0.724902 0.526354 0.120793 0.118448
1 0.139906 0.0428392 0.107885 0.0819447
1 0.144408 0.103091 0.0867925 0.0501603
1 0.735644 0.610154 0.110837 0.0997176
0 0.275045 0.0390534 0.132118 0.0778158
0 0.731497 0.394688 0.221344 0.154703
1 0.140954 0.9153 0.136484 0.132589
1 0.778537 0.795019 0.0556192 0.0668931
0 0.703887 0.250908 0.196164 0.105712
0 0.947252 0.67207 0.105035 0.125588
1 0.930245 0.110597 0.0920734 0.102951
1 0.701778 0.251009 0.199603 0.10575
1 0.626048 0.884452 0.0931836 0.0955954
1 0.566787 0.380102 0.0813749 0.06648
0 0.957536 0.273156 0.0839677 0.074446
1 0.735845 0.811535 0.0605261 0.0625615
1 0.948066 0.672451 0.103832 0.124065
1 0.946825 0.0178563 0.10635 0.0354482
1 0.898052 0.860296 0.178227 0.13866
1 0.670677 0.0184965 0.0298572 0.0367153
1 0.729503 0.394656 0.219767 0.151394
1 0.418137 0.368026 0.0647007 0.0584061
1 0.970127 0.562364 0.0595393 0.0800445
1 0.71766 0.894394 0.132594 0.121372
1 0.459816 0.0294032 0.107434 0.0587117
