0 0.746078 0.822065 0.118793 0.135561
1 0.12939 0.110419 0.117153 0.0956825
0 0.90345 0.883712 0.128366 0.143017
1 0.75378 0.390399 0.095865 0.106343
1 0.520018 0.0639137 0.122578 0.11267
1 0.823007 0.240282 0.107651 0.132517
1 0.469335 0.14641 0.118827 0.133893
1 0.931664 0.0522571 0.112726 0.104172
1 0.359637 0.168747 0.0958028 0.0996168
0 0.373072 0.343132 0.177453 0.199306
1 0.139132 0.196938 0.136089 0.109958
1 0.599742 0.271209 0.158436 0.151225
0 0.915015 0.249732 0.10366 0.114386
1 0.509204 0.535112 0.0779939 0.0666001
1 0.646718 0.134306 0.117243 0.151946
1 0.94684 0.721222 0.10623 0.159229
1 0.67303 0.772914 0.1264 0.153357
1 0.937825 0.441543 0.12435 0.143614
1 0.706651 0.628912 0.136633 0.16387
1 0.484617 0.592921 0.12566 0.0899928
0 0.819586 0.855991 0.101934 0.103426
1 0.839961 0.43708 0.123502 0.124447
1 0.531643 0.428028 0.159519 0.142499
0 0.966392 0.292941 0.0660766 0.111954
0 0.965606 0.913437 0.0677763 0.124292
1 0.471996 0.672271 0.0834814 0.0726604
1 0.455976 0.738588 0.107516 0.0850375
1 0.705176 0.0342813 0.121237 0.0683989
1 0.6503 0.971685 0.129301 0.056061
0 0.271983 0.472687 0.135049 0.172173
2 0.412596 0.942222 0.19672 0.11496
0 0.673036 0.771809 0.123495 0.148798
1 0.8058 0.638054 0.0845798 0.0948421
1 0.426055 0.851218 0.185313 0.112961
2 0.396686 0.891165 0.244953 0.21689
1 0.0711921 0.0541145 0.142384 0.106993
1 0.915119 0.248124 0.0994301 0.112898
1 0.819107 0.859104 0.0982101 0.104093
0 0.981846 0.0508791 0.0355847 0.101758
0 0.882543 0.659737 0.103101 0.113491
