1 0.230516 0.430105 0.121848 0.128019
1 0.312747 0.3713 0.148623 0.158571
1 0.399665 0.175913 0.153603 0.14152
1 0.203804 0.144254 0.125144 0.103063
1 0.388291 0.324292 0.133567 0.143565
1 0.304302 0.0442941 0.132088 0.0883033
1 0.611404 0.0911054 0.123684 0.127796
1 0.351996 0.100059 0.142653 0.130066
1 0.187564 0.270905 0.13608 0.111944
1 0.477937 0.269564 0.105624 0.115064
1 0.102545 0.334747 0.116478 0.135469
1 0.580452 0.453849 0.149533 0.153363
1 0.672517 0.16197 0.137341 0.119753
1 0.153119 0.0687436 0.110961 0.107349
