0 0.564697 0.958813 0.110308 0.0823737
1 0.936055 0.583606 0.11981 0.137164
1 0.523276 0.61752 0.0968366 0.10248
1 0.327984 0.676814 0.0833803 0.0748348
1 0.846474 0.204012 0.106147 0.0877651
1 0.955205 0.211978 0.0895544 0.115298
1 0.874441 0.0266288 0.079376 0.052867
0 0.961752 0.350057 0.076237 0.116341
2 0.584861 0.17866 0.118572 0.111112
0 0.495075 0.762979 0.0845274 0.101791
1 0.783469 0.0365057 0.102618 0.072829
0 0.432654 0.633537 0.108716 0.095638
2 0.115547 0.0800828 0.102034 0.101335
1 0.739819 0.625968 0.129477 0.0967267
1 0.34303 0.314261 0.0729846 0.0619459
1 0.492931 0.763091 0.0860338 0.101129
3 0.117227 0.229612 0.100357 0.117415
3 0.835765 0.341462 0.159656 0.189103
2 0.633446 0.26856 0.154182 0.0905612
1 0.277717 0.57039 0.0785267 0.0889137
1 0.961821 0.0204314 0.0763586 0.0406403
1 0.977713 0.55426 0.0442966 0.0822595
2 0.833317 0.338295 0.152951 0.18325
