1 0.173328 0.355654 0.130756 0.13556
1 0.846072 0.891677 0.128753 0.130249
1 0.69914 0.788065 0.126708 0.121326
1 0.102802 0.467359 0.144163 0.14837
1 0.910123 0.941769 0.121266 0.116461
1 0.0975766 0.0478628 0.124108 0.0954699
1 0.634739 0.723491 0.136242 0.130221
1 0.683478 0.341891 0.12758 0.126793
1 0.701496 0.459103 0.133907 0.130321
1 0.312954 0.439971 0.121578 0.127546
1 0.955968 0.708638 0.0874493 0.117884
1 0.7752 0.84588 0.123531 0.125867
1 0.372501 0.222392 0.124537 0.127956
1 0.227318 0.575664 0.157096 0.17161
1 0.773051 0.52555 0.152311 0.143276
1 0.899648 0.656205 0.124528 0.131564
1 0.563312 0.844255 0.155816 0.160138
1 0.309986 0.163373 0.123737 0.127151
1 0.379595 0.825984 0.198808 0.200471
1 0.825663 0.332126 0.149226 0.138079
1 0.831492 0.595453 0.151956 0.156859
1 0.945067 0.0422413 0.109865 0.0844827
1 0.16681 0.0747984 0.118834 0.10942
1 0.528348 0.582441 0.146657 0.136702
1 0.246055 0.400759 0.140482 0.143844
1 0.0536377 0.241856 0.107275 0.115865
1 0.482989 0.239738 0.16373 0.169114
1 0.16582 0.51535 0.139438 0.144128
1 0.0504947 0.68283 0.100989 0.124078
1 0.24425 0.101649 0.144088 0.147255
1 0.0434956 0.420167 0.0868068 0.142709
1 0.646003 0.410326 0.0983983 0.0932818
1 0.556732 0.112309 0.160884 0.171661
1 0.10426 0.30835 0.1345 0.149167
1 0.496816 0.925392 0.17206 0.148123
1 0.945645 0.489911 0.108047 0.120849
1 0.965185 0.960554 0.0690067 0.0782504
1 0.214108 0.979679 0.0866312 0.0401242
1 0.320121 0.0216876 0.102334 0.0432568
1 0.781726 0.272204 0.127584 0.104187
1 0.585747 0.64954 0.142963 0.129807
1 0.46341 0.0906817 0.120768 0.116622
1 0.0261629 0.290618 0.0521121 0.0739803
1 0.424535 0.979583 0.0878477 0.0403938
2 0.894011 0.103077 0.191018 0.200085
1 0.298594 0.942241 0.14528 0.114559
1 0.878855 0.403454 0.125602 0.114154
1 0.086291 0.759924 0.134608 0.138041
1 0.69629 0.976726 0.100066 0.0461344
0 0.691185 0.975994 0.113956 0.0474987
2 0.942617 0.0435389 0.112981 0.086845
1 0.0264937 0.184209 0.0524522 0.110344
1 0.423811 0.16809 0.0807767 0.0751374
