1 0.356201 0.244426 0.0853806 0.105255
1 0.201285 0.562828 0.101858 0.103274
1 0.664241 0.729176 0.108602 0.114572
1 0.608945 0.545813 0.0939204 0.114453
1 0.191234 0.270069 0.0859329 0.130237
1 0.767142 0.0783205 0.110765 0.125966
1 0.270206 0.702555 0.105927 0.112859
1 0.600468 0.0435964 0.0757113 0.0862896
1 0.159816 0.702095 0.125313 0.138164
1 0.0313002 0.489611 0.0626005 0.111753
0 0.880935 0.35287 0.133889 0.163263
0 0.406956 0.385227 0.123785 0.117766
1 0.340177 0.467056 0.075709 0.101139
1 0.481026 0.103625 0.0820692 0.112093
1 0.486235 0.0245147 0.0718227 0.0488186
1 0.713434 0.633559 0.117497 0.120304
1 0.0677751 0.644053 0.13555 0.137895
1 0.69386 0.370234 0.0759184 0.10631
1 0.038423 0.357036 0.0768461 0.0912272
1 0.115289 0.264351 0.0729594 0.0873265
0 0.764905 0.401909 0.0688322 0.11209
1 0.544885 0.627697 0.0965325 0.0969253
1 0.902336 0.567475 0.101326 0.11526
1 0.969414 0.556611 0.0581758 0.111367
0 0.959963 0.375202 0.0798621 0.16607
1 0.833393 0.749073 0.126577 0.123173
1 0.461995 0.463986 0.0850933 0.108153
1 0.147455 0.600391 0.0968698 0.0838486
0 0.707378 0.184507 0.110174 0.108072
0 0.268769 0.248135 0.0767182 0.132724
1 0.269154 0.248688 0.075874 0.133918
0 0.899449 0.830894 0.115808 0.102266
1 0.562267 0.458971 0.099045 0.101299
0 0.553676 0.325692 0.102417 0.126244
1 0.908291 0.0698281 0.103996 0.139656
1 0.555918 0.322332 0.104891 0.12215
1 0.410694 0.565566 0.0844372 0.0689101
1 0.0231068 0.285417 0.0457841 0.086389
0 0.771319 0.289742 0.0810792 0.0805656
0 0.409396 0.565213 0.0856104 0.0701693
0 0.631881 0.801939 0.0764312 0.0686202
0 0.234649 0.107873 0.0793603 0.0964758
