1 0.632865 0.263598 0.080816 0.0986201
1 0.662784 0.725924 0.10111 0.122277
1 0.052961 0.81989 0.105222 0.119141
1 0.8726 0.654775 0.139384 0.125443
1 0.170459 0.276622 0.116353 0.116902
1 0.792467 0.237663 0.111073 0.133757
1 0.923942 0.476435 0.104235 0.0981548
1 0.287517 0.626272 0.187504 0.198107
1 0.818534 0.728701 0.100343 0.107583
2 0.289545 0.92027 0.108789 0.158438
0 0.0764114 0.605271 0.121671 0.15015
2 0.592685 0.101878 0.14107 0.169787
1 0.975855 0.821496 0.0480462 0.102293
2 0.820404 0.0712903 0.213059 0.142469
1 0.958958 0.914468 0.0798633 0.117503
1 0.529441 0.941922 0.110324 0.115654
1 0.433197 0.535067 0.0909508 0.0624011
1 0.592847 0.102413 0.143152 0.166272
1 0.503831 0.689542 0.0856249 0.116176
0 0.71184 0.960476 0.118759 0.079048
1 0.577376 0.707727 0.0989556 0.117721
1 0.419222 0.663585 0.104218 0.134016
1 0.924571 0.59252 0.101236 0.0899781
0 0.365465 0.144995 0.134741 0.13552
0 0.418701 0.663261 0.102547 0.135211
0 0.0114567 0.602157 0.0207227 0.120435
0 0.575561 0.70983 0.0977355 0.117123
1 0.0531751 0.910678 0.10635 0.0779064
1 0.407221 0.316362 0.218707 0.164844
2 0.406794 0.316135 0.217399 0.164488
1 0.712113 0.961006 0.114272 0.0779557
1 0.329478 0.645321 0.106009 0.150118
1 0.0493006 0.970836 0.0986012 0.057621
0 0.177668 0.634471 0.0539645 0.104683
