0 0.808639 0.545114 0.146881 0.13214
1 0.28895 0.837122 0.114166 0.102803
1 0.388626 0.336271 0.123125 0.121761
1 0.488553 0.200493 0.130893 0.122536
1 0.212117 0.563121 0.136671 0.130727
1 0.0597551 0.0975448 0.11951 0.125585
1 0.911066 0.392113 0.118484 0.106089
1 0.852754 0.043357 0.127116 0.086463
1 0.0581286 0.767661 0.106394 0.117594
1 0.330836 0.771873 0.145392 0.138925
1 0.338601 0.0876719 0.125016 0.111125
1 0.933169 0.951669 0.0927718 0.096276
1 0.763484 0.918334 0.0985 0.106308
1 0.172725 0.63561 0.133067 0.132305
1 0.597798 0.837899 0.102546 0.100559
1 0.1169 0.0453026 0.118244 0.0900988
1 0.583167 0.060839 0.119607 0.11427
1 0.955054 0.328209 0.0898926 0.123825
1 0.3869 0.677299 0.158227 0.155617
1 0.0383067 0.514991 0.0766135 0.104962
1 0.288337 0.15525 0.0964313 0.106355
0 0.841149 0.480964 0.120864 0.121729
1 0.227477 0.221375 0.0919248 0.101918
1 0.836807 0.955645 0.0973605 0.0887101
1 0.606844 0.391124 0.121662 0.121821
1 0.221417 0.915333 0.111799 0.104333
1 0.757236 0.172749 0.129768 0.118805
0 0.93908 0.747424 0.0913534 0.102172
1 0.33506 0.409206 0.119839 0.124634
1 0.479424 0.960338 0.105023 0.0787699
1 0.536777 0.110917 0.0872898 0.0817998
1 0.800414 0.111768 0.0898285 0.0979577
1 0.386953 0.0358444 0.109292 0.0716888
0 0.153283 0.954861 0.137737 0.0900286
0 0.842221 0.725528 0.121524 0.143041
1 0.127256 0.706233 0.138202 0.12477
1 0.0701113 0.435408 0.140223 0.165996
1 0.716823 0.690144 0.165117 0.18511
0 0.556077 0.456331 0.128168 0.123085
0 0.982634 0.74796 0.0344495 0.114236
1 0.438421 0.252054 0.0871037 0.0817537
1 0.642935 0.0348807 0.12224 0.0697614
1 0.0418857 0.174472 0.0830492 0.134265
1 0.47082 0.519322 0.183728 0.180995
1 0.031841 0.842046 0.0634168 0.0978346
1 0.172116 0.283592 0.126795 0.116524
1 0.555045 0.456369 0.125361 0.12209
1 0.0192564 0.936262 0.0381245 0.0907803
0 0.120514 0.951524 0.0710241 0.0792918
1 0.688032 0.131192 0.0915946 0.0940152
0 0.653877 0.905589 0.16256 0.188823
1 0.946632 0.0252153 0.0638566 0.0504306
1 0.908391 0.0109966 0.0462544 0.0219933
1 0.0205131 0.604795 0.0407864 0.0768112
0 0.172956 0.282301 0.127978 0.118243
1 0.980857 0.251441 0.03767 0.0952589
1 0.726614 0.246213 0.136535 0.111493
1 0.847427 0.718797 0.109115 0.121473
1 0.984878 0.95994 0.0299138 0.0793459
