2 0.917768 0.0706212 0.164465 0.141064
1 0.154729 0.770676 0.209719 0.192986
1 0.662832 0.460296 0.252017 0.194821
1 0.345673 0.264511 0.192526 0.184861
1 0.176694 0.223036 0.0861664 0.0902645
1 0.348787 0.911925 0.133218 0.149994
1 0.93787 0.384776 0.123836 0.140874
1 0.4942 0.944038 0.152009 0.110289
1 0.294569 0.868203 0.12606 0.136266
1 0.0976 0.521788 0.135297 0.135321
1 0.482421 0.368289 0.187911 0.165095
1 0.791703 0.568992 0.22333 0.216254
1 0.251082 0.593711 0.098562 0.096509
1 0.0526013 0.342241 0.104284 0.156288
1 0.645634 0.193865 0.201039 0.194404
1 0.205235 0.105939 0.235961 0.194412
3 0.791486 0.570457 0.225621 0.218779
1 0.429557 0.115538 0.111597 0.103267
1 0.772391 0.943455 0.185053 0.11208
0 0.530741 0.300846 0.168182 0.16516
0 0.0556326 0.605711 0.110663 0.147273
0 0.569663 0.247589 0.120389 0.114375
0 0.805381 0.296601 0.215822 0.184202
1 0.52536 0.0781527 0.16165 0.15287
1 0.471278 0.772062 0.117551 0.114891
1 0.197409 0.475659 0.138123 0.133373
2 0.206685 0.105013 0.235351 0.190476
0 0.490166 0.336017 0.200066 0.231784
0 0.79208 0.570705 0.226553 0.221386
3 0.804725 0.295126 0.218242 0.187441
0 0.61589 0.821268 0.211071 0.234402
1 0.355523 0.599337 0.09942 0.0972778
0 0.145168 0.409554 0.0813932 0.0878976
1 0.295162 0.531173 0.104569 0.114921
1 0.0424468 0.972181 0.0837948 0.0553496
1 0.615163 0.821351 0.211942 0.234311
