1 0.19402 0.835347 0.0849075 0.0679799
1 0.762462 0.398495 0.132871 0.0962757
1 0.091739 0.600473 0.119353 0.103427
0 0.234313 0.240412 0.0751801 0.100176
1 0.324747 0.24017 0.0957361 0.150987
1 0.771767 0.491464 0.118158 0.0718652
1 0.0574281 0.493525 0.114459 0.0866829
1 0.765141 0.310644 0.115681 0.0952443
1 0.0704931 0.805305 0.0890496 0.0512551
0 0.0872263 0.722675 0.116265 0.067948
3 0.564678 0.337313 0.100438 0.150754
0 0.542391 0.444743 0.086207 0.0637795
1 0.0281427 0.290367 0.0556539 0.1105
1 0.0875704 0.722644 0.116668 0.0669155
1 0.885645 0.436953 0.0787957 0.0518442
0 0.0568602 0.494942 0.11372 0.0842916
0 0.968495 0.490689 0.0624511 0.11077
0 0.381265 0.347017 0.0845114 0.103646
0 0.0761792 0.805137 0.101754 0.05636
