1 0.731948 0.557793 0.16453 0.152284
1 0.696879 0.718731 0.145019 0.115519
1 0.763175 0.414383 0.134392 0.113975
1 0.238534 0.192615 0.157633 0.126066
1 0.772475 0.247439 0.145362 0.127249
1 0.214347 0.359321 0.175016 0.140075
1 0.518016 0.22756 0.119283 0.136049
0 0.77877 0.0740095 0.100957 0.117792
1 0.491378 0.40057 0.119763 0.150925
1 0.940798 0.770812 0.117724 0.157072
1 0.181341 0.547828 0.149249 0.160344
1 0.630437 0.967161 0.107577 0.0656782
1 0.25559 0.0262502 0.106592 0.0522552
1 0.572353 0.0688667 0.147271 0.137207
0 0.370476 0.939508 0.140576 0.117865
1 0.0305072 0.829876 0.0610144 0.0940273
1 0.245054 0.0840427 0.11183 0.0511543
1 0.451645 0.592812 0.158393 0.15108
0 0.452238 0.592261 0.152786 0.149405
1 0.0339606 0.0491038 0.0679212 0.0977257
1 0.023957 0.194319 0.0472567 0.156872
1 0.103606 0.864178 0.149813 0.127458
1 0.965507 0.644579 0.0681167 0.0844922
1 0.988653 0.460935 0.0226942 0.0621637
0 0.963387 0.60932 0.0725231 0.163259
1 0.973698 0.578698 0.0520825 0.0914694
