2 0.159255 0.593581 0.1648 0.29976
1 0.803071 0.182709 0.112979 0.120322
1 0.743066 0.111264 0.120103 0.117869
1 0.904941 0.323385 0.154039 0.133255
2 0.316217 0.391929 0.288464 0.162897
1 0.859778 0.241775 0.113678 0.11025
2 0.86493 0.518312 0.234525 0.249216
3 0.412 0.728942 0.401671 0.194148
1 0.950341 0.0451774 0.0992196 0.0901366
1 0.689077 0.720454 0.100173 0.0960908
1 0.687249 0.0511264 0.121099 0.101721
3 0.111526 0.189624 0.223013 0.154599
3 0.575807 0.512878 0.262029 0.262287
2 0.745072 0.943066 0.102201 0.113198
2 0.555513 0.947982 0.247336 0.103006
1 0.979498 0.111451 0.0404992 0.0788009
3 0.388088 0.101417 0.273807 0.166664
1 0.630863 0.0187755 0.0846744 0.0372537
2 0.387123 0.103565 0.272532 0.167589
3 0.028666 0.623859 0.0568868 0.264779
1 0.982258 0.376894 0.0349348 0.101068
2 0.110476 0.18908 0.220952 0.153991
1 0.707727 0.331012 0.118454 0.12459
1 0.971687 0.894414 0.0561597 0.115721
