1 0.787277 0.0910734 0.141704 0.169272
0 0.420984 0.327596 0.106071 0.0860564
1 0.553194 0.891972 0.108727 0.133632
1 0.331594 0.31118 0.0765816 0.0882288
1 0.619342 0.137126 0.113664 0.121412
1 0.572518 0.499963 0.11975 0.127675
1 0.699321 0.114264 0.123166 0.137206
1 0.31004 0.801531 0.0813246 0.0635644
1 0.625397 0.303885 0.180047 0.151964
1 0.325639 0.880098 0.103251 0.0718986
1 0.323786 0.703819 0.0957692 0.096907
1 0.438061 0.952331 0.0699903 0.0943099
1 0.338029 0.062453 0.161652 0.123816
1 0.862312 0.0524596 0.129613 0.104201
0 0.27811 0.41734 0.150753 0.0858817
1 0.27757 0.415647 0.151936 0.0907342
