1 0.608846 0.122749 0.165995 0.131679
1 0.663921 0.629609 0.170583 0.105343
1 0.620804 0.339344 0.173751 0.113894
1 0.88739 0.793194 0.150673 0.114194
2 0.222825 0.841436 0.184273 0.143025
1 0.0942711 0.379855 0.142669 0.148663
1 0.779937 0.0782162 0.183785 0.140801
1 0.800798 0.196366 0.1299 0.113378
1 0.623382 0.531837 0.186257 0.112587
1 0.667679 0.818109 0.121159 0.0876423
1 0.194344 0.0590732 0.101367 0.115423
2 0.105062 0.956093 0.209857 0.0866884
1 0.679805 0.718192 0.170156 0.0873585
1 0.819415 0.313291 0.133139 0.106712
1 0.826406 0.418416 0.197214 0.107309
1 0.668501 0.941443 0.143348 0.10361
1 0.0745907 0.0524021 0.137718 0.104804
1 0.846071 0.507603 0.146347 0.107852
1 0.179472 0.450841 0.140894 0.148183
1 0.605385 0.444522 0.158772 0.0913724
1 0.253549 0.522944 0.12434 0.173317
1 0.857953 0.667744 0.197918 0.167364
1 0.306081 0.0601996 0.124613 0.118016
1 0.877306 0.890692 0.128258 0.0939112
1 0.216193 0.311322 0.114101 0.141589
1 0.897547 0.969074 0.139144 0.0614316
1 0.330655 0.290459 0.115018 0.145846
1 0.861658 0.0230662 0.0905132 0.0459464
1 0.562807 0.0443126 0.16692 0.0886252
1 0.613951 0.230979 0.187121 0.088222
0 0.567897 0.0438874 0.163159 0.0867054
1 0.038421 0.115483 0.0764588 0.129269
0 0.609514 0.44285 0.147786 0.0910853
0 0.0346045 0.112984 0.0692089 0.127551
