1 0.213494 0.506563 0.148035 0.139834
1 0.32888 0.119271 0.149011 0.150845
1 0.165169 0.134696 0.1096 0.108039
1 0.307816 0.269926 0.14891 0.14486
1 0.268902 0.0541073 0.15307 0.107464
1 0.0878329 0.345929 0.137961 0.146667
1 0.0546933 0.518814 0.109387 0.115151
1 0.149984 0.41279 0.14203 0.137484
1 0.541875 0.0493615 0.136242 0.0984854
1 0.243444 0.197994 0.131674 0.137755
1 0.743696 0.034963 0.140156 0.0696468
1 0.467275 0.240027 0.0847234 0.0842391
1 0.017919 0.438388 0.035801 0.0994476
1 0.0331489 0.264341 0.0661582 0.10293
