1 0.458147 0.40681 0.167588 0.158774
1 0.687569 0.174425 0.165484 0.165842
0 0.382471 0.799555 0.127866 0.118632
1 0.558325 0.344182 0.178983 0.178618
1 0.31647 0.935162 0.135358 0.128579
1 0.821121 0.380376 0.133006 0.129539
1 0.743376 0.464009 0.121863 0.124714
1 0.812289 0.124495 0.126049 0.115857
1 0.0665361 0.633288 0.133072 0.146287
1 0.952105 0.0508048 0.0954187 0.100799
1 0.218988 0.259225 0.227985 0.222721
1 0.150712 0.498711 0.162113 0.136457
1 0.663433 0.872095 0.0813839 0.114314
0 0.982413 0.111745 0.0346355 0.0662629
0 0.296919 0.0525184 0.107052 0.105037
0 0.95272 0.371974 0.0805348 0.0858989
1 0.847246 0.0170888 0.0969863 0.0341628
