1 0.255904 0.634177 0.135605 0.139949
1 0.470578 0.365735 0.128179 0.127058
1 0.917419 0.134803 0.11041 0.116496
1 0.167388 0.777061 0.162454 0.155108
1 0.373619 0.501734 0.14126 0.130602
1 0.823957 0.22155 0.145071 0.13316
1 0.296849 0.889948 0.139803 0.128639
1 0.103394 0.449846 0.141681 0.137053
1 0.565498 0.226988 0.118969 0.11698
1 0.418202 0.062691 0.136891 0.125382
1 0.197289 0.315842 0.13893 0.136061
1 0.359125 0.820088 0.140522 0.143301
1 0.365607 0.124509 0.141326 0.128162
1 0.412956 0.42911 0.125096 0.128704
1 0.0588584 0.525365 0.113093 0.11178
1 0.113501 0.844435 0.154478 0.153081
1 0.319848 0.57216 0.139231 0.134455
1 0.604962 0.479252 0.154702 0.14975
1 0.204029 0.695015 0.133549 0.129165
1 0.253909 0.259136 0.1295 0.12237
1 0.938929 0.476405 0.122141 0.123667
1 0.412363 0.759773 0.13031 0.128497
1 0.0510718 0.894193 0.102144 0.118323
1 0.787448 0.302254 0.118799 0.120305
1 0.674236 0.423366 0.130467 0.124976
1 0.460283 0.68105 0.159557 0.151472
1 0.615739 0.17014 0.117216 0.106665
1 0.54687 0.544427 0.17267 0.154492
1 0.219757 0.0497149 0.104933 0.0883045
1 0.515103 0.301495 0.122113 0.123694
0 0.137777 0.371935 0.158568 0.139785
1 0.709925 0.345975 0.174456 0.161634
1 0.171443 0.972675 0.119865 0.054135
1 0.521112 0.626481 0.122572 0.111461
0 0.0308548 0.219221 0.0617095 0.0765429
1 0.13659 0.372256 0.158825 0.14107
1 0.836071 0.0721486 0.143474 0.106973
1 0.465359 0.0265287 0.105372 0.0527444
1 0.0299655 0.962016 0.0594297 0.0746729
1 0.715053 0.0443348 0.0999522 0.0849684
1 0.0859742 0.184352 0.170003 0.174513
1 0.743744 0.0219655 0.0863588 0.0438741
1 0.970336 0.367682 0.0583016 0.112999
1 0.674165 0.100412 0.118566 0.130696
0 0.0918268 0.103498 0.106694 0.102508
1 0.318192 0.187391 0.115215 0.119437
1 0.979651 0.536205 0.0403098 0.0784956
1 0.173201 0.0156732 0.0788369 0.0313321
1 0.0316627 0.595608 0.0633255 0.105204
1 0.091387 0.105126 0.109547 0.0997455
