1 0.408334 0.660902 0.121409 0.133714
1 0.560556 0.821054 0.113245 0.118705
1 0.706685 0.900895 0.147802 0.145079
1 0.932734 0.591094 0.134533 0.170778
1 0.832614 0.795763 0.130116 0.120177
1 0.484107 0.073228 0.128789 0.103532
1 0.780161 0.633617 0.150899 0.143141
1 0.639704 0.946522 0.14379 0.106729
1 0.336837 0.71457 0.112276 0.12424
1 0.863867 0.109761 0.121465 0.0940304
1 0.339059 0.507143 0.0949903 0.113001
1 0.881382 0.315182 0.142642 0.121728
1 0.767605 0.854183 0.113225 0.113004
1 0.641006 0.145385 0.14564 0.0962104
1 0.655515 0.35841 0.128192 0.0980659
1 0.419561 0.927283 0.133546 0.143554
1 0.643983 0.768104 0.113644 0.127443
1 0.623087 0.438578 0.112852 0.117226
1 0.565557 0.526289 0.125425 0.120405
1 0.489772 0.868721 0.110195 0.105861
1 0.868209 0.405856 0.138843 0.0977464
1 0.703201 0.703427 0.144173 0.146239
1 0.857084 0.0389321 0.119088 0.0777207
1 0.834257 0.504047 0.138216 0.107723
1 0.188701 0.342671 0.1404 0.150005
1 0.334068 0.952963 0.130087 0.0937454
1 0.110034 0.396632 0.120652 0.135403
1 0.489051 0.370478 0.139404 0.117935
1 0.64539 0.0645721 0.137247 0.0690526
1 0.276189 0.239588 0.10797 0.0778563
1 0.496978 0.167732 0.132151 0.0850631
1 0.640906 0.240292 0.146009 0.0987678
1 0.0529879 0.450645 0.105631 0.142139
1 0.542707 0.963673 0.119127 0.0719883
1 0.885232 0.20366 0.129537 0.104721
1 0.958881 0.471683 0.0817068 0.113231
1 0.499612 0.613486 0.145029 0.148548
1 0.489489 0.25498 0.112843 0.0703954
1 0.420857 0.447805 0.123559 0.113131
1 0.979166 0.2062 0.0412076 0.1015
0 0.967216 0.104941 0.0652688 0.0818574
1 0.965864 0.0309701 0.0679734 0.0616833
1 0.896359 0.697878 0.171343 0.152221
1 0.0904068 0.242764 0.106179 0.0603489
0 0.896381 0.697947 0.173094 0.155879
1 0.261622 0.0611095 0.161259 0.116055
0 0.630199 0.011017 0.125105 0.0219634
1 0.256363 0.0114215 0.132516 0.0228097
