1 0.681558 0.299197 0.104314 0.094264
1 0.556094 0.421356 0.105973 0.106951
1 0.775662 0.308932 0.0866616 0.118107
1 0.251682 0.60211 0.126185 0.133531
1 0.761235 0.452858 0.117707 0.122155
1 0.157372 0.519794 0.104927 0.103497
1 0.195977 0.56649 0.113738 0.113156
1 0.973107 0.825545 0.0533447 0.102248
1 0.663462 0.444331 0.102951 0.106106
1 0.183772 0.044607 0.11438 0.0888055
1 0.230684 0.0756475 0.111923 0.11737
1 0.414035 0.231563 0.241806 0.216588
1 0.0667427 0.249651 0.124396 0.123889
1 0.149824 0.340212 0.135415 0.138508
1 0.25256 0.418293 0.118663 0.1208
1 0.202432 0.382661 0.132893 0.141879
1 0.106252 0.769692 0.114959 0.109794
1 0.0719273 0.425951 0.112703 0.124176
1 0.723908 0.661494 0.096174 0.12912
1 0.876743 0.312432 0.0993669 0.115026
1 0.119641 0.46504 0.114084 0.110545
1 0.333962 0.144808 0.11713 0.113483
1 0.130822 0.0221997 0.0822498 0.0443993
1 0.969615 0.125432 0.0606346 0.0782282
0 0.82068 0.675431 0.104231 0.137824
1 0.804684 0.81188 0.103968 0.0967245
1 0.30795 0.46931 0.172652 0.155096
1 0.339794 0.509553 0.136939 0.137732
1 0.969956 0.0393514 0.0598509 0.0776873
1 0.916318 0.684265 0.0954684 0.130679
0 0.722974 0.661053 0.0953555 0.128654
0 0.967719 0.283305 0.063499 0.0576086
1 0.0457666 0.375906 0.0915332 0.125999
1 0.886221 0.0821797 0.0902646 0.134104
1 0.0423618 0.200787 0.0847235 0.113723
1 0.98004 0.690546 0.0396941 0.115169
1 0.280447 0.113807 0.131761 0.126583
1 0.707763 0.794894 0.100937 0.101016
0 0.980068 0.691118 0.039413 0.117123
0 0.747634 0.0969567 0.13924 0.0904441
1 0.0300955 0.47931 0.0601911 0.0770484
0 0.333137 0.143148 0.117797 0.112773
0 0.776256 0.981591 0.10866 0.0365107
0 0.86366 0.457469 0.0864058 0.111431
1 0.878016 0.822472 0.13562 0.0993295
1 0.820889 0.675392 0.105921 0.130991
