1 0.614038 0.374397 0.130353 0.127163
1 0.45729 0.745714 0.124441 0.126916
1 0.680104 0.168903 0.118093 0.113699
1 0.0749238 0.375416 0.1369 0.1351
1 0.676313 0.732475 0.151798 0.165051
1 0.380309 0.69515 0.110269 0.102284
1 0.837379 0.0542927 0.130452 0.108585
1 0.559281 0.304424 0.14871 0.151382
1 0.115561 0.450969 0.117174 0.115081
1 0.743467 0.490335 0.1236 0.118322
1 0.18131 0.506737 0.127667 0.12686
1 0.30868 0.630705 0.125008 0.129944
1 0.671642 0.428375 0.118848 0.137134
1 0.0456034 0.0734712 0.0912068 0.132219
1 0.844154 0.349484 0.116541 0.113311
1 0.551892 0.615987 0.131511 0.140165
1 0.902134 0.0996661 0.158892 0.157598
1 0.949687 0.154319 0.100408 0.149985
1 0.130174 0.200613 0.13866 0.127416
1 0.572196 0.869033 0.1195 0.119046
1 0.907308 0.407523 0.147882 0.155507
1 0.517729 0.799041 0.134373 0.142502
1 0.662226 0.91628 0.133871 0.118727
1 0.791599 0.298949 0.11632 0.117081
1 0.370508 0.440039 0.140221 0.137699
1 0.491629 0.235322 0.155195 0.150611
1 0.0758684 0.141462 0.148512 0.140087
1 0.317173 0.0577747 0.137307 0.114484
1 0.264286 0.561822 0.120024 0.117443
1 0.479215 0.0333426 0.115965 0.0666852
1 0.755393 0.759982 0.119823 0.11162
1 0.69585 0.861758 0.102999 0.0933535
1 0.809575 0.553491 0.143855 0.139388
1 0.484866 0.561462 0.144699 0.134909
1 0.251146 0.313773 0.118736 0.111602
1 0.548317 0.0595013 0.132462 0.116769
1 0.964925 0.441887 0.0696723 0.10772
1 0.924641 0.877372 0.119601 0.124496
1 0.953488 0.508948 0.0930235 0.0933676
1 0.566919 0.157215 0.106939 0.106723
1 0.362939 0.132769 0.092183 0.0864557
1 0.4211 0.191481 0.124073 0.112892
1 0.491842 0.109065 0.08763 0.0929603
1 0.970531 0.924728 0.0585608 0.097542
2 0.070172 0.828834 0.139163 0.151922
1 0.30277 0.377992 0.131943 0.12791
1 0.237875 0.0253826 0.109276 0.0502043
1 0.174728 0.276833 0.142835 0.150174
1 0.808359 0.978446 0.0826349 0.0427938
1 0.0699166 0.827822 0.139833 0.149637
1 0.741703 0.0309619 0.108718 0.0612781
