0 0.593455 0.452026 0.0880938 0.130291
1 0.352335 0.427021 0.138022 0.101079
1 0.279096 0.248922 0.146499 0.118887
1 0.855777 0.849927 0.0778158 0.132767
1 0.805457 0.617034 0.0867198 0.148583
1 0.902194 0.610569 0.0880123 0.1334
1 0.690759 0.443784 0.0770497 0.13501
1 0.661774 0.0482448 0.0872164 0.0964896
1 0.884985 0.424382 0.0857458 0.141095
1 0.766334 0.874542 0.0970528 0.146633
1 0.64745 0.876304 0.0855927 0.128646
1 0.608133 0.212413 0.0831277 0.126924
1 0.95449 0.83352 0.0890379 0.116232
1 0.372278 0.514965 0.135201 0.0955409
1 0.417316 0.876436 0.122232 0.0790672
1 0.708452 0.194255 0.0982454 0.131778
1 0.49211 0.0496383 0.07824 0.0988734
1 0.405966 0.0478478 0.088446 0.0956932
1 0.520727 0.220241 0.0882101 0.129545
1 0.807516 0.185374 0.0975343 0.149721
1 0.213907 0.176913 0.150936 0.132829
1 0.417827 0.966685 0.127597 0.0653974
1 0.395107 0.60317 0.134977 0.0838281
1 0.576096 0.046173 0.0742695 0.0923459
1 0.618871 0.632306 0.0928583 0.129361
1 0.148116 0.091345 0.157676 0.112196
1 0.432342 0.791381 0.118571 0.0812694
1 0.282439 0.345597 0.220319 0.130313
1 0.709282 0.621695 0.0849112 0.146066
1 0.79096 0.431111 0.0861392 0.133274
1 0.407887 0.691549 0.126737 0.0748658
1 0.943811 0.159891 0.094363 0.117006
0 0.944402 0.15877 0.0985413 0.117857
1 0.97833 0.608633 0.0428441 0.127817
0 0.114176 0.0158832 0.128958 0.0312359
1 0.744966 0.0436842 0.0875127 0.0873684
