1 0.340491 0.890735 0.149358 0.170018
1 0.716812 0.555915 0.139095 0.139205
1 0.875138 0.114978 0.148905 0.153533
1 0.243381 0.918027 0.133402 0.163431
1 0.896919 0.821609 0.165982 0.150837
1 0.490182 0.750534 0.140191 0.148757
1 0.809893 0.937995 0.17126 0.122968
1 0.662074 0.637983 0.140436 0.133802
1 0.214959 0.0797019 0.176106 0.158696
1 0.934749 0.0578255 0.129615 0.11429
0 0.0376192 0.400741 0.0752385 0.140989
1 0.631375 0.747009 0.0855179 0.0846325
1 0.72413 0.97563 0.104514 0.0484915
1 0.759133 0.216794 0.152591 0.147952
1 0.944197 0.899012 0.111606 0.121912
1 0.0558292 0.567744 0.110004 0.139683
1 0.424017 0.806194 0.13039 0.123584
1 0.941702 0.250066 0.081821 0.0855905
1 0.55649 0.687993 0.143983 0.138327
1 0.103955 0.0301993 0.130986 0.060075
1 0.967907 0.960485 0.0640278 0.0697496
1 0.793785 0.258722 0.0861738 0.0866367
1 0.916261 0.29573 0.115898 0.112095
1 0.924178 0.405155 0.150529 0.184536
1 0.870284 0.341916 0.190455 0.176422
1 0.825284 0.152997 0.109262 0.103637
1 0.0307901 0.911771 0.0612046 0.127744
