0 0.801038 0.222796 0.115397 0.0944594
1 0.200843 0.289102 0.0874464 0.109678
0 0.712166 0.0995451 0.14609 0.0990862
0 0.850179 0.824939 0.12008 0.132828
1 0.593286 0.0624516 0.109468 0.0913192
1 0.627472 0.892737 0.126984 0.116051
1 0.397764 0.554914 0.100021 0.128644
1 0.383467 0.0596 0.127018 0.116989
1 0.826527 0.425532 0.133796 0.102801
1 0.622509 0.728032 0.115859 0.113806
0 0.288762 0.287018 0.0763696 0.134383
1 0.194388 0.743363 0.0905588 0.0949628
1 0.103155 0.281398 0.0897427 0.101033
0 0.971822 0.527335 0.055254 0.0947163
1 0.287194 0.760234 0.0692443 0.115334
1 0.76375 0.550578 0.0643036 0.09563
0 0.627303 0.308177 0.101371 0.192702
1 0.419301 0.862833 0.131763 0.0876591
1 0.0867417 0.879321 0.075567 0.130195
1 0.511289 0.531363 0.105413 0.164433
1 0.21301 0.5411 0.0746483 0.12626
0 0.928257 0.750892 0.114566 0.156955
0 0.51077 0.531363 0.103549 0.164962
0 0.303751 0.871216 0.0967755 0.0878029
1 0.0849211 0.10951 0.104333 0.139477
0 0.62501 0.50092 0.124657 0.183878
1 0.533081 0.267902 0.0826197 0.105112
1 0.837327 0.349056 0.154889 0.090893
0 0.403479 0.765626 0.145808 0.101026
1 0.0498187 0.762779 0.0984155 0.12037
1 0.306663 0.572982 0.0955656 0.114442
1 0.420803 0.341441 0.10374 0.166113
0 0.704363 0.259492 0.0658689 0.0740588
1 0.97218 0.0484872 0.0552351 0.0857279
1 0.182215 0.904345 0.112828 0.0749806
1 0.292368 0.484525 0.0687684 0.0583223
0 0.194282 0.0766891 0.0761593 0.128636
0 0.0650597 0.573397 0.129224 0.158222
1 0.514198 0.757988 0.0604458 0.127011
0 0.89535 0.955687 0.11084 0.0879786
1 0.957559 0.18546 0.0845369 0.117268
0 0.532718 0.26901 0.0842035 0.111379
1 0.850389 0.282315 0.129013 0.0948054
1 0.180941 0.9863 0.0945649 0.0272032
1 0.0250804 0.0971339 0.0501609 0.0930851
