0 0.517294 0.708377 0.136234 0.132649
0 0.439851 0.760621 0.0964816 0.109647
1 0.912117 0.881336 0.0825945 0.0956798
1 0.692005 0.44113 0.129444 0.165307
1 0.711173 0.834811 0.100703 0.0967625
1 0.351545 0.475828 0.170044 0.140143
1 0.509538 0.278286 0.140154 0.137338
1 0.260805 0.400363 0.143068 0.135356
1 0.690788 0.120022 0.153098 0.125973
1 0.615398 0.362585 0.146047 0.163754
0 0.900531 0.74265 0.0604167 0.0608039
1 0.832388 0.490056 0.084651 0.0953543
1 0.460584 0.0572411 0.143837 0.113862
1 0.347025 0.135297 0.151448 0.153231
1 0.950788 0.507613 0.085188 0.119568
1 0.458992 0.548698 0.133777 0.126721
1 0.0459485 0.0351734 0.091897 0.0703468
0 0.0430768 0.119415 0.0859948 0.0963813
1 0.101109 0.193895 0.154961 0.141472
1 0.130685 0.555687 0.0858075 0.0747249
1 0.124858 0.474875 0.0906033 0.0791252
1 0.157404 0.534936 0.140846 0.117378
0 0.0673694 0.51456 0.0748395 0.0689801
0 0.573806 0.847932 0.113443 0.110013
1 0.159123 0.334369 0.116336 0.0980294
