1 0.666402 0.552118 0.146553 0.138734
1 0.950938 0.539227 0.097798 0.10299
1 0.118537 0.270962 0.149264 0.10638
1 0.941852 0.798379 0.116297 0.125305
1 0.265713 0.518228 0.108583 0.108586
1 0.890758 0.866485 0.135715 0.145138
1 0.35085 0.57443 0.0968704 0.117622
1 0.456411 0.549409 0.109599 0.11405
1 0.506524 0.057279 0.132696 0.114558
1 0.532501 0.339197 0.137289 0.146021
1 0.180172 0.656666 0.098478 0.09751
1 0.522079 0.466599 0.116643 0.103105
1 0.0820042 0.106766 0.110185 0.141741
1 0.139274 0.370923 0.159181 0.144535
1 0.83007 0.243268 0.107566 0.112336
1 0.693149 0.407963 0.103187 0.100485
1 0.427183 0.0308096 0.092595 0.0616192
1 0.747923 0.80242 0.136134 0.129169
1 0.576323 0.686665 0.120512 0.118203
1 0.915891 0.276826 0.121746 0.111558
1 0.662203 0.898243 0.0978222 0.101357
1 0.892362 0.604384 0.118827 0.114144
0 0.425036 0.745675 0.108475 0.129141
1 0.497564 0.767659 0.102701 0.119809
1 0.802289 0.752174 0.117176 0.118529
0 0.351875 0.709589 0.116557 0.128439
1 0.265513 0.690444 0.102796 0.106903
1 0.850542 0.942391 0.1445 0.115217
1 0.622882 0.372782 0.114935 0.112411
1 0.59436 0.0876649 0.123909 0.12948
1 0.0510649 0.543269 0.10213 0.111404
1 0.220883 0.434303 0.109429 0.105251
1 0.967573 0.344745 0.0644187 0.104445
0 0.828321 0.0506656 0.137564 0.100548
1 0.159627 0.125804 0.100547 0.11496
1 0.608758 0.609397 0.150851 0.139983
1 0.750917 0.449045 0.0989618 0.101525
1 0.857193 0.681466 0.136486 0.145107
1 0.960269 0.724722 0.0782211 0.120764
1 0.756724 0.184797 0.138735 0.156481
1 0.981555 0.43973 0.0366316 0.0872885
1 0.78968 0.980947 0.0839837 0.0377686
1 0.168217 0.879358 0.129534 0.116101
1 0.105396 0.607127 0.11343 0.12518
1 0.0203348 0.314981 0.0400191 0.0422146
1 0.350407 0.710113 0.119177 0.12845
1 0.930365 0.0647369 0.134328 0.128751
1 0.369392 0.965097 0.0755608 0.0682969
1 0.722926 0.950628 0.11445 0.0983665
0 0.931107 0.0640229 0.130739 0.128046
0 0.723796 0.949624 0.11868 0.100751
1 0.973713 0.100029 0.0521075 0.131395
0 0.858577 0.685086 0.143632 0.142961
0 0.667158 0.146905 0.137937 0.15063
1 0.831042 0.051278 0.140095 0.101716
0 0.752263 0.18765 0.1465 0.160264
1 0.310531 0.933017 0.0903594 0.0814037
1 0.0236114 0.0593563 0.0469362 0.109013
0 0.160632 0.125831 0.0986562 0.112817
1 0.671741 0.139587 0.133189 0.13324
1 0.424614 0.746897 0.108596 0.127397
