0 0.118171 0.697395 0.148422 0.149473
0 0.28525 0.465649 0.135178 0.153725
0 0.771109 0.601889 0.137486 0.154218
1 0.154004 0.901509 0.157646 0.183845
1 0.0386851 0.888988 0.0772622 0.131149
1 0.23581 0.739087 0.124231 0.137692
0 0.382151 0.497527 0.112624 0.15905
1 0.179977 0.452315 0.108745 0.132081
1 0.59808 0.460929 0.0919993 0.0738378
1 0.621764 0.883711 0.157418 0.141131
1 0.300453 0.935811 0.144027 0.128064
0 0.366884 0.768858 0.143683 0.190848
1 0.660409 0.56749 0.147274 0.162688
0 0.473714 0.522465 0.145538 0.172901
1 0.552648 0.564155 0.129152 0.159077
1 0.0950728 0.432203 0.105842 0.139685
1 0.0237268 0.415611 0.0471545 0.113456
1 0.505217 0.778762 0.138333 0.128738
1 0.591602 0.96812 0.146333 0.0635097
0 0.912047 0.911715 0.162475 0.170979
0 0.660444 0.56744 0.148117 0.164446
0 0.553243 0.564164 0.131883 0.162985
1 0.979096 0.687914 0.0413027 0.12198
1 0.735609 0.91231 0.172436 0.173708
1 0.42993 0.964197 0.103184 0.0705806
1 0.911027 0.914926 0.159911 0.168018
1 0.0208119 0.674145 0.0412324 0.0862803
1 0.0238329 0.249284 0.0472169 0.104842
