0 0.70318 0.701542 0.13401 0.137182
1 0.965253 0.433659 0.0672193 0.107711
2 0.505287 0.876103 0.142107 0.158141
0 0.851226 0.16501 0.103395 0.0909163
1 0.630875 0.42015 0.120678 0.110697
1 0.972178 0.637251 0.0554152 0.0913168
0 0.64616 0.863207 0.145652 0.100395
1 0.957977 0.181831 0.0805074 0.101246
1 0.778675 0.978078 0.0739615 0.0436187
1 0.90952 0.80424 0.0674384 0.0782833
1 0.896398 0.974927 0.115859 0.0498958
0 0.683534 0.772495 0.137983 0.118918
1 0.628221 0.948968 0.0997626 0.0957129
1 0.969821 0.745815 0.0592082 0.13043
0 0.64182 0.330603 0.120254 0.093676
0 0.350152 0.985319 0.0721007 0.0291903
1 0.507493 0.877915 0.143528 0.161278
1 0.488758 0.976568 0.116222 0.0466123
1 0.644966 0.33028 0.112507 0.0908535
1 0.547733 0.68737 0.0451974 0.0523462
1 0.0370447 0.852221 0.0731045 0.147149
