0 0.44512 0.850744 0.183263 0.147073
1 0.77231 0.694375 0.134268 0.0998623
1 0.854148 0.461513 0.151834 0.109441
0 0.316041 0.382489 0.170345 0.164976
1 0.914743 0.804489 0.157379 0.135524
1 0.795001 0.610766 0.131293 0.104899
1 0.669553 0.188956 0.120401 0.118404
1 0.649544 0.284543 0.116851 0.108264
1 0.753699 0.775661 0.159692 0.118415
1 0.63094 0.366611 0.111843 0.0939441
1 0.344796 0.258954 0.156206 0.123336
1 0.0405081 0.946318 0.0805676 0.107363
1 0.0927843 0.559714 0.126381 0.144657
1 0.818923 0.0435313 0.128253 0.0860372
1 0.729836 0.0754216 0.152135 0.145838
1 0.574819 0.530731 0.121179 0.106308
1 0.0595601 0.150251 0.0829403 0.134783
1 0.946279 0.625912 0.107083 0.13368
1 0.937296 0.70777 0.125008 0.117932
1 0.517643 0.687729 0.131321 0.110098
1 0.099362 0.739594 0.177491 0.171
1 0.835461 0.534409 0.150257 0.11095
1 0.911809 0.274813 0.130874 0.123417
1 0.543689 0.610019 0.134694 0.112877
1 0.370149 0.138677 0.144958 0.116275
1 0.391554 0.0487443 0.147375 0.0967801
1 0.658843 0.0482562 0.1238 0.0959166
1 0.961436 0.449824 0.0755153 0.164096
1 0.0662587 0.724914 0.104729 0.130487
1 0.664596 0.962162 0.128315 0.0750806
1 0.227005 0.519831 0.145363 0.141232
1 0.614003 0.446306 0.119731 0.100616
1 0.887414 0.890116 0.121973 0.101841
1 0.260235 0.475688 0.111725 0.116178
0 0.940758 0.343815 0.117 0.137124
1 0.0306161 0.288298 0.0612322 0.152174
1 0.137841 0.154422 0.087195 0.127919
1 0.940139 0.343833 0.119722 0.134016
1 0.0886688 0.297268 0.0894373 0.142683
0 0.0879277 0.295314 0.092334 0.146394
1 0.0177728 0.521914 0.0351502 0.0955031
1 0.185473 0.77934 0.111631 0.122405
