1 0.895974 0.50403 0.0828669 0.113608
1 0.875104 0.386334 0.113629 0.0862397
1 0.742609 0.71879 0.0860558 0.111452
1 0.733042 0.498728 0.0821002 0.108738
0 0.827608 0.0867653 0.115269 0.109408
3 0.596336 0.316677 0.11015 0.189473
0 0.928732 0.871438 0.101288 0.13477
0 0.637527 0.495003 0.10247 0.111671
1 0.830343 0.72295 0.0798705 0.1089
1 0.86983 0.733534 0.162147 0.13664
0 0.8151 0.498164 0.0772455 0.10726
1 0.73792 0.197858 0.11493 0.0649875
3 0.530965 0.0961825 0.146193 0.132214
0 0.736252 0.0921489 0.0801208 0.110965
1 0.906973 0.733407 0.0841773 0.129217
0 0.68693 0.110778 0.0742054 0.0880594
1 0.738634 0.0894102 0.0859106 0.105723
