2 0.420113 0.341368 0.127307 0.194206
1 0.332938 0.80432 0.180491 0.173328
1 0.117604 0.629093 0.13436 0.112378
0 0.444231 0.0768874 0.0932107 0.104885
0 0.170801 0.213206 0.104119 0.0820901
1 0.0752557 0.957589 0.135608 0.0848215
1 0.173059 0.921387 0.118549 0.141289
1 0.697694 0.241094 0.130363 0.128082
1 0.352257 0.959293 0.145956 0.0811052
0 0.548294 0.903967 0.124259 0.0935705
2 0.218833 0.494109 0.169883 0.124928
1 0.217866 0.493447 0.168982 0.123541
1 0.722712 0.128149 0.0611341 0.0819127
0 0.133402 0.0240518 0.0702489 0.0478338
1 0.869512 0.053081 0.106042 0.105217
1 0.029775 0.269433 0.0595501 0.122793
0 0.0307595 0.268988 0.0604372 0.124817
1 0.0243035 0.465202 0.0481364 0.114563
1 0.10976 0.366047 0.0810082 0.079952
1 0.604876 0.777255 0.0610746 0.0441351
2 0.0233857 0.576716 0.0462485 0.0546455
0 0.0244386 0.464508 0.0486822 0.114369
1 0.548186 0.903609 0.120787 0.0916152
