1 0.140823 0.454775 0.0805017 0.0844305
1 0.267186 0.850166 0.122325 0.11853
1 0.476978 0.497171 0.136751 0.0910537
1 0.226887 0.225843 0.115763 0.108719
0 0.131168 0.772318 0.143611 0.16406
1 0.0757237 0.507612 0.0939375 0.13067
1 0.297439 0.640455 0.158809 0.136642
1 0.514777 0.691918 0.131617 0.12373
1 0.677696 0.16434 0.108574 0.109177
1 0.912435 0.0906718 0.127683 0.139999
1 0.516244 0.820872 0.128133 0.114081
1 0.457912 0.971942 0.139508 0.0557357
1 0.0132267 0.534251 0.0261124 0.097239
1 0.0911448 0.957544 0.1796 0.084383
0 0.0209224 0.777487 0.0413547 0.0621637
1 0.255283 0.97349 0.143768 0.0521562
0 0.255376 0.975428 0.143609 0.0485303
