1 0.429647 0.817134 0.0828997 0.0963591
1 0.435764 0.216776 0.130815 0.124121
0 0.440892 0.701874 0.0981519 0.0915985
1 0.0401301 0.447861 0.0802603 0.104569
1 0.328268 0.366982 0.178972 0.158239
0 0.281337 0.92349 0.110322 0.0932884
0 0.266628 0.627597 0.0968459 0.118858
1 0.0222924 0.0371706 0.0439295 0.0743413
1 0.50172 0.763035 0.116466 0.0936333
1 0.131799 0.0157181 0.0662746 0.0312351
2 0.975298 0.912962 0.049404 0.173619
1 0.212926 0.573472 0.0490785 0.0623229
0 0.164982 0.126291 0.0879955 0.0796019
3 0.052685 0.938883 0.104983 0.120191
0 0.220335 0.505657 0.0838757 0.0943763
1 0.053202 0.937632 0.106404 0.116319
