1 0.186003 0.183045 0.145586 0.148801
1 0.0718313 0.892584 0.143663 0.153682
1 0.415904 0.938216 0.132947 0.122516
1 0.129994 0.266107 0.144923 0.139874
1 0.468048 0.735891 0.150412 0.136757
1 0.263239 0.368674 0.130145 0.125686
1 0.330138 0.637431 0.148551 0.144672
1 0.388542 0.568072 0.134533 0.126813
1 0.700219 0.810919 0.129833 0.130026
1 0.121267 0.728531 0.126764 0.125834
1 0.452372 0.500482 0.158848 0.155849
1 0.622971 0.524201 0.147102 0.146333
1 0.0770796 0.332576 0.132727 0.132558
2 0.378328 0.0614431 0.233533 0.121601
1 0.147709 0.932403 0.146461 0.13456
1 0.878249 0.841012 0.15383 0.126101
1 0.573199 0.598563 0.140179 0.138763
1 0.754939 0.747857 0.154053 0.144881
1 0.501244 0.430179 0.159697 0.148287
1 0.810498 0.677062 0.166948 0.162588
1 0.517674 0.667698 0.135879 0.123113
1 0.204115 0.431542 0.120328 0.11235
1 0.642417 0.867141 0.137556 0.13271
1 0.0600085 0.66653 0.120017 0.159697
1 0.22546 0.960658 0.114003 0.078048
1 0.924187 0.762773 0.147977 0.133095
1 0.318238 0.290996 0.139122 0.1389
1 0.485609 0.974724 0.103827 0.0499874
1 0.142057 0.502043 0.12848 0.116661
1 0.198422 0.790212 0.12573 0.142101
1 0.0314548 0.057275 0.0629097 0.111737
1 0.249082 0.839774 0.182098 0.193554
1 0.0257043 0.841948 0.0512778 0.105534
1 0.845478 0.921989 0.173634 0.129859
1 0.798203 0.973796 0.146163 0.0518725
0 0.345409 0.896067 0.141829 0.13954
1 0.898325 0.50365 0.0958335 0.0887378
1 0.347316 0.895431 0.141434 0.141482
