1 0.389086 0.524348 0.112433 0.133404
1 0.251692 0.579163 0.222711 0.188236
2 0.912953 0.952282 0.173602 0.0939288
1 0.06992 0.473885 0.116542 0.134274
1 0.176283 0.654986 0.123434 0.13271
1 0.490942 0.298028 0.16583 0.174051
1 0.944106 0.341793 0.101509 0.0936878
1 0.249324 0.166902 0.10976 0.147109
1 0.12227 0.686777 0.0983907 0.123268
1 0.465777 0.0797965 0.121372 0.133676
1 0.136419 0.225378 0.112127 0.126765
1 0.0407175 0.278235 0.0806965 0.148311
1 0.154802 0.0624309 0.188706 0.123715
1 0.61416 0.232485 0.143143 0.158339
1 0.428749 0.777012 0.092706 0.108053
1 0.350532 0.889049 0.108998 0.101446
1 0.128625 0.446241 0.110832 0.125165
1 0.700797 0.209235 0.119785 0.152628
1 0.273758 0.39677 0.158353 0.187639
1 0.67737 0.403986 0.120682 0.142401
1 0.878869 0.152448 0.11728 0.150259
1 0.0796945 0.24657 0.119991 0.141421
1 0.528156 0.465851 0.123654 0.137869
1 0.723195 0.306663 0.0925176 0.0690535
1 0.392301 0.818426 0.0856503 0.100168
2 0.183077 0.913279 0.177964 0.171962
1 0.0515998 0.0795117 0.102422 0.158786
1 0.591019 0.404428 0.093797 0.0751767
1 0.795205 0.608564 0.14454 0.102885
1 0.201344 0.18964 0.109743 0.129892
1 0.186131 0.429353 0.118392 0.160256
1 0.643861 0.705356 0.118334 0.166806
1 0.397706 0.109236 0.116761 0.124837
1 0.298279 0.364001 0.0962303 0.129322
1 0.566093 0.705884 0.0973459 0.107072
1 0.608434 0.0495116 0.1314 0.098205
1 0.368675 0.0356942 0.109649 0.0713181
2 0.644026 0.703481 0.118691 0.166569
1 0.612187 0.472379 0.107378 0.115823
2 0.846479 0.828698 0.229729 0.126417
1 0.841323 0.0165894 0.103839 0.03286
1 0.921831 0.15294 0.155539 0.221625
