1 0.0929396 0.772428 0.15532 0.147486
0 0.58096 0.601122 0.125 0.152643
1 0.760851 0.446145 0.13355 0.125655
1 0.290672 0.934668 0.138347 0.129247
0 0.446397 0.100188 0.121048 0.116622
1 0.173625 0.716774 0.128323 0.121772
0 0.753428 0.0700903 0.0914488 0.0846825
1 0.827309 0.657486 0.117798 0.109308
2 0.0535131 0.215386 0.106163 0.121989
1 0.0488398 0.930903 0.0967576 0.127441
1 0.967135 0.638655 0.0651555 0.0908318
1 0.453601 0.757315 0.0907439 0.0947953
1 0.501647 0.0464543 0.111526 0.0929086
1 0.671928 0.877261 0.13611 0.146363
1 0.924396 0.232652 0.0964701 0.0964165
0 0.166547 0.196401 0.0972281 0.0870397
0 0.973227 0.427598 0.0530612 0.0934303
1 0.393036 0.69107 0.129335 0.133118
0 0.234694 0.337833 0.0932765 0.103313
1 0.901373 0.595765 0.134735 0.131773
1 0.820023 0.379553 0.122049 0.115297
1 0.940269 0.51816 0.119463 0.122975
1 0.675703 0.623692 0.156773 0.163239
1 0.702786 0.584899 0.0939929 0.0838565
1 0.561066 0.835444 0.11987 0.14516
1 0.924665 0.728724 0.0834713 0.0889359
1 0.473018 0.930096 0.108629 0.115921
0 0.753648 0.198566 0.102253 0.0931281
1 0.763104 0.743771 0.0910907 0.0914006
1 0.6715 0.487636 0.0972466 0.0962839
1 0.955561 0.163508 0.0888772 0.0937822
2 0.14327 0.0924023 0.19472 0.180055
0 0.404792 0.861067 0.0967056 0.118034
2 0.75122 0.954954 0.122957 0.0894456
1 0.848513 0.668733 0.0783155 0.0784944
1 0.907977 0.217621 0.146844 0.140885
1 0.0572233 0.613799 0.11348 0.137641
2 0.173061 0.717587 0.130286 0.126987
0 0.509897 0.450796 0.0763223 0.0763475
1 0.626623 0.217611 0.124438 0.101142
1 0.304068 0.0290357 0.100648 0.0578824
1 0.510166 0.450577 0.0770516 0.075092
1 0.280039 0.595124 0.108387 0.124176
0 0.518188 0.794001 0.116091 0.150575
0 0.303704 0.028796 0.101476 0.0574079
0 0.977228 0.0795604 0.0451303 0.0899512
