2 0.914108 0.531553 0.171785 0.131704
2 0.892961 0.710704 0.12751 0.127687
1 0.384389 0.36589 0.127641 0.105086
2 0.892402 0.869486 0.0927998 0.151909
1 0.0598794 0.359919 0.0950375 0.143076
1 0.492242 0.192745 0.082248 0.135781
1 0.611796 0.345826 0.0934308 0.102962
1 0.727222 0.350735 0.110947 0.134785
1 0.836423 0.322653 0.139115 0.154276
1 0.151161 0.346138 0.0923807 0.106476
0 0.884587 0.242344 0.11117 0.115199
2 0.480106 0.786465 0.146751 0.3118
1 0.50822 0.334037 0.105427 0.153541
1 0.745728 0.0406902 0.127202 0.0805455
1 0.37653 0.257626 0.143286 0.092605
1 0.680713 0.14571 0.116166 0.11927
1 0.0540654 0.203073 0.0790107 0.12377
1 0.37503 0.163309 0.142165 0.109292
1 0.578935 0.172961 0.0771728 0.0793531
1 0.890603 0.0356436 0.105708 0.0695885
1 0.140626 0.206039 0.0973881 0.126075
1 0.375377 0.212879 0.149433 0.182802
1 0.356532 0.00707621 0.104316 0.0138893
0 0.579216 0.172533 0.0788541 0.0799708
1 0.884402 0.240462 0.10896 0.111312
2 0.958617 0.596245 0.0818957 0.10019
1 0.518306 0.00681139 0.0993569 0.0132696
1 0.138417 0.0088782 0.0791935 0.017358
