1 0.587459 0.646601 0.1598 0.148271
0 0.529409 0.55689 0.168286 0.182437
1 0.8214 0.92569 0.155036 0.145931
1 0.698538 0.787885 0.1658 0.152925
1 0.63706 0.951916 0.119674 0.0944706
1 0.432502 0.683496 0.159894 0.152405
1 0.589381 0.894746 0.13856 0.110875
1 0.486378 0.753727 0.139078 0.130905
1 0.364691 0.60528 0.147992 0.151654
1 0.761841 0.859511 0.164711 0.134666
1 0.868869 0.399558 0.214307 0.171611
1 0.878788 0.964644 0.141386 0.0702077
1 0.529987 0.825529 0.11911 0.11333
2 0.108035 0.194595 0.208674 0.209139
1 0.652885 0.710242 0.151142 0.137009
2 0.949679 0.645246 0.0995216 0.204384
