2 0.758026 0.433893 0.12674 0.276375
3 0.935855 0.487815 0.127377 0.169048
2 0.704189 0.233921 0.0958602 0.161021
1 0.938779 0.238573 0.121233 0.131015
2 0.170052 0.110076 0.159057 0.220152
2 0.848551 0.700307 0.139588 0.310199
2 0.0951939 0.341704 0.170081 0.366519
1 0.824609 0.0980757 0.126308 0.123495
2 0.0660801 0.0688131 0.130853 0.13662
3 0.882015 0.739235 0.230596 0.392942
0 0.823359 0.0990587 0.125665 0.12439
0 0.863806 0.186816 0.164388 0.166126
1 0.968626 0.714223 0.0620661 0.0599978
0 0.968126 0.714681 0.0603107 0.0604768
1 0.864673 0.185818 0.167898 0.170897
