1 0.252768 0.793281 0.148698 0.166508
1 0.155757 0.2418 0.206216 0.161771
1 0.0563705 0.110693 0.111798 0.162676
1 0.252968 0.151432 0.155284 0.167548
1 0.419497 0.454617 0.183011 0.17417
1 0.502309 0.667385 0.146617 0.119667
1 0.547904 0.571863 0.148398 0.128575
1 0.3669 0.826723 0.124664 0.148163
1 0.697408 0.0977095 0.138591 0.159002
1 0.0529212 0.560832 0.104949 0.120605
1 0.487061 0.341921 0.20697 0.174025
1 0.0811642 0.446203 0.161181 0.140051
1 0.622469 0.173202 0.147514 0.164979
1 0.0945796 0.318691 0.189159 0.183917
1 0.860804 0.212033 0.117735 0.0997704
1 0.0724161 0.96733 0.125584 0.0649471
1 0.0873797 0.0408182 0.16866 0.0815774
1 0.911334 0.133785 0.162919 0.143599
1 0.0631371 0.739784 0.119808 0.148748
1 0.604198 0.478995 0.134331 0.123637
0 0.339782 0.587751 0.172979 0.160098
1 0.459592 0.872848 0.130108 0.178937
1 0.758917 0.0477964 0.137199 0.0955928
1 0.461215 0.191374 0.0898995 0.0858431
1 0.147197 0.756181 0.118341 0.153204
1 0.928188 0.0402358 0.0805455 0.0781039
1 0.405587 0.0156807 0.0667684 0.0313614
1 0.970433 0.0529204 0.0575032 0.100152
1 0.337921 0.589417 0.174159 0.162551
1 0.741393 0.0301471 0.0981851 0.060081
0 0.743481 0.298867 0.157056 0.149214
0 0.970948 0.0515141 0.0577326 0.0976698
0 0.152525 0.756038 0.120286 0.149325
