1 0.311625 0.422743 0.135607 0.132534
1 0.399452 0.812648 0.132478 0.123967
1 0.290209 0.678121 0.119242 0.117885
1 0.550367 0.0831523 0.162789 0.158023
1 0.422338 0.275246 0.126823 0.123981
1 0.288905 0.163453 0.159146 0.157656
1 0.376211 0.48984 0.114891 0.107605
1 0.13043 0.554579 0.159781 0.152203
1 0.202961 0.604226 0.108005 0.105586
1 0.566535 0.392486 0.126318 0.123734
1 0.147732 0.820035 0.107311 0.107143
1 0.201454 0.293704 0.167172 0.153773
1 0.216276 0.863225 0.13695 0.131914
1 0.046211 0.41785 0.092422 0.112443
1 0.190448 0.0331383 0.114634 0.0661895
1 0.47744 0.852586 0.139827 0.145899
1 0.928091 0.207265 0.13395 0.138279
1 0.354434 0.952005 0.129547 0.0954272
1 0.0854895 0.725355 0.164907 0.161427
1 0.793336 0.0980508 0.142541 0.136517
1 0.714502 0.0452125 0.13816 0.0897453
1 0.765906 0.573149 0.0874348 0.0878751
1 0.483034 0.335895 0.132652 0.13077
1 0.937572 0.425629 0.124278 0.139939
1 0.802461 0.335986 0.117353 0.12856
1 0.628975 0.451147 0.113343 0.10444
1 0.747769 0.272419 0.170009 0.168903
0 0.0951834 0.171833 0.140667 0.133122
1 0.0392986 0.666928 0.0780103 0.132444
1 0.862569 0.380506 0.132699 0.151778
1 0.546567 0.910719 0.151082 0.13762
1 0.27885 0.924497 0.128943 0.13059
1 0.567212 0.648374 0.132815 0.132232
1 0.621054 0.943381 0.142509 0.113239
1 0.687924 0.205163 0.143233 0.148139
1 0.97136 0.824568 0.0568696 0.0936072
1 0.634037 0.706989 0.127239 0.123991
1 0.485647 0.0441989 0.136269 0.0883979
1 0.602094 0.154242 0.161494 0.149476
1 0.34699 0.748724 0.153501 0.141731
1 0.634501 0.0254361 0.0996912 0.0508722
1 0.81942 0.620849 0.135297 0.145822
1 0.702678 0.749238 0.121054 0.132607
1 0.852951 0.155751 0.141735 0.128936
1 0.779945 0.784672 0.15996 0.179446
1 0.0894699 0.980301 0.0811637 0.0391726
1 0.0390282 0.965176 0.0780565 0.0692816
1 0.685999 0.506561 0.0972455 0.099844
1 0.240604 0.0904331 0.108904 0.120845
1 0.0472479 0.120595 0.0944958 0.104853
1 0.0669209 0.497298 0.133842 0.144045
1 0.139032 0.242342 0.162072 0.141865
0 0.94785 0.907528 0.1043 0.125418
1 0.345467 0.226585 0.153903 0.153471
1 0.979202 0.731797 0.0413191 0.0881622
1 0.367311 0.20599 0.103353 0.104047
1 0.433541 0.979179 0.0938755 0.041414
1 0.518951 0.581082 0.142015 0.150275
1 0.446088 0.53326 0.128423 0.122983
1 0.408493 0.0248221 0.0898628 0.0494274
0 0.139133 0.237917 0.168024 0.14082
1 0.31845 0.253822 0.093353 0.0937486
1 0.240376 0.36778 0.122377 0.136344
0 0.707351 0.966244 0.12928 0.0669696
0 0.53118 0.565928 0.119295 0.118308
1 0.970429 0.259393 0.0584812 0.140187
1 0.945954 0.912202 0.108092 0.141351
1 0.0119941 0.910698 0.023618 0.0475841
1 0.811454 0.735247 0.101636 0.0834665
