1 0.63382 0.341474 0.126732 0.127929
1 0.324776 0.334574 0.117488 0.117911
0 0.807977 0.659152 0.125432 0.120675
0 0.385913 0.916789 0.124427 0.134079
1 0.847042 0.101977 0.152473 0.143084
1 0.418846 0.528293 0.111637 0.102812
1 0.448473 0.635785 0.0901983 0.0744802
0 0.715574 0.0353867 0.0951974 0.0693866
0 0.390535 0.14559 0.0917872 0.11278
0 0.543145 0.240568 0.0935657 0.110758
1 0.929452 0.533565 0.14018 0.150086
0 0.2274 0.413196 0.0812484 0.0768886
0 0.677972 0.44277 0.116571 0.146959
0 0.236784 0.142601 0.106369 0.106665
0 0.984878 0.119586 0.0297526 0.0810855
1 0.418072 0.290797 0.0726248 0.0827128
0 0.200957 0.048993 0.0804054 0.0608972
1 0.380487 0.0380472 0.0748894 0.0755462
0 0.836998 0.485035 0.13124 0.145224
1 0.532033 0.120883 0.0916425 0.109916
3 0.839272 0.483792 0.128705 0.147876
1 0.200357 0.048557 0.0809865 0.061727
1 0.974654 0.172271 0.0501163 0.0453367
