2 0.17317 0.220264 0.249706 0.253026
2 0.862536 0.395443 0.104967 0.283674
2 0.932564 0.696063 0.134096 0.150074
1 0.756911 0.15572 0.140255 0.145987
1 0.194564 0.739816 0.131926 0.132226
1 0.0598668 0.891734 0.116746 0.12983
1 0.115985 0.941942 0.13344 0.116117
0 0.329714 0.839522 0.134116 0.149233
1 0.267148 0.776059 0.149794 0.154622
1 0.076672 0.602846 0.152858 0.166146
1 0.369559 0.420427 0.16316 0.178551
1 0.430679 0.142416 0.122222 0.117593
1 0.136548 0.662831 0.145625 0.146816
1 0.472761 0.219564 0.123357 0.121164
2 0.620917 0.505344 0.116445 0.192999
1 0.686985 0.845406 0.129005 0.131615
1 0.600511 0.193469 0.0903869 0.101353
1 0.380176 0.0716446 0.11595 0.110253
1 0.284119 0.341467 0.172878 0.180396
1 0.663226 0.0645979 0.137895 0.129196
1 0.0485429 0.536826 0.0961251 0.1492
1 0.599874 0.369921 0.102759 0.0890431
1 0.502237 0.0522847 0.0958658 0.101934
2 0.709527 0.434783 0.101324 0.183705
1 0.543898 0.131922 0.104928 0.115613
2 0.609833 0.707598 0.18409 0.185847
1 0.740072 0.962776 0.149323 0.0738139
1 0.6633 0.262253 0.121015 0.112796
1 0.928255 0.834527 0.143491 0.138015
1 0.38577 0.914999 0.141157 0.128296
1 0.949096 0.930206 0.101567 0.12465
2 0.386094 0.915023 0.140883 0.130069
1 0.522712 0.285491 0.117793 0.124608
2 0.754424 0.157364 0.142213 0.153564
1 0.728524 0.575938 0.0987241 0.117494
2 0.661623 0.063069 0.13911 0.126138
1 0.0278076 0.832235 0.0551416 0.104304
0 0.948055 0.929932 0.103108 0.124185
2 0.281333 0.34059 0.189157 0.180366
