1 0.801293 0.396571 0.159893 0.138874
0 0.769809 0.496518 0.183616 0.140472
1 0.433859 0.563893 0.167861 0.138195
1 0.854876 0.304846 0.192335 0.146187
1 0.738478 0.589715 0.212122 0.163837
1 0.400714 0.658048 0.14023 0.116027
1 0.0876975 0.121782 0.0973414 0.124048
1 0.679078 0.680623 0.158188 0.132827
1 0.281414 0.900885 0.0938886 0.131975
0 0.267023 0.161241 0.103388 0.137559
1 0.195383 0.892427 0.106309 0.132527
1 0.871303 0.732797 0.143363 0.131077
1 0.929249 0.572771 0.14013 0.133901
1 0.36513 0.904118 0.0753709 0.152402
1 0.584846 0.952727 0.172923 0.0945464
0 0.289062 0.548662 0.110307 0.123025
1 0.855417 0.949279 0.154638 0.10086
0 0.212349 0.519129 0.0971219 0.100974
0 0.62144 0.871893 0.182414 0.124552
1 0.651218 0.776276 0.205714 0.14006
1 0.104473 0.856072 0.0825658 0.0998857
0 0.357467 0.307076 0.179794 0.111351
1 0.199757 0.280905 0.0925846 0.0851524
1 0.887996 0.849174 0.150122 0.14292
0 0.181862 0.139348 0.099279 0.118923
1 0.871501 0.231546 0.224223 0.170339
0 0.555614 0.217581 0.101686 0.12198
1 0.182243 0.138095 0.0994698 0.118127
1 0.457891 0.184229 0.13654 0.151575
1 0.0292342 0.868236 0.0584685 0.13014
1 0.0247951 0.252339 0.0492474 0.094717
0 0.0741185 0.536298 0.148237 0.104978
1 0.619285 0.869668 0.180588 0.117644
1 0.211289 0.52041 0.101655 0.0975302
1 0.0912631 0.979569 0.102641 0.0403603
0 0.352491 0.166837 0.0805818 0.127605
0 0.0241227 0.121225 0.0476708 0.120488
0 0.151566 0.29548 0.184437 0.156391
1 0.355815 0.30749 0.185536 0.111839
0 0.508529 0.321847 0.10122 0.0801762
1 0.150322 0.295092 0.178359 0.153202
1 0.350472 0.167475 0.0755267 0.125432
