1 0.89554 0.0800109 0.136992 0.134774
1 0.192318 0.23058 0.128518 0.125197
1 0.224463 0.0597756 0.140982 0.119551
1 0.352937 0.162299 0.144114 0.139454
1 0.507139 0.80475 0.143463 0.145746
1 0.579971 0.864339 0.131369 0.138174
1 0.120367 0.182399 0.132009 0.125269
1 0.427464 0.221837 0.161916 0.162796
1 0.447441 0.741145 0.113646 0.105482
1 0.124325 0.875123 0.104089 0.127564
1 0.56359 0.336186 0.138613 0.142929
1 0.257873 0.29336 0.121645 0.111199
1 0.72339 0.158148 0.164086 0.172871
1 0.308347 0.889956 0.119774 0.141634
1 0.0856809 0.0760918 0.0966244 0.0930997
1 0.375355 0.689572 0.145791 0.140085
1 0.799622 0.219617 0.163506 0.158293
1 0.922344 0.60508 0.126531 0.12013
1 0.701733 0.451917 0.136585 0.151951
1 0.24019 0.579362 0.127091 0.117323
1 0.937203 0.322327 0.125594 0.12931
1 0.638641 0.388559 0.130836 0.141256
1 0.283326 0.113028 0.140552 0.150661
1 0.809593 0.739337 0.13749 0.13482
1 0.946003 0.848934 0.107993 0.148824
1 0.536904 0.515581 0.133159 0.132206
1 0.219592 0.854845 0.100261 0.115408
1 0.596449 0.0536185 0.143705 0.106788
1 0.76695 0.513491 0.16098 0.163272
1 0.658787 0.0996823 0.12817 0.149007
1 0.748508 0.687554 0.155806 0.177495
1 0.668359 0.642387 0.162475 0.158744
0 0.474975 0.964579 0.122649 0.0688717
1 0.4027 0.938726 0.119085 0.114428
1 0.5944 0.59266 0.146408 0.146314
1 0.393743 0.41213 0.158505 0.166178
0 0.078938 0.692406 0.135428 0.160623
1 0.459329 0.471807 0.154389 0.162319
1 0.848355 0.557728 0.147815 0.141287
1 0.324393 0.34732 0.160325 0.169234
1 0.291935 0.639057 0.181535 0.182595
1 0.0502553 0.134299 0.100175 0.129835
1 0.872359 0.26665 0.154965 0.169257
0 0.134134 0.0398138 0.11885 0.0796276
1 0.490274 0.287493 0.151261 0.159934
1 0.037719 0.880203 0.0754381 0.144383
1 0.577366 0.977787 0.0923898 0.0440805
1 0.646478 0.924797 0.150621 0.147576
1 0.500899 0.0344541 0.125239 0.0686399
1 0.974196 0.378982 0.0512383 0.103511
1 0.751839 0.0258409 0.0811135 0.0512824
0 0.0327179 0.563169 0.0649966 0.09209
1 0.823739 0.0412032 0.138811 0.0815218
0 0.0165181 0.563814 0.0327616 0.0916789
0 0.293665 0.641452 0.184153 0.180676
1 0.707237 0.0143442 0.0563209 0.0286885
