1 0.567044 0.801677 0.139646 0.0921824
1 0.547893 0.879219 0.111901 0.0976768
1 0.775596 0.104959 0.0860338 0.119465
1 0.201797 0.51583 0.159908 0.0891565
1 0.627884 0.464392 0.146801 0.100918
1 0.610748 0.63981 0.139611 0.101768
1 0.180001 0.683717 0.142424 0.100291
1 0.691429 0.116571 0.0847552 0.122278
1 0.145071 0.853301 0.128304 0.0987383
1 0.312448 0.864192 0.147675 0.0908836
1 0.123812 0.931698 0.140902 0.10439
1 0.704823 0.906024 0.134921 0.099159
1 0.596456 0.725388 0.140313 0.0997529
1 0.331537 0.786577 0.131132 0.0915363
1 0.394977 0.371214 0.15471 0.107493
1 0.934112 0.538728 0.13069 0.137721
1 0.513335 0.124761 0.089932 0.161146
1 0.950946 0.092314 0.0981073 0.138815
1 0.294688 0.949245 0.139949 0.100653
1 0.544679 0.956923 0.14799 0.0857024
1 0.192383 0.599475 0.142131 0.0823246
1 0.603917 0.125297 0.087881 0.120934
1 0.347376 0.14162 0.0897949 0.123417
1 0.631645 0.353622 0.109884 0.114046
1 0.380576 0.457542 0.145299 0.0939544
1 0.359938 0.709073 0.160501 0.096348
1 0.943786 0.911853 0.111843 0.0968103
1 0.729099 0.823826 0.116101 0.0889926
1 0.163845 0.771773 0.140912 0.0986043
1 0.435287 0.148892 0.0804846 0.112612
1 0.380096 0.542601 0.126886 0.0980327
1 0.746969 0.729424 0.137994 0.126573
1 0.937784 0.966359 0.122597 0.0667247
0 0.797117 0.658765 0.155086 0.120037
1 0.356422 0.622094 0.131922 0.0928807
0 0.857465 0.585748 0.129311 0.133016
1 0.61936 0.553682 0.135544 0.0909866
1 0.243291 0.399929 0.121555 0.129749
1 0.695975 0.973366 0.120723 0.0530238
1 0.176854 0.174222 0.075037 0.0927995
1 0.257294 0.150573 0.0851872 0.12082
0 0.86789 0.102854 0.0849668 0.115222
1 0.802105 0.488465 0.0961084 0.0788302
1 0.731009 0.357726 0.0937924 0.125529
1 0.21794 0.0346139 0.177264 0.0692278
1 0.896927 0.35016 0.0880321 0.133957
1 0.112054 0.985236 0.143003 0.0291554
1 0.96621 0.348282 0.0670483 0.132356
1 0.955587 0.790293 0.0884979 0.133119
0 0.619311 0.55489 0.13661 0.091216
0 0.95708 0.789804 0.0846597 0.129653
0 0.898892 0.349793 0.0896597 0.133282
1 0.812031 0.353387 0.0863398 0.138112
0 0.258955 0.151391 0.0893718 0.120918
1 0.867296 0.102403 0.087831 0.11686
0 0.730442 0.358594 0.0897408 0.132236
1 0.856855 0.58568 0.127791 0.13415
1 0.124697 0.182615 0.0386181 0.0844089
0 0.217638 0.0340335 0.181231 0.068067
