2 0.209864 0.223413 0.198061 0.210698
1 0.207746 0.736464 0.161476 0.150756
3 0.287627 0.345436 0.142244 0.141533
1 0.275983 0.951306 0.119397 0.0964539
1 0.617659 0.322564 0.150115 0.142206
1 0.839292 0.379386 0.112036 0.101116
1 0.811101 0.223592 0.11683 0.115059
1 0.73871 0.40287 0.11922 0.131809
1 0.136124 0.965041 0.13001 0.0695605
1 0.384663 0.940981 0.108596 0.118039
1 0.0640697 0.871317 0.128139 0.128709
1 0.949488 0.361829 0.101025 0.104865
1 0.961738 0.215962 0.0762868 0.0952059
1 0.114681 0.821617 0.131664 0.135415
1 0.486738 0.938606 0.0862772 0.122788
1 0.953568 0.271905 0.0908377 0.0917862
1 0.581315 0.926348 0.100031 0.142323
3 0.690249 0.917447 0.104894 0.162875
0 0.935906 0.555928 0.128189 0.143529
1 0.936816 0.061405 0.116966 0.122658
0 0.487395 0.93853 0.0893047 0.12206
2 0.540103 0.0514182 0.194911 0.101892
0 0.852514 0.0920246 0.107544 0.10336
0 0.651181 0.439297 0.111307 0.103597
1 0.576456 0.402474 0.103487 0.088675
0 0.78755 0.501497 0.0902702 0.0874688
