2 0.921597 0.799125 0.154302 0.40175
1 0.303223 0.352427 0.101622 0.101708
1 0.279165 0.136861 0.0962008 0.0960121
1 0.116254 0.384656 0.0980375 0.0898572
1 0.693366 0.0786742 0.092308 0.095163
1 0.612023 0.964193 0.13076 0.0716147
0 0.971609 0.43573 0.0551869 0.117131
1 0.234298 0.53106 0.0969964 0.163524
1 0.330812 0.517966 0.109821 0.157974
1 0.14737 0.549312 0.101066 0.138572
1 0.682124 0.320127 0.0971236 0.130667
2 0.773232 0.712186 0.187171 0.197895
1 0.495949 0.0751052 0.0899376 0.13949
1 0.947629 0.246138 0.100167 0.0931951
1 0.776115 0.286663 0.0878606 0.0821534
0 0.7778 0.286095 0.0869036 0.0829142
1 0.857011 0.0468911 0.112226 0.0931973
2 0.116605 0.861172 0.23162 0.262299
0 0.581775 0.072118 0.113167 0.140027
0 0.187154 0.130864 0.0891194 0.147458
1 0.795299 0.860279 0.100305 0.0855649
1 0.714165 0.491203 0.100201 0.106864
2 0.433027 0.494537 0.108688 0.150415
1 0.58198 0.0712886 0.11317 0.139953
1 0.394056 0.103933 0.114209 0.149188
1 0.408347 0.923549 0.141313 0.12028
1 0.619507 0.495116 0.098707 0.0981347
1 0.041216 0.422991 0.0823543 0.148952
2 0.822813 0.797404 0.287421 0.389376
2 0.529917 0.722096 0.136372 0.119293
1 0.948554 0.0369683 0.102892 0.0733621
0 0.94895 0.0377184 0.10161 0.0741215
0 0.054148 0.587844 0.107353 0.130741
1 0.0315731 0.964659 0.0625709 0.0698674
1 0.588948 0.33516 0.0919166 0.140845
1 0.880922 0.326317 0.0685165 0.0424082
0 0.394835 0.104025 0.116404 0.148871
3 0.187314 0.130136 0.0882605 0.147052
