1 0.949557 0.0621383 0.100052 0.102753
1 0.933175 0.272662 0.131064 0.111749
1 0.567973 0.0440908 0.148262 0.0872597
1 0.349487 0.903867 0.158441 0.115621
1 0.711668 0.13166 0.14612 0.135958
1 0.682225 0.336711 0.154953 0.111086
1 0.0968142 0.879962 0.161564 0.106614
1 0.37969 0.809258 0.179726 0.125373
1 0.609557 0.760228 0.199025 0.11841
1 0.586553 0.854255 0.166521 0.12084
1 0.845173 0.897443 0.161752 0.118219
1 0.937296 0.164776 0.122156 0.106037
1 0.917457 0.55919 0.159856 0.0952542
1 0.91926 0.37516 0.146662 0.0860186
1 0.915307 0.467777 0.153093 0.0862241
1 0.706908 0.22981 0.168837 0.113285
1 0.633186 0.519561 0.163344 0.105944
1 0.285158 0.124724 0.1461 0.149158
1 0.0904754 0.95952 0.177612 0.0803813
1 0.656278 0.424123 0.14412 0.0969223
1 0.871179 0.805008 0.180788 0.120335
1 0.116792 0.754193 0.143852 0.103967
1 0.0805067 0.157068 0.149701 0.132896
1 0.445077 0.483996 0.175422 0.133134
1 0.1462 0.664295 0.154932 0.115683
1 0.392337 0.713711 0.165107 0.118675
1 0.191877 0.400496 0.208298 0.1661
1 0.727677 0.0391042 0.119538 0.0763133
1 0.448653 0.380712 0.152137 0.153406
1 0.0665408 0.245411 0.132466 0.140107
1 0.519141 0.193122 0.153809 0.152213
1 0.828837 0.971203 0.159942 0.0572258
1 0.410779 0.163602 0.112793 0.123133
1 0.207807 0.287435 0.160408 0.108889
0 0.232251 0.198982 0.0714708 0.0596279
0 0.518534 0.19326 0.156675 0.150209
0 0.533644 0.116381 0.108228 0.0746145
0 0.0551615 0.340329 0.110323 0.0952745
0 0.445768 0.383171 0.146586 0.15594
