1 0.127636 0.0984421 0.123284 0.117506
1 0.765712 0.243847 0.113384 0.119789
1 0.598388 0.483683 0.123521 0.131828
0 0.478934 0.282576 0.121119 0.113774
1 0.932898 0.369469 0.134204 0.152246
1 0.631763 0.0715759 0.116529 0.107203
1 0.87174 0.42618 0.103415 0.1064
1 0.267982 0.247061 0.120478 0.117645
1 0.32341 0.169129 0.112511 0.108655
1 0.818083 0.172209 0.0903192 0.0824188
0 0.420696 0.805816 0.105007 0.101853
1 0.0905749 0.549762 0.107315 0.104523
1 0.452703 0.709546 0.101296 0.102121
1 0.376273 0.104045 0.118807 0.118751
1 0.902822 0.0449481 0.145894 0.0898963
1 0.549831 0.562869 0.123166 0.117581
1 0.721372 0.312769 0.112238 0.115008
1 0.047761 0.236853 0.0949225 0.127177
1 0.585749 0.129952 0.0885793 0.0815633
1 0.102038 0.456075 0.153667 0.129966
1 0.193522 0.943752 0.163989 0.112496
1 0.229312 0.766567 0.146563 0.119757
1 0.253608 0.677513 0.155858 0.126129
1 0.211135 0.854656 0.15381 0.106422
1 0.0814384 0.160926 0.123146 0.108677
1 0.961099 0.288708 0.0768068 0.109531
1 0.178554 0.39281 0.125983 0.120975
1 0.180452 0.0422744 0.122044 0.0841826
0 0.39825 0.886104 0.120231 0.0882783
1 0.206525 0.301834 0.161614 0.138874
1 0.39777 0.435236 0.14715 0.138988
1 0.0533706 0.627601 0.106288 0.120141
1 0.793314 0.575724 0.164283 0.154669
1 0.0258084 0.90985 0.0513022 0.097609
1 0.55031 0.226225 0.157178 0.157384
1 0.325774 0.492953 0.110164 0.10734
1 0.879827 0.102938 0.134023 0.12818
1 0.377264 0.959805 0.153302 0.0801269
1 0.651539 0.413143 0.148171 0.16046
1 0.677571 0.0300206 0.112776 0.0600413
1 0.302669 0.589223 0.156943 0.1429
1 0.642427 0.850151 0.0869025 0.132175
1 0.724111 0.850062 0.0805616 0.100268
1 0.477016 0.637596 0.136223 0.10865
1 0.0253134 0.804301 0.0503004 0.0833902
1 0.727608 0.624312 0.109403 0.104559
1 0.0317799 0.726268 0.0631363 0.0854089
1 0.94446 0.660697 0.109795 0.169083
1 0.82463 0.497256 0.115833 0.11616
1 0.964429 0.97965 0.0709355 0.0403889
1 0.0173321 0.314868 0.0345158 0.0732161
1 0.981753 0.21479 0.0362093 0.0754105
1 0.579881 0.976564 0.084747 0.0465814
1 0.734961 0.985031 0.096635 0.02987
1 0.801499 0.877382 0.0939872 0.111007
