1 0.481336 0.491846 0.142799 0.12914
1 0.455249 0.197072 0.127802 0.125711
0 0.631774 0.167686 0.102577 0.084498
1 0.263818 0.578112 0.120451 0.139587
1 0.0517934 0.457223 0.0948548 0.0735594
0 0.165677 0.651679 0.138577 0.124239
2 0.0557134 0.926287 0.109036 0.146493
1 0.107691 0.236306 0.132948 0.121235
1 0.205432 0.137842 0.0838911 0.0927038
1 0.660145 0.504354 0.154969 0.110044
1 0.626219 0.284866 0.0654535 0.0796476
0 0.122943 0.119848 0.0764898 0.0601284
0 0.116986 0.055383 0.0972791 0.0875053
0 0.314678 0.428511 0.121532 0.0893292
0 0.321063 0.346246 0.103168 0.082822
0 0.204863 0.139769 0.0840373 0.0949878
0 0.108187 0.236872 0.135966 0.122717
1 0.164007 0.653216 0.140314 0.123898
