1 0.566594 0.583285 0.11932 0.0732155
1 0.417422 0.156438 0.115271 0.0780415
1 0.792087 0.681921 0.141345 0.0757015
1 0.42972 0.0609921 0.133704 0.0820682
1 0.948726 0.41281 0.101063 0.0849116
1 0.943224 0.496897 0.113551 0.0823331
1 0.58372 0.236535 0.138685 0.0834224
1 0.93656 0.585554 0.126879 0.078969
1 0.802613 0.14471 0.128689 0.0677678
1 0.57678 0.407543 0.106931 0.0798566
2 0.416691 0.521619 0.122719 0.129626
1 0.948025 0.325283 0.102935 0.0808369
1 0.572531 0.490139 0.126078 0.0864902
1 0.427551 0.238525 0.141785 0.0835781
1 0.414386 0.70583 0.114371 0.0632994
1 0.192412 0.148074 0.11434 0.0786741
1 0.0427491 0.059884 0.0854982 0.0713543
1 0.408367 0.4143 0.0946834 0.0695948
1 0.562011 0.0592873 0.132401 0.0916475
1 0.779954 0.585415 0.153824 0.0787992
1 0.934365 0.681919 0.131269 0.0766199
2 0.0501633 0.252356 0.0996623 0.117323
1 0.57514 0.152676 0.119083 0.0741885
1 0.190615 0.0520717 0.13503 0.0937714
1 0.0494221 0.150481 0.0979804 0.0852902
1 0.939807 0.146996 0.119143 0.0807584
1 0.586249 0.323446 0.129641 0.0787344
1 0.56782 0.664455 0.138636 0.0865335
2 0.164172 0.800933 0.17984 0.159038
1 0.791541 0.496219 0.143374 0.0721869
1 0.417472 0.628584 0.123895 0.0819247
1 0.18764 0.676643 0.125041 0.0827467
1 0.8711 0.796131 0.0783317 0.0900867
1 0.93783 0.232701 0.122631 0.084676
2 0.189957 0.676136 0.123723 0.0841411
2 0.282245 0.961931 0.106316 0.0752878
1 0.0340425 0.783772 0.068085 0.123802
1 0.791899 0.205787 0.1115 0.0534939
1 0.193525 0.235196 0.123028 0.0860083
1 0.796634 0.364395 0.104235 0.0596763
2 0.18439 0.405772 0.130031 0.0856628
1 0.183723 0.405976 0.130426 0.0891613
2 0.567287 0.759127 0.157917 0.0945346
2 0.580475 0.941642 0.173489 0.116498
2 0.127896 0.762971 0.254519 0.238511
