1 0.673151 0.643285 0.0909441 0.106083
1 0.200514 0.291423 0.142515 0.110183
1 0.867615 0.877651 0.169375 0.153291
1 0.51768 0.0548293 0.0806477 0.109659
1 0.457464 0.474458 0.101722 0.127214
1 0.20286 0.46767 0.154898 0.103435
1 0.74211 0.434944 0.0843935 0.121651
1 0.511607 0.85376 0.104455 0.158052
1 0.555865 0.469436 0.0901701 0.0751201
1 0.504387 0.660596 0.0901643 0.102794
1 0.653116 0.458577 0.0919344 0.135412
1 0.857081 0.2297 0.0927858 0.133358
1 0.672796 0.839824 0.14221 0.153786
1 0.686068 0.255095 0.0993152 0.13801
1 0.402393 0.0715361 0.157094 0.142547
1 0.767398 0.234091 0.0913301 0.108823
1 0.211841 0.64792 0.135341 0.0809567
1 0.761837 0.626718 0.0908853 0.106213
1 0.595631 0.267596 0.0845881 0.131509
1 0.18051 0.0873398 0.143475 0.105948
1 0.209308 0.735457 0.138526 0.0903141
1 0.218205 0.823398 0.104494 0.081759
1 0.617016 0.0480251 0.0968277 0.0945424
1 0.827182 0.944922 0.151882 0.110156
1 0.507668 0.267779 0.0935032 0.107763
1 0.227734 0.906683 0.077105 0.0828847
1 0.588175 0.64392 0.101187 0.134641
1 0.21505 0.552056 0.10296 0.0627633
1 0.428358 0.696865 0.0954527 0.148929
1 0.173873 0.0209991 0.134286 0.0415833
1 0.881581 0.0340492 0.0772808 0.0679823
1 0.971304 0.417974 0.0570545 0.132664
1 0.418984 0.29067 0.101332 0.118182
1 0.190791 0.384299 0.150464 0.080433
1 0.946705 0.218803 0.104089 0.123216
1 0.848041 0.641674 0.0917678 0.14563
1 0.818181 0.417735 0.123471 0.162393
1 0.702843 0.0488376 0.0772576 0.0970805
0 0.972275 0.752394 0.0549242 0.116705
0 0.793286 0.0348104 0.0917628 0.0694448
1 0.79275 0.0353493 0.0914335 0.0696732
1 0.422182 0.877268 0.080876 0.105424
1 0.213417 0.975664 0.131626 0.0481791
