2 0.209181 0.309621 0.26075 0.240875
1 0.473842 0.525861 0.15422 0.103513
0 0.669497 0.467812 0.141468 0.0941297
2 0.123988 0.509043 0.124005 0.159735
1 0.362192 0.886586 0.105538 0.111857
1 0.58361 0.923613 0.0811081 0.10212
1 0.877535 0.219696 0.11111 0.110105
0 0.651476 0.296846 0.0957646 0.110669
1 0.770827 0.779887 0.109041 0.0885692
2 0.307875 0.499014 0.14102 0.138277
0 0.759909 0.0752913 0.148746 0.090443
1 0.748599 0.287079 0.0724555 0.0900273
1 0.394442 0.621807 0.176448 0.0921209
1 0.45851 0.75943 0.110696 0.105042
0 0.732796 0.517514 0.0626627 0.0432186
1 0.418384 0.983446 0.119524 0.0329336
1 0.900563 0.92136 0.114069 0.0879011
1 0.44101 0.437774 0.137043 0.0919781
0 0.74758 0.285179 0.0700855 0.0903671
1 0.528428 0.632626 0.0918123 0.0749273
1 0.307172 0.498128 0.144853 0.146668
1 0.714747 0.635538 0.0956087 0.0831585
