0 0.59709 0.672937 0.0777962 0.094636
1 0.591679 0.476113 0.085076 0.120792
1 0.713426 0.063734 0.0793872 0.101426
1 0.0310286 0.0742366 0.0620572 0.12079
1 0.221681 0.882118 0.0745126 0.110621
1 0.506296 0.472811 0.0795103 0.11722
1 0.150995 0.716491 0.123908 0.158807
0 0.818763 0.850026 0.0883372 0.155822
1 0.479176 0.877231 0.084596 0.0978951
1 0.676933 0.476622 0.0860794 0.0966757
1 0.292348 0.475174 0.0964122 0.153756
1 0.138138 0.880612 0.089898 0.104855
1 0.12473 0.485759 0.0877228 0.184789
0 0.770523 0.674381 0.083347 0.120972
1 0.794838 0.0578808 0.0847895 0.10749
1 0.242286 0.303507 0.0946041 0.147815
1 0.538746 0.0760041 0.0873256 0.144021
1 0.562585 0.882576 0.0694971 0.0796201
1 0.624322 0.070251 0.0906481 0.136531
1 0.418866 0.290393 0.0814899 0.131946
1 0.886823 0.0707402 0.0972272 0.140177
1 0.302172 0.88456 0.0798689 0.114186
0 0.509643 0.677602 0.0875008 0.0990679
1 0.0342322 0.297823 0.0684644 0.147825
1 0.886579 0.264341 0.0857091 0.106293
1 0.0436299 0.885568 0.0863489 0.165143
1 0.85732 0.669842 0.0900903 0.121754
0 0.975542 0.838788 0.0483131 0.118231
0 0.911785 0.843629 0.0858729 0.136987
0 0.372284 0.0634127 0.0861799 0.125849
1 0.967164 0.0569977 0.0655587 0.112559
0 0.280224 0.0743678 0.0857695 0.148108
1 0.80215 0.27084 0.0734332 0.110294
1 0.71397 0.274969 0.0871263 0.113319
1 0.643727 0.859016 0.0855347 0.148336
1 0.501267 0.294178 0.0840518 0.162547
1 0.0400854 0.69479 0.0801708 0.0797949
0 0.895708 0.48634 0.0756053 0.0856054
1 0.682644 0.670536 0.083603 0.078928
1 0.335133 0.290693 0.0820494 0.127201
0 0.965126 0.391486 0.0689096 0.0641425
0 0.389448 0.870541 0.0812129 0.122843
1 0.973781 0.469976 0.0521889 0.0959744
0 0.452014 0.0678992 0.0677903 0.124809
0 0.755821 0.454648 0.07547 0.122236
1 0.340898 0.700261 0.083757 0.158256
0 0.731477 0.855148 0.0861356 0.128795
1 0.429932 0.709354 0.0847961 0.146182
1 0.0342884 0.496423 0.0685769 0.0969399
0 0.949808 0.67297 0.0884438 0.139932
1 0.250543 0.700636 0.0870374 0.170428
1 0.105995 0.0780366 0.0923711 0.154786
1 0.133094 0.307916 0.128764 0.146655
0 0.194312 0.0689445 0.0850155 0.137201
1 0.587732 0.306513 0.0579485 0.145093
0 0.970237 0.258671 0.0579615 0.0948939
0 0.819783 0.462431 0.0630722 0.0971232
0 0.76722 0.510972 0.0528144 0.0764959
1 0.732733 0.859762 0.0860354 0.12127
0 0.106504 0.0776786 0.0888601 0.155187
0 0.645023 0.860036 0.0884764 0.146705
0 0.645988 0.301733 0.0707798 0.142179
1 0.105028 0.308436 0.0683832 0.136595
0 0.20444 0.491011 0.079203 0.12326
1 0.943214 0.667456 0.0745306 0.124125
0 0.251231 0.69944 0.0870398 0.170996
1 0.399661 0.486671 0.0740907 0.0797482
1 0.3836 0.458947 0.106294 0.149099
1 0.64475 0.301745 0.0687377 0.139516
0 0.990375 0.645407 0.0189382 0.0731746
0 0.586444 0.304292 0.0607536 0.139013
1 0.37217 0.0636283 0.0815055 0.127257
