0 0.0655514 0.0523735 0.0986802 0.102386
1 0.575281 0.314565 0.132339 0.133402
1 0.597299 0.786762 0.12465 0.12036
1 0.14447 0.0381019 0.0967575 0.0762037
1 0.319744 0.57121 0.0891989 0.101551
1 0.67356 0.445113 0.104927 0.0990895
0 0.267176 0.861752 0.130437 0.145007
1 0.656749 0.663226 0.106745 0.101159
1 0.398855 0.608075 0.131019 0.111451
1 0.908378 0.340944 0.151659 0.137309
1 0.834281 0.199462 0.120552 0.141746
1 0.15332 0.721487 0.121332 0.121446
1 0.686242 0.0472721 0.120584 0.0944208
0 0.687026 0.0473875 0.120037 0.094775
0 0.153457 0.720949 0.122116 0.120477
