0 0.432046 0.879158 0.161191 0.189852
1 0.500755 0.107601 0.156951 0.130245
1 0.943899 0.269446 0.111383 0.129609
0 0.0614573 0.797716 0.122841 0.180153
0 0.836179 0.939509 0.145705 0.120521
0 0.94755 0.964347 0.104384 0.0709875
1 0.937915 0.13051 0.12291 0.144326
1 0.703991 0.12375 0.145137 0.15203
1 0.505743 0.0195775 0.137316 0.0388836
0 0.313318 0.850214 0.113932 0.192166
1 0.521224 0.331751 0.137782 0.103319
0 0.176743 0.804116 0.158822 0.216013
0 0.410625 0.345273 0.0848867 0.0595179
1 0.946469 0.0264456 0.107063 0.0528912
1 0.729304 0.027683 0.0683973 0.0547292
0 0.687489 0.902383 0.204279 0.192583
0 0.689154 0.36474 0.157488 0.172427
3 0.942166 0.41371 0.112136 0.135081
1 0.942814 0.413867 0.11426 0.136454
