1 0.709511 0.631666 0.130841 0.126122
1 0.807044 0.465583 0.113019 0.0908129
1 0.456936 0.915582 0.121605 0.126925
1 0.890433 0.734542 0.127766 0.131289
1 0.60136 0.60493 0.105355 0.108969
1 0.458507 0.628381 0.0847315 0.0857239
1 0.584651 0.970085 0.114788 0.0594349
1 0.793064 0.846033 0.155023 0.147707
1 0.981896 0.487113 0.0357534 0.0739461
1 0.951184 0.0817165 0.0976325 0.109028
0 0.845399 0.117005 0.147945 0.0972515
0 0.260335 0.795807 0.109075 0.119567
1 0.476385 0.496615 0.0703186 0.0818635
1 0.260536 0.79472 0.109927 0.122232
0 0.476518 0.498019 0.0731268 0.0846099
