1 0.95926 0.0783523 0.0807148 0.102073
2 0.628817 0.0908847 0.174931 0.181598
3 0.628441 0.0905163 0.172868 0.17991
3 0.409365 0.04777 0.121372 0.0950907
2 0.2347 0.901574 0.468421 0.196852
2 0.0544356 0.0798524 0.108871 0.159705
2 0.654218 0.454321 0.193002 0.295875
3 0.240148 0.901166 0.478221 0.197669
1 0.734736 0.807266 0.066857 0.0616264
3 0.525223 0.0665443 0.155141 0.132504
2 0.525369 0.0664612 0.155193 0.131493
3 0.310403 0.464502 0.354056 0.538664
2 0.166548 0.0505857 0.299224 0.100253
