2 0.938856 0.508719 0.119364 0.224193
1 0.729283 0.529414 0.124811 0.142038
1 0.23856 0.416347 0.0901272 0.0893793
1 0.878135 0.109859 0.157378 0.118954
1 0.144091 0.42601 0.0983816 0.0964153
1 0.616059 0.075145 0.133918 0.105201
1 0.475819 0.192973 0.148152 0.124785
1 0.0552997 0.113381 0.110519 0.142589
0 0.456801 0.561526 0.101555 0.147251
1 0.416514 0.417031 0.0942047 0.142682
1 0.234767 0.208213 0.0970088 0.12037
1 0.599552 0.388539 0.0846179 0.0802317
1 0.505075 0.415443 0.0900658 0.130001
1 0.656409 0.177966 0.12235 0.111651
1 0.691356 0.395829 0.110146 0.128911
1 0.226518 0.113099 0.122459 0.0996303
1 0.171301 0.592036 0.109796 0.129901
1 0.915882 0.293415 0.143488 0.0993846
1 0.043767 0.406933 0.0871633 0.125588
1 0.898439 0.194172 0.159407 0.119227
1 0.611592 0.019418 0.0973718 0.0383823
1 0.627715 0.574722 0.0955789 0.0935508
2 0.111919 0.87119 0.223619 0.123655
1 0.325961 0.408106 0.0879404 0.0922223
1 0.844929 0.0436763 0.16981 0.0872065
1 0.443377 0.0348712 0.141045 0.0697345
1 0.980296 0.769368 0.0389287 0.090872
0 0.208089 0.0419066 0.122725 0.0832163
1 0.965782 0.0272446 0.0680244 0.0541483
3 0.74186 0.817436 0.263661 0.1807
0 0.133 0.0646688 0.0701329 0.129338
1 0.454597 0.098092 0.134155 0.1013
1 0.206286 0.0422086 0.122249 0.0844172
0 0.441661 0.0356338 0.145879 0.071143
1 0.578922 0.180882 0.0730844 0.101814
1 0.0218193 0.0344992 0.0429281 0.0689985
2 0.73871 0.953498 0.292876 0.0924296
