1 0.100636 0.190135 0.143451 0.0963103
1 0.216091 0.530361 0.148311 0.132812
0 0.734637 0.271149 0.10454 0.128422
1 0.470492 0.591589 0.164252 0.144115
1 0.099445 0.102465 0.161203 0.0932272
1 0.360723 0.759651 0.169897 0.154056
1 0.168534 0.602578 0.142231 0.141779
1 0.159065 0.879069 0.190086 0.159269
1 0.577976 0.241663 0.0913973 0.106474
1 0.802484 0.564493 0.112243 0.154505
1 0.561682 0.491955 0.110936 0.145512
1 0.0710778 0.0343965 0.138375 0.0684261
1 0.375286 0.189885 0.120188 0.129649
1 0.0809716 0.427109 0.128517 0.118159
0 0.404012 0.67565 0.133331 0.129224
1 0.264103 0.448297 0.146266 0.116313
1 0.115596 0.332769 0.142388 0.114514
1 0.0873999 0.668046 0.152177 0.147024
1 0.702864 0.0841102 0.122748 0.139043
1 0.482695 0.457213 0.132468 0.139789
1 0.890126 0.570186 0.0873783 0.112167
1 0.54066 0.050679 0.106173 0.101358
1 0.362248 0.0344567 0.100625 0.0687646
1 0.784843 0.0976734 0.114568 0.141358
1 0.65084 0.495254 0.0910175 0.103141
1 0.626073 0.05809 0.111946 0.11618
1 0.812869 0.30072 0.104311 0.13705
1 0.039126 0.507828 0.0781425 0.118516
0 0.959945 0.323484 0.0773611 0.143379
1 0.463529 0.0357366 0.100288 0.0708705
1 0.0410463 0.721625 0.0820925 0.131327
0 0.943201 0.140223 0.111528 0.121157
0 0.300322 0.240131 0.128208 0.152472
1 0.29966 0.241079 0.125639 0.152434
1 0.648885 0.26126 0.106092 0.121161
1 0.280511 0.834886 0.1639 0.158589
1 0.495693 0.18391 0.105701 0.116562
1 0.893839 0.320124 0.112582 0.131997
0 0.722495 0.533795 0.105564 0.136507
0 0.288232 0.374745 0.142856 0.10279
1 0.286545 0.376082 0.144169 0.109328
1 0.720934 0.534031 0.106402 0.140067
0 0.648984 0.260372 0.105639 0.125318
0 0.893789 0.320292 0.108903 0.135358
1 0.406544 0.675639 0.137732 0.129921
0 0.981007 0.181507 0.037428 0.125969
