0 0.898534 0.421648 0.0982859 0.090898
0 0.684798 0.593385 0.119797 0.120093
0 0.210271 0.783044 0.175256 0.158511
1 0.376038 0.604524 0.156373 0.149921
1 0.969229 0.320767 0.0612242 0.0952752
1 0.468416 0.0375968 0.09058 0.0642311
1 0.0566965 0.254341 0.112899 0.140958
1 0.060753 0.690516 0.121297 0.16377
1 0.660136 0.498171 0.0912759 0.0903957
2 0.678052 0.108519 0.210536 0.215404
1 0.252737 0.275713 0.0898946 0.0918617
1 0.209554 0.527701 0.139947 0.138956
1 0.470038 0.503008 0.0874447 0.0884446
1 0.167746 0.0198725 0.0809585 0.0396185
1 0.367692 0.888651 0.0755782 0.077823
1 0.333962 0.658569 0.110653 0.135892
1 0.39867 0.931345 0.146487 0.136334
0 0.551699 0.757183 0.168707 0.142468
1 0.33785 0.365324 0.149891 0.145486
1 0.538006 0.0701875 0.0633249 0.0681828
