1 0.346358 0.309897 0.132167 0.121176
1 0.20472 0.526123 0.145332 0.149842
1 0.246507 0.450809 0.124084 0.127263
1 0.306081 0.657716 0.18065 0.158558
1 0.825142 0.80988 0.146666 0.143011
1 0.0879064 0.283418 0.14481 0.126432
1 0.136703 0.584735 0.119615 0.126424
1 0.0487642 0.718469 0.0975285 0.121642
1 0.874074 0.292564 0.213119 0.214502
1 0.366798 0.581882 0.141811 0.13422
1 0.0639996 0.361656 0.127999 0.142514
1 0.0833153 0.650437 0.115407 0.108253
0 0.587439 0.649217 0.11285 0.110837
1 0.749996 0.873176 0.154909 0.145529
1 0.45947 0.445591 0.136055 0.120896
1 0.287826 0.375163 0.118046 0.120695
0 0.681996 0.945923 0.125915 0.106981
1 0.539321 0.714969 0.118835 0.11971
1 0.623489 0.977611 0.0967432 0.044426
1 0.952476 0.14531 0.0942966 0.140516
1 0.757166 0.0632755 0.0974858 0.0897405
1 0.932297 0.210662 0.135405 0.153522
1 0.48265 0.799231 0.133131 0.143975
1 0.44349 0.514704 0.133871 0.113467
1 0.780971 0.0391579 0.120583 0.0783158
1 0.0251353 0.79341 0.0497416 0.0920582
1 0.58651 0.649468 0.109738 0.107564
1 0.787263 0.0567795 0.166802 0.112268
