1 0.819265 0.647378 0.201076 0.175716
1 0.463446 0.87747 0.0904442 0.0846057
1 0.179598 0.320722 0.153214 0.164589
1 0.632932 0.068128 0.144338 0.136256
0 0.111442 0.948921 0.103363 0.102159
1 0.655068 0.572856 0.0857908 0.0969639
0 0.382885 0.709357 0.0846599 0.0924479
1 0.58235 0.473372 0.125623 0.127337
1 0.0403339 0.757255 0.0804946 0.0925418
1 0.949209 0.0665981 0.100957 0.131372
1 0.269454 0.755081 0.114969 0.101429
1 0.956412 0.341956 0.0871753 0.126447
1 0.567789 0.133595 0.0628711 0.0631682
0 0.104435 0.168115 0.135556 0.136307
1 0.79875 0.928368 0.102697 0.112867
1 0.513452 0.768555 0.136596 0.169696
1 0.60365 0.777512 0.0850942 0.1175
1 0.69107 0.356608 0.157149 0.154355
1 0.0544912 0.0481203 0.108982 0.0951841
1 0.955975 0.957689 0.0877717 0.0843931
1 0.128174 0.713785 0.108333 0.111894
1 0.476489 0.170161 0.153501 0.15603
1 0.0293353 0.684463 0.0586706 0.058651
1 0.260316 0.957903 0.118589 0.083534
0 0.041637 0.926907 0.0832741 0.140482
1 0.390936 0.982798 0.0886622 0.034078
1 0.604029 0.915332 0.062681 0.0603101
0 0.902677 0.925609 0.101628 0.093928
1 0.0118414 0.28828 0.0234091 0.0634137
