2 0.854961 0.392042 0.168131 0.274034
1 0.615503 0.939368 0.117332 0.116405
1 0.407336 0.494561 0.223465 0.202116
1 0.161351 0.552653 0.0939319 0.103872
0 0.342958 0.945854 0.106257 0.105018
1 0.539147 0.870416 0.188442 0.178341
1 0.365248 0.706333 0.0941882 0.0874264
2 0.082261 0.286936 0.16404 0.168585
1 0.460716 0.676924 0.125451 0.111728
1 0.66494 0.11806 0.131787 0.153424
1 0.494704 0.617027 0.144057 0.145791
1 0.267706 0.516896 0.0992548 0.0947717
2 0.88483 0.811738 0.230341 0.209745
0 0.83873 0.657969 0.132386 0.111556
1 0.2674 0.966349 0.101349 0.0673023
1 0.216271 0.778803 0.134631 0.144323
0 0.304157 0.222636 0.132794 0.134736
1 0.144306 0.81743 0.118273 0.119523
1 0.0244892 0.888128 0.0475931 0.107615
1 0.0543584 0.591192 0.104287 0.119705
0 0.243888 0.026706 0.128666 0.0529999
1 0.288166 0.731657 0.115546 0.126669
0 0.652808 0.0333575 0.107157 0.0664366
0 0.755882 0.58124 0.0915689 0.0881629
1 0.081186 0.286788 0.162372 0.169347
0 0.807013 0.646491 0.0613334 0.0622939
1 0.0983859 0.842265 0.190069 0.175295
1 0.565327 0.968345 0.0961506 0.0628743
1 0.18708 0.987618 0.0894645 0.024564
1 0.304044 0.221179 0.133513 0.138575
