1 0.392591 0.683163 0.107944 0.0718995
1 0.401228 0.756518 0.119486 0.0790818
1 0.799107 0.628972 0.110222 0.0719478
1 0.366433 0.195515 0.0769149 0.118095
0 0.217247 0.574965 0.123395 0.0931031
1 0.625259 0.687765 0.134549 0.0770942
1 0.450065 0.957293 0.176874 0.0849564
1 0.813144 0.782195 0.108565 0.0800372
1 0.237241 0.822482 0.125353 0.0925758
1 0.617684 0.603882 0.128005 0.091368
1 0.259717 0.898898 0.140582 0.0967183
1 0.439255 0.903297 0.143096 0.0813587
1 0.0851003 0.199601 0.0938692 0.150244
1 0.229188 0.744753 0.113191 0.0813637
1 0.282003 0.387674 0.0641608 0.116633
1 0.805321 0.704511 0.119484 0.0822737
0 0.412613 0.824686 0.149121 0.0817921
1 0.668163 0.909692 0.14548 0.10681
1 0.763952 0.404985 0.0930746 0.12388
1 0.348844 0.389721 0.0715586 0.111106
1 0.165577 0.182993 0.0665145 0.111995
1 0.42296 0.393483 0.0753289 0.102988
1 0.831929 0.852648 0.152289 0.111444
0 0.693273 0.235753 0.0762835 0.132064
1 0.771462 0.239676 0.0840731 0.13136
1 0.216035 0.383452 0.0754063 0.124074
1 0.0478912 0.865328 0.0952186 0.0752344
1 0.855235 0.92189 0.137004 0.108443
1 0.444478 0.206117 0.0597479 0.105334
1 0.886743 0.966938 0.129211 0.065676
1 0.296335 0.209382 0.0697235 0.131927
1 0.630036 0.763706 0.138617 0.0837343
1 0.0393148 0.401994 0.0779956 0.123907
1 0.231137 0.195493 0.0648214 0.137378
1 0.0404968 0.656386 0.0809936 0.0714779
1 0.713759 0.957465 0.179859 0.0843585
0 0.219141 0.666378 0.111555 0.066756
1 0.378455 0.601729 0.127012 0.0730319
1 0.146767 0.345354 0.0745279 0.121782
1 0.020398 0.189434 0.040796 0.129377
1 0.255925 0.962221 0.12275 0.0755581
1 0.0226297 0.583386 0.0448383 0.0716791
1 0.612239 0.24241 0.0966902 0.16391
1 0.609482 0.402154 0.0807891 0.0944078
1 0.868593 0.412785 0.128752 0.138574
1 0.0545145 0.929588 0.109029 0.0696537
1 0.639018 0.842775 0.134486 0.092485
1 0.0488861 0.781489 0.0966573 0.0982153
1 0.679351 0.400702 0.0687165 0.121671
0 0.613008 0.242428 0.0972085 0.164556
1 0.983363 0.822618 0.0328555 0.101153
1 0.981314 0.558174 0.0370455 0.0714297
1 0.0576736 0.980685 0.113448 0.0386169
1 0.219792 0.667306 0.110641 0.068429
0 0.979671 0.657839 0.0401706 0.0613126
1 0.973545 0.726858 0.0524235 0.0850728
1 0.0430255 0.723418 0.0859048 0.0643679
0 0.869216 0.417004 0.130005 0.145018
