1 0.495295 0.953777 0.096355 0.0890828
1 0.0961002 0.889507 0.1922 0.168686
1 0.604791 0.872959 0.119045 0.11988
0 0.751493 0.824155 0.0661322 0.113286
1 0.391113 0.671735 0.174611 0.174804
1 0.55162 0.927127 0.114072 0.117905
0 0.572113 0.734187 0.0920622 0.080651
1 0.698354 0.548584 0.107496 0.092625
1 0.514629 0.778921 0.0922813 0.0890007
0 0.684522 0.839965 0.0842757 0.118422
0 0.680048 0.699324 0.100073 0.073966
0 0.974287 0.803384 0.0507514 0.118912
1 0.448496 0.834351 0.111702 0.100098
0 0.902566 0.796893 0.0987086 0.149842
1 0.436177 0.972009 0.102981 0.0559822
0 0.551407 0.573645 0.0898771 0.0989865
1 0.819711 0.805533 0.0849307 0.145665
1 0.901691 0.798999 0.0979385 0.149319
1 0.355179 0.912546 0.0837508 0.0875823
1 0.757462 0.985962 0.0652118 0.0277114
0 0.817853 0.805214 0.0877366 0.147364
