1 0.430271 0.0753501 0.125726 0.130984
1 0.28413 0.0393285 0.129343 0.0785589
1 0.932633 0.894785 0.134735 0.136804
1 0.545924 0.751846 0.149938 0.141432
1 0.37737 0.130363 0.133221 0.143333
1 0.735822 0.609614 0.169021 0.15578
0 0.486558 0.307222 0.128553 0.114893
1 0.178986 0.546257 0.136478 0.129884
1 0.539363 0.381538 0.127072 0.120972
1 0.421941 0.595577 0.159209 0.157548
1 0.838607 0.761719 0.120491 0.11202
1 0.60828 0.804331 0.145281 0.145579
1 0.229974 0.38092 0.130299 0.125387
1 0.657411 0.878147 0.166545 0.159155
1 0.280009 0.163025 0.164085 0.147688
1 0.963348 0.953978 0.0709593 0.0915961
1 0.354983 0.506573 0.109903 0.107334
1 0.50615 0.0468736 0.131766 0.0935291
1 0.616943 0.432541 0.164039 0.155095
1 0.310952 0.439986 0.141973 0.119813
1 0.23433 0.619782 0.141256 0.136168
1 0.299443 0.680633 0.1595 0.156478
1 0.0665713 0.149262 0.12127 0.12189
1 0.124335 0.817415 0.118864 0.117745
1 0.891323 0.551603 0.205248 0.226204
1 0.0476083 0.671242 0.0944131 0.128919
1 0.887595 0.828239 0.151071 0.126177
1 0.512247 0.970881 0.0806048 0.058239
1 0.114319 0.476926 0.170391 0.15323
1 0.0333855 0.349319 0.066771 0.113223
1 0.782459 0.679907 0.14744 0.146979
3 0.696996 0.254505 0.220898 0.226098
1 0.134859 0.105812 0.125582 0.143087
1 0.203125 0.0663223 0.149775 0.132645
1 0.471088 0.903658 0.149639 0.137699
1 0.0788441 0.421255 0.157184 0.142991
1 0.0704742 0.75788 0.140948 0.12928
1 0.589102 0.450693 0.10972 0.113154
1 0.412407 0.839634 0.144927 0.157137
1 0.946666 0.0578009 0.106329 0.114302
1 0.970101 0.137979 0.0591998 0.129742
2 0.700119 0.256475 0.224344 0.227147
1 0.718352 0.948959 0.138722 0.101493
1 0.557135 0.949972 0.0860023 0.0910635
1 0.948948 0.680988 0.0824552 0.0834265
1 0.232077 0.959874 0.182309 0.0795362
1 0.0285556 0.921402 0.0570808 0.119776
1 0.962194 0.64158 0.0744896 0.102626
2 0.231354 0.958766 0.181555 0.0817463
1 0.981687 0.721479 0.036626 0.0638962
1 0.353736 0.0127638 0.0527515 0.0255275
0 0.964341 0.640862 0.0711124 0.0993479
1 0.0258984 0.186356 0.0511929 0.110552
0 0.137653 0.102851 0.126369 0.142682
1 0.0338584 0.770369 0.0674326 0.0797694
