2 0.343312 0.910097 0.163942 0.179532
1 0.568765 0.189948 0.15018 0.154991
1 0.470888 0.24031 0.115204 0.136572
1 0.695949 0.113685 0.156947 0.162632
0 0.2358 0.0583596 0.112641 0.116023
1 0.389892 0.248439 0.111778 0.135399
1 0.788392 0.0294124 0.122598 0.0586089
1 0.298057 0.269216 0.101782 0.124782
0 0.436123 0.0398711 0.12268 0.0794609
3 0.0543972 0.869678 0.108528 0.193655
1 0.0435091 0.322954 0.08294 0.149195
1 0.210473 0.27592 0.110181 0.133363
0 0.126361 0.314493 0.108759 0.154648
2 0.0529584 0.869756 0.105498 0.192997
1 0.23502 0.0582508 0.109249 0.116502
1 0.327096 0.0488007 0.0923072 0.0966745
2 0.70788 0.94369 0.164918 0.111676
0 0.216773 0.280002 0.0977195 0.122999
