1 0.130741 0.72703 0.123948 0.124767
1 0.350937 0.631701 0.126719 0.123332
1 0.256319 0.573417 0.138304 0.1306
1 0.544355 0.75756 0.125337 0.122514
1 0.449393 0.6988 0.143792 0.1387
1 0.730758 0.923683 0.153462 0.149167
1 0.646487 0.834893 0.153067 0.157026
1 0.153689 0.511431 0.140754 0.132535
1 0.323058 0.848097 0.134212 0.144195
1 0.51546 0.959255 0.123182 0.0814905
1 0.231612 0.791542 0.142071 0.145206
1 0.426033 0.917834 0.158894 0.162496
1 0.891537 0.735953 0.128496 0.138617
0 0.0762146 0.936955 0.149633 0.125503
1 0.226786 0.281502 0.117456 0.1299
1 0.10516 0.214539 0.114881 0.134999
1 0.0671135 0.457212 0.134227 0.174444
0 0.664349 0.585246 0.14909 0.160266
1 0.361118 0.381394 0.136084 0.165791
0 0.75558 0.607508 0.139682 0.160542
1 0.820823 0.95691 0.145035 0.0851955
0 0.532481 0.447403 0.183588 0.247142
1 0.638209 0.961699 0.130582 0.0766014
1 0.451507 0.409113 0.156439 0.198587
1 0.597332 0.527116 0.111116 0.115647
1 0.040429 0.0902855 0.0645814 0.0381169
1 0.807098 0.685738 0.151443 0.179914
1 0.176414 0.976403 0.10848 0.0469033
1 0.0546561 0.667414 0.107013 0.186646
0 0.957512 0.632799 0.0834332 0.0885289
0 0.595731 0.52775 0.110101 0.116208
1 0.155871 0.259767 0.1359 0.154252
1 0.954857 0.826289 0.0897785 0.121486
0 0.0532374 0.664073 0.104731 0.177945
0 0.283832 0.336699 0.145765 0.158248
1 0.980357 0.903725 0.0387456 0.0890497
0 0.955731 0.825965 0.0875286 0.121589
0 0.033747 0.198028 0.0667121 0.129515
1 0.283714 0.336789 0.147141 0.159984
