0 0.845309 0.808849 0.124029 0.105423
1 0.404201 0.664774 0.131103 0.122138
1 0.437172 0.0739551 0.103757 0.118014
1 0.577645 0.747538 0.128445 0.151914
1 0.340216 0.0506059 0.106616 0.0975073
1 0.254291 0.0341964 0.0979901 0.0681628
1 0.175197 0.370382 0.138865 0.174662
2 0.577101 0.746704 0.128041 0.15159
1 0.058896 0.958755 0.0824073 0.0820217
1 0.165626 0.0188352 0.0826725 0.0372781
1 0.215862 0.39722 0.236404 0.240847
0 0.0691418 0.0220073 0.0892438 0.0437513
1 0.0692729 0.0216416 0.0857876 0.042985
