0 0.8921 0.620372 0.104549 0.101345
1 0.298423 0.816829 0.119099 0.107675
0 0.134839 0.108698 0.1335 0.127783
1 0.08626 0.528081 0.0951992 0.115255
1 0.339032 0.155832 0.145505 0.143556
1 0.597653 0.808449 0.137842 0.129623
0 0.667642 0.511077 0.099733 0.0852391
1 0.369759 0.671725 0.117181 0.131266
1 0.97436 0.945423 0.0508928 0.0833395
1 0.844151 0.755735 0.166667 0.170035
1 0.210105 0.405646 0.121773 0.103
1 0.556148 0.236192 0.0929646 0.128463
0 0.827411 0.0600239 0.107971 0.118918
1 0.405114 0.291138 0.139357 0.174961
1 0.541115 0.0492418 0.132143 0.0982616
0 0.265266 0.936093 0.0883758 0.122236
1 0.262897 0.908122 0.0766928 0.0666623
