0 0.66717 0.925532 0.126068 0.107423
1 0.26219 0.232498 0.115704 0.117002
0 0.409251 0.930818 0.0892214 0.118573
1 0.126902 0.100071 0.111653 0.107588
1 0.176281 0.365543 0.148951 0.123214
1 0.0711441 0.977026 0.0870335 0.0456972
0 0.498794 0.921002 0.105107 0.156388
0 0.338071 0.147306 0.108719 0.10863
0 0.78181 0.443278 0.159327 0.15196
1 0.124939 0.438044 0.142381 0.128829
1 0.165136 0.933561 0.115324 0.130835
1 0.214292 0.302949 0.108939 0.116362
0 0.675236 0.690712 0.148718 0.17067
1 0.675245 0.690086 0.147908 0.169293
0 0.125491 0.435134 0.140731 0.124417
0 0.252693 0.920495 0.0815348 0.127348
0 0.0371057 0.247504 0.0729877 0.111111
0 0.163827 0.9324 0.11986 0.132055
1 0.253447 0.919674 0.0816017 0.125509
0 0.0726721 0.501409 0.145344 0.142474
1 0.0734154 0.501292 0.146236 0.143421
1 0.0697805 0.0472012 0.112233 0.0914703
2 0.970574 0.255938 0.057075 0.192442
