1 0.354065 0.0562405 0.134846 0.110816
1 0.924756 0.36738 0.127289 0.131286
1 0.635651 0.706139 0.139213 0.141578
1 0.932426 0.803758 0.10959 0.107967
1 0.820275 0.0743834 0.145559 0.139571
1 0.35226 0.420209 0.130924 0.137602
1 0.570064 0.942409 0.113623 0.113697
1 0.96355 0.634973 0.0717757 0.109522
1 0.833655 0.765835 0.109975 0.113769
1 0.866328 0.607854 0.105394 0.11424
0 0.737625 0.731103 0.126482 0.13706
0 0.114438 0.156419 0.112404 0.128859
1 0.3932 0.29849 0.147439 0.145348
1 0.104522 0.310143 0.11721 0.118942
1 0.734119 0.554612 0.156769 0.136296
1 0.955708 0.0444902 0.0885412 0.0876414
1 0.0319588 0.153968 0.0639176 0.139155
0 0.713801 0.324898 0.145731 0.140963
1 0.381723 0.166636 0.12142 0.104576
1 0.779177 0.977397 0.110584 0.044951
1 0.967958 0.259205 0.0625352 0.104122
1 0.696483 0.459261 0.12274 0.105835
1 0.669648 0.959804 0.10603 0.0800295
1 0.15661 0.550771 0.153071 0.116863
1 0.748323 0.185043 0.107884 0.0900852
1 0.740881 0.732562 0.130393 0.135073
1 0.0315119 0.540611 0.0630239 0.109985
1 0.984426 0.397364 0.030766 0.103522
0 0.66937 0.958896 0.104747 0.0818889
0 0.534223 0.368627 0.103922 0.0648315
1 0.0165728 0.307583 0.03287 0.102874
0 0.264592 0.545249 0.153223 0.189299
1 0.263948 0.542435 0.147356 0.178806
1 0.115258 0.148226 0.10953 0.108885
