1 0.240609 0.784994 0.133733 0.111843
0 0.680977 0.171596 0.127076 0.104053
1 0.399514 0.397139 0.13651 0.107437
1 0.665693 0.242627 0.138257 0.115048
1 0.731575 0.649064 0.146857 0.112306
1 0.111776 0.528299 0.143009 0.113677
1 0.621231 0.324155 0.124704 0.100465
1 0.378822 0.479543 0.16281 0.122412
1 0.342399 0.555914 0.147173 0.120949
1 0.472165 0.2476 0.128067 0.102361
1 0.587289 0.404302 0.12189 0.106385
1 0.164453 0.36877 0.151931 0.11281
1 0.896264 0.499743 0.109781 0.128437
1 0.271961 0.129234 0.123366 0.0866428
1 0.545026 0.480818 0.160021 0.118081
1 0.510179 0.175392 0.146219 0.124815
1 0.131134 0.441596 0.163479 0.129397
1 0.45907 0.736887 0.138568 0.116075
1 0.192512 0.282123 0.16989 0.140251
1 0.370891 0.900288 0.147652 0.119437
1 0.273695 0.707627 0.130378 0.112465
1 0.424392 0.81826 0.146722 0.125661
1 0.515222 0.570978 0.157055 0.133871
1 0.438477 0.322018 0.12434 0.108939
1 0.287357 0.0542329 0.181106 0.10744
1 0.485836 0.643577 0.15736 0.141305
1 0.813277 0.467585 0.113449 0.134944
0 0.966291 0.512158 0.0654929 0.136464
1 0.174877 0.939488 0.128155 0.116657
1 0.709626 0.721146 0.136192 0.113075
1 0.67741 0.808477 0.156407 0.118006
1 0.214695 0.859735 0.151228 0.11079
1 0.0721519 0.611779 0.144304 0.124655
1 0.0518017 0.701474 0.103603 0.128616
0 0.310299 0.63148 0.160481 0.124212
0 0.237373 0.206182 0.149511 0.130082
0 0.533173 0.0891555 0.124904 0.113075
1 0.532745 0.088224 0.129539 0.112208
1 0.237493 0.205755 0.152033 0.12728
0 0.945491 0.0788838 0.108243 0.157768
1 0.315537 0.633201 0.164075 0.127013
0 0.676631 0.808555 0.156256 0.120482
0 0.897528 0.257546 0.0849252 0.107087
0 0.0304194 0.82391 0.0608388 0.0979874
0 0.071756 0.610344 0.143512 0.124934
1 0.924713 0.296352 0.149618 0.180213
0 0.175835 0.937982 0.129244 0.115208
0 0.190287 0.281369 0.174021 0.142672
0 0.925545 0.301239 0.148279 0.186854
0 0.657255 0.937967 0.135259 0.117739
