0 0.784158 0.0837354 0.110007 0.126423
0 0.491678 0.3411 0.109695 0.151029
0 0.645991 0.395755 0.107576 0.15003
0 0.708426 0.0518858 0.0964552 0.10279
0 0.636971 0.76786 0.123483 0.164904
0 0.925721 0.850477 0.0982051 0.142754
0 0.581157 0.360443 0.13329 0.165926
0 0.415735 0.302378 0.116814 0.153979
0 0.71362 0.421574 0.0946405 0.136229
0 0.932289 0.484066 0.0951648 0.138954
0 0.268401 0.625731 0.110334 0.132881
0 0.78712 0.443539 0.103053 0.13118
1 0.413734 0.130381 0.109049 0.113932
0 0.8185 0.658831 0.0942576 0.134624
0 0.708437 0.789788 0.0949876 0.124855
0 0.695057 0.242416 0.084972 0.121146
0 0.189003 0.441726 0.119003 0.147437
1 0.902301 0.304567 0.0878755 0.117332
0 0.859513 0.465605 0.0988629 0.155475
0 0.944385 0.135883 0.0848967 0.10862
0 0.273827 0.259144 0.116165 0.134959
0 0.515749 0.579146 0.112351 0.152339
1 0.48576 0.157688 0.101243 0.104801
1 0.121822 0.595285 0.0949439 0.0971308
0 0.332571 0.290832 0.0924447 0.135035
1 0.892519 0.672934 0.0895247 0.123388
0 0.830834 0.297745 0.104454 0.136485
0 0.340603 0.65403 0.0999088 0.131414
1 0.393568 0.504754 0.0998487 0.103742
1 0.84278 0.854953 0.0883391 0.102414
1 0.26357 0.461105 0.097741 0.128279
0 0.74249 0.65203 0.100105 0.145059
0 0.54381 0.744019 0.117383 0.157198
0 0.411818 0.683289 0.10157 0.121603
1 0.0550539 0.555453 0.0983878 0.119633
0 0.976784 0.854667 0.0462098 0.134733
0 0.137331 0.20084 0.102329 0.108796
0 0.476396 0.703078 0.109628 0.128435
0 0.290803 0.0700207 0.106512 0.127427
1 0.742725 0.650603 0.098864 0.136081
1 0.0703823 0.167064 0.101678 0.0925697
0 0.675491 0.634786 0.108466 0.14464
1 0.106708 0.10608 0.0816286 0.0838568
1 0.0404089 0.425933 0.0788583 0.0680957
1 0.775022 0.835514 0.0820639 0.0981138
1 0.138237 0.393721 0.0868815 0.105909
1 0.63343 0.2074 0.0973134 0.110147
0 0.773989 0.835848 0.082871 0.0970982
1 0.678404 0.636701 0.115624 0.144273
1 0.543423 0.744831 0.112453 0.154351
0 0.347216 0.104013 0.109499 0.117225
1 0.523379 0.025779 0.0717427 0.051558
1 0.466328 0.534039 0.0742376 0.0897541
0 0.617462 0.0376499 0.0749316 0.0752999
0 0.76963 0.261278 0.0837727 0.105391
1 0.47689 0.703523 0.109251 0.129724
0 0.332406 0.490331 0.10015 0.122331
0 0.232054 0.185884 0.0796467 0.0797387
1 0.0289446 0.472536 0.0575655 0.0461382
0 0.559304 0.177257 0.0916104 0.106703
1 0.0736092 0.360523 0.104308 0.111508
0 0.0267606 0.13713 0.0520247 0.115341
0 0.0720434 0.363107 0.104065 0.113323
1 0.617449 0.0383705 0.0740182 0.076741
0 0.182485 0.623541 0.0991832 0.101089
0 0.252023 0.13163 0.0782518 0.0672075
1 0.136284 0.198907 0.10322 0.108986
1 0.333009 0.48304 0.096863 0.109982
0 0.523962 0.0256356 0.0738719 0.0511552
0 0.566082 0.0329435 0.0642509 0.0658171
0 0.990076 0.145128 0.019495 0.104598
1 0.828834 0.295984 0.10397 0.136518
1 0.0923562 0.013269 0.0603504 0.0265379
0 0.968925 0.317323 0.0605756 0.10482
0 0.864898 0.106045 0.0657805 0.112362
1 0.566179 0.0323718 0.0628662 0.0647436
1 0.1811 0.626678 0.105564 0.113315
0 0.989577 0.101681 0.0203451 0.20132
