2 0.754533 0.549025 0.324766 0.320877
2 0.190762 0.272044 0.254533 0.334831
2 0.727603 0.158952 0.272887 0.317903
1 0.325849 0.843353 0.210602 0.194484
1 0.504206 0.44166 0.120948 0.112618
1 0.0913054 0.738125 0.177601 0.150241
1 0.676798 0.0470816 0.151227 0.0939068
0 0.926808 0.263207 0.123436 0.137779
1 0.56444 0.685321 0.138394 0.14518
1 0.732949 0.0785668 0.267198 0.154954
1 0.626679 0.907949 0.180964 0.172814
1 0.0496068 0.66604 0.0989739 0.0781232
1 0.0352062 0.616625 0.0704125 0.0776309
3 0.398036 0.526577 0.354226 0.392184
1 0.425036 0.874296 0.105672 0.148061
1 0.48426 0.888892 0.100594 0.152228
