2 0.464913 0.361903 0.166284 0.244861
2 0.870287 0.23674 0.259426 0.240846
1 0.485661 0.130557 0.113278 0.097863
1 0.11727 0.573411 0.139561 0.125321
1 0.0802084 0.35848 0.123322 0.136152
3 0.414557 0.675348 0.128187 0.207658
1 0.595734 0.625849 0.106261 0.160209
1 0.507182 0.622159 0.100814 0.116442
1 0.471854 0.206977 0.129121 0.0789894
1 0.153982 0.469902 0.152329 0.0866419
1 0.86064 0.581433 0.0965344 0.113636
1 0.661827 0.836928 0.125709 0.0897712
1 0.178372 0.326579 0.0797445 0.101867
1 0.94529 0.566027 0.0941819 0.128139
1 0.79257 0.965035 0.109105 0.0694151
1 0.804982 0.872506 0.104685 0.0725913
1 0.775845 0.588848 0.0917593 0.119256
1 0.134878 0.099179 0.0910673 0.109449
1 0.673352 0.597394 0.107421 0.118206
1 0.647438 0.914987 0.104499 0.0937979
1 0.42206 0.856111 0.129326 0.116377
1 0.214017 0.0885606 0.107939 0.148995
1 0.814315 0.799589 0.113456 0.0882689
1 0.0690538 0.811665 0.111947 0.125759
1 0.405148 0.959782 0.109337 0.0739052
1 0.0475851 0.11423 0.094118 0.125433
1 0.482807 0.0359107 0.124378 0.0715334
1 0.642178 0.985547 0.111561 0.0286651
1 0.202989 0.00996183 0.126772 0.0198472
1 0.0577838 0.0268871 0.114218 0.0534733
1 0.9922 0.945937 0.0154202 0.0971472
1 0.989807 0.516154 0.0203094 0.0620015
