1 0.547721 0.680872 0.10682 0.0935469
0 0.604883 0.607713 0.0976251 0.0927569
1 0.42651 0.431374 0.110257 0.123248
1 0.388724 0.228379 0.0788008 0.0803024
1 0.325752 0.465879 0.0906609 0.0873549
0 0.114253 0.197929 0.111844 0.116863
0 0.1799 0.270817 0.0896868 0.0974573
1 0.0333177 0.299031 0.0666354 0.0938936
1 0.0609924 0.126835 0.121985 0.14573
1 0.469909 0.461507 0.0855699 0.0962841
1 0.112849 0.1962 0.110591 0.113841
1 0.103872 0.351059 0.114988 0.125659
0 0.33599 0.34857 0.160676 0.158767
1 0.273688 0.2708 0.0786518 0.0743563
0 0.895719 0.887252 0.150185 0.161355
0 0.0333085 0.299728 0.06636 0.0961623
1 0.276447 0.382007 0.079752 0.0748003
1 0.188912 0.46157 0.0475368 0.048092
1 0.440396 0.501231 0.0505407 0.0461347
