1 0.647011 0.651994 0.167198 0.159631
1 0.813845 0.139589 0.163879 0.171777
1 0.456722 0.190326 0.185792 0.155613
1 0.565696 0.440392 0.166384 0.168109
1 0.94228 0.269642 0.114806 0.159957
1 0.288013 0.373531 0.149382 0.154704
1 0.762174 0.228671 0.183711 0.1814
1 0.581825 0.736209 0.181069 0.165066
1 0.500555 0.522972 0.165752 0.172531
1 0.715467 0.57247 0.159869 0.157517
1 0.145917 0.0812473 0.177246 0.161516
1 0.368102 0.687815 0.179467 0.170525
1 0.779505 0.478968 0.194702 0.183611
1 0.431821 0.606321 0.169017 0.161997
1 0.118486 0.629538 0.109376 0.0988216
1 0.89864 0.0767983 0.188533 0.153597
1 0.639902 0.362946 0.185177 0.169956
1 0.225399 0.459304 0.157911 0.15294
1 0.515815 0.817839 0.170821 0.182876
1 0.902329 0.869107 0.15786 0.153831
1 0.377496 0.280143 0.170138 0.142441
1 0.301938 0.756454 0.147359 0.137227
1 0.843985 0.926028 0.179697 0.147945
1 0.898817 0.33825 0.175304 0.148504
1 0.0520421 0.191669 0.104084 0.114232
1 0.157172 0.541531 0.178363 0.174313
1 0.410189 0.947214 0.136981 0.105411
1 0.0336307 0.24345 0.0664757 0.0981358
1 0.958355 0.0281654 0.0832897 0.0559895
1 0.402198 0.859238 0.0770476 0.0768657
1 0.551662 0.0498317 0.13173 0.0993868
1 0.9482 0.770358 0.102757 0.173149
1 0.242652 0.807965 0.160436 0.168643
1 0.730105 0.980237 0.0708318 0.0393082
1 0.46855 0.908833 0.105452 0.122402
1 0.940963 0.372869 0.0916969 0.0989096
0 0.552298 0.0502002 0.135335 0.1004
1 0.0390469 0.71666 0.0780938 0.118017
1 0.670617 0.0267607 0.108721 0.0531467
