1 0.903048 0.343339 0.168404 0.161165
1 0.796255 0.140859 0.107431 0.100093
1 0.689917 0.0752009 0.116107 0.120515
1 0.0561306 0.934391 0.111029 0.129505
1 0.0439456 0.568138 0.0878911 0.104652
0 0.134108 0.496645 0.0867747 0.0943977
1 0.210869 0.818277 0.142813 0.126096
1 0.0927899 0.662624 0.13728 0.124286
1 0.209553 0.712453 0.233135 0.219186
0 0.963472 0.189175 0.0720127 0.106779
2 0.204177 0.704146 0.243565 0.205512
1 0.126702 0.967278 0.16433 0.0646538
1 0.0469714 0.35159 0.0935324 0.130614
1 0.963604 0.190156 0.072072 0.108572
0 0.0476735 0.353246 0.0953148 0.134547
