0 0.323588 0.414065 0.106855 0.117066
1 0.50661 0.897854 0.113407 0.103854
1 0.186322 0.757612 0.056388 0.0845486
1 0.802374 0.29314 0.0757086 0.0772032
0 0.910378 0.622701 0.134019 0.149043
1 0.745062 0.952708 0.109191 0.0940289
0 0.919528 0.0367293 0.0620055 0.0734586
2 0.335483 0.150885 0.159476 0.135839
1 0.462233 0.972723 0.120168 0.0539005
1 0.664397 0.34982 0.146044 0.148322
1 0.30711 0.675234 0.0561804 0.0713766
0 0.0497123 0.58341 0.0858277 0.090493
0 0.768597 0.621906 0.114474 0.123401
0 0.913812 0.77845 0.170699 0.159831
1 0.945527 0.329947 0.10841 0.0952635
0 0.984327 0.530355 0.0309389 0.0799232
0 0.663855 0.352241 0.145795 0.14964
0 0.193455 0.531387 0.0849811 0.0470352
1 0.311333 0.708058 0.0734993 0.139027
