2 0.203711 0.130923 0.306466 0.260665
2 0.89347 0.20723 0.179565 0.250627
2 0.754725 0.310898 0.180868 0.320897
2 0.494608 0.378823 0.301671 0.17525
1 0.729725 0.848518 0.140559 0.133035
2 0.132881 0.454142 0.186636 0.287529
1 0.857854 0.791175 0.156792 0.128748
1 0.844576 0.700307 0.145073 0.107991
3 0.589526 0.551786 0.300717 0.16983
0 0.899631 0.875772 0.123928 0.102859
1 0.762207 0.933153 0.13347 0.120719
2 0.169396 0.69363 0.336963 0.23214
3 0.763328 0.0784152 0.340342 0.15683
2 0.93348 0.424207 0.130855 0.133095
1 0.561371 0.975025 0.114827 0.0495379
2 0.314902 0.275511 0.3214 0.208619
3 0.0513395 0.208879 0.101979 0.170944
1 0.30477 0.971461 0.131588 0.0569315
1 0.24072 0.924544 0.142688 0.140123
1 0.421676 0.9733 0.102167 0.0530337
2 0.0416091 0.535982 0.0822121 0.125582
1 0.521964 0.823026 0.111477 0.0999178
2 0.0515531 0.212111 0.102381 0.170244
1 0.510676 0.929377 0.113387 0.0958787
2 0.4165 0.0324904 0.14844 0.0646884
0 0.660859 0.764307 0.115582 0.0919967
2 0.383594 0.0775052 0.212306 0.154651
0 0.300384 0.972323 0.135507 0.055033
