0 0.487828 0.887139 0.135224 0.13169
1 0.783983 0.915014 0.150734 0.14285
2 0.534661 0.306495 0.31588 0.381039
1 0.944285 0.741779 0.11143 0.122842
1 0.858986 0.954842 0.118157 0.08927
1 0.548021 0.802527 0.144246 0.134246
1 0.943583 0.520167 0.112834 0.133942
0 0.611289 0.937499 0.121949 0.123042
1 0.9075 0.451509 0.117109 0.110151
1 0.659047 0.516155 0.131075 0.122395
1 0.806959 0.634243 0.124014 0.119489
1 0.78564 0.324123 0.115865 0.1056
1 0.244402 0.86038 0.181753 0.129538
1 0.387081 0.621594 0.139794 0.125701
1 0.781367 0.0493456 0.121983 0.0986911
1 0.930334 0.165528 0.139332 0.13727
1 0.870201 0.68013 0.15544 0.155359
1 0.298093 0.791078 0.141212 0.113026
1 0.736088 0.841279 0.133579 0.145043
1 0.234453 0.940734 0.13117 0.114944
1 0.593112 0.720558 0.139722 0.123518
1 0.660254 0.80162 0.144622 0.147148
0 0.348958 0.702815 0.145178 0.140437
1 0.974383 0.813193 0.050595 0.110087
1 0.962486 0.224058 0.0738113 0.12275
1 0.837047 0.400179 0.155038 0.148781
1 0.743268 0.56655 0.117008 0.130886
1 0.922698 0.98782 0.0745621 0.0242177
1 0.852674 0.560917 0.0525908 0.052819
0 0.698493 0.964308 0.133095 0.0713847
1 0.34597 0.701461 0.14707 0.134897
