1 0.286323 0.371437 0.139724 0.0874941
1 0.267669 0.466008 0.148598 0.0888447
1 0.274512 0.567977 0.147092 0.112979
1 0.194244 0.829772 0.0999345 0.10714
1 0.315822 0.199513 0.157302 0.09991
1 0.303822 0.284525 0.153086 0.0925083
1 0.506054 0.374485 0.169258 0.0778056
0 0.262539 0.958641 0.0921466 0.0566802
1 0.49223 0.548991 0.158707 0.135664
1 0.0881439 0.156073 0.133737 0.0927553
1 0.318934 0.105344 0.149572 0.107387
1 0.100323 0.0798303 0.126648 0.0890591
1 0.489622 0.44554 0.1578 0.0795755
1 0.0741688 0.238896 0.144544 0.103682
1 0.515974 0.295598 0.148512 0.0849335
0 0.538861 0.207978 0.130197 0.101935
1 0.0551126 0.447168 0.10935 0.164594
1 0.235063 0.684119 0.122705 0.116894
1 0.559882 0.139012 0.123667 0.085844
1 0.101549 0.837106 0.05943 0.0935488
1 0.0797811 0.645802 0.100925 0.0899327
2 0.874087 0.0733144 0.251166 0.142717
1 0.0812595 0.873075 0.106081 0.168025
1 0.0174162 0.845091 0.0345302 0.100902
1 0.0676792 0.915667 0.0752163 0.0758724
