1 0.585815 0.467855 0.156612 0.13318
1 0.922352 0.293091 0.123273 0.127426
1 0.298689 0.692065 0.147257 0.135875
1 0.89692 0.727599 0.171141 0.143354
1 0.495769 0.638423 0.168129 0.137893
1 0.614386 0.377606 0.174167 0.133219
1 0.410401 0.431578 0.154101 0.134235
1 0.384804 0.914114 0.161784 0.145648
1 0.717293 0.759331 0.125673 0.121821
1 0.541076 0.55476 0.168935 0.149543
1 0.33448 0.610054 0.155885 0.135725
1 0.689608 0.197921 0.171529 0.146432
1 0.866763 0.822199 0.155565 0.132576
1 0.655019 0.291835 0.169572 0.136322
1 0.950914 0.201889 0.0966346 0.144829
1 0.80648 0.571442 0.158631 0.148508
1 0.451881 0.344359 0.135843 0.121461
1 0.171945 0.864153 0.121147 0.120896
1 0.750199 0.667444 0.128571 0.130805
1 0.824594 0.909801 0.156726 0.133177
1 0.499466 0.25751 0.118934 0.126156
1 0.923883 0.627879 0.151886 0.148829
1 0.681698 0.841807 0.152117 0.138682
1 0.371444 0.525698 0.149279 0.138263
1 0.843262 0.474266 0.128163 0.117139
0 0.948742 0.531356 0.102517 0.132227
1 0.310626 0.0805875 0.190943 0.158294
1 0.966957 0.441713 0.0656166 0.10668
1 0.412618 0.817666 0.184114 0.150338
1 0.792382 0.967842 0.13682 0.0638874
1 0.0557395 0.97185 0.108791 0.0560831
1 0.595846 0.977927 0.101854 0.0438149
1 0.453358 0.725854 0.176365 0.156498
1 0.985879 0.119563 0.0279475 0.0568557
1 0.309966 0.954513 0.189458 0.0896552
1 0.241236 0.775266 0.103711 0.124578
1 0.83523 0.0452904 0.128093 0.0896094
1 0.638444 0.93287 0.128316 0.126929
1 0.122029 0.934962 0.14616 0.127978
0 0.871619 0.377764 0.111166 0.112474
1 0.948574 0.529741 0.102851 0.135937
1 0.873115 0.380403 0.122711 0.119972
1 0.53017 0.0158869 0.0954359 0.0317737
