0 0.558747 0.15169 0.0911589 0.161128
1 0.563685 0.383839 0.0837371 0.111277
0 0.816411 0.390916 0.0877855 0.130956
1 0.71871 0.550976 0.149695 0.137955
1 0.645703 0.388808 0.0787647 0.116805
1 0.90241 0.381431 0.0842636 0.120299
1 0.500321 0.509905 0.117787 0.0760443
1 0.508817 0.764758 0.120883 0.0848465
1 0.728607 0.383439 0.0809016 0.109121
1 0.503532 0.590945 0.148137 0.081682
1 0.477564 0.3882 0.0848297 0.123023
1 0.896622 0.160166 0.0871326 0.143539
1 0.922238 0.595589 0.0794165 0.130366
2 0.273517 0.80317 0.156194 0.169265
1 0.664968 0.643258 0.137812 0.0812179
1 0.812824 0.155501 0.0853691 0.152604
1 0.727235 0.815222 0.123862 0.115906
1 0.969706 0.160965 0.060263 0.106883
0 0.504565 0.681912 0.122237 0.0676838
1 0.972687 0.382062 0.0543234 0.109597
1 0.915071 0.810623 0.0766537 0.126756
1 0.671511 0.721412 0.14108 0.080276
1 0.477891 0.174169 0.0814683 0.122374
1 0.835746 0.563009 0.0889169 0.126394
0 0.510105 0.854667 0.149377 0.0805991
1 0.898215 0.0299428 0.0840025 0.0591961
1 0.837029 0.814111 0.0791712 0.0856069
1 0.728825 0.0266123 0.0736948 0.0528137
1 0.730023 0.983199 0.0724828 0.0336021
0 0.970816 0.0304717 0.0579948 0.060652
1 0.829097 0.969183 0.102132 0.0616226
0 0.920654 0.970183 0.0850424 0.0593574
1 0.644719 0.168359 0.0778632 0.119707
0 0.728661 0.161694 0.0811198 0.122333
0 0.646399 0.163702 0.0806389 0.13279
1 0.491117 0.988497 0.0739424 0.0230063
1 0.981188 0.819604 0.0370646 0.136764
0 0.47707 0.175476 0.0846801 0.123207
1 0.727868 0.158392 0.0820601 0.127797
0 0.811284 0.0160564 0.0775411 0.031708
