1 0.269906 0.718146 0.0977352 0.100566
1 0.56892 0.466834 0.106326 0.0940221
2 0.854383 0.512406 0.102149 0.15825
1 0.509289 0.706637 0.116006 0.0995969
2 0.0927824 0.925309 0.11717 0.148532
0 0.870461 0.704071 0.090776 0.0713086
0 0.884293 0.808872 0.111954 0.115993
3 0.624296 0.963921 0.128769 0.0715802
1 0.382544 0.0244759 0.098995 0.0488659
0 0.455799 0.223234 0.0909916 0.102724
1 0.882865 0.808865 0.114732 0.118714
3 0.224087 0.955131 0.14458 0.0891902
0 0.128907 0.51334 0.0912077 0.0899191
