0 0.651799 0.367687 0.107066 0.101503
0 0.663568 0.193653 0.130877 0.10954
0 0.667553 0.500696 0.113742 0.101601
1 0.732613 0.0827909 0.0915282 0.0769298
1 0.0726596 0.932915 0.137117 0.122816
1 0.0994089 0.528762 0.12044 0.107311
1 0.0974683 0.794961 0.131897 0.111081
1 0.229221 0.118083 0.104465 0.121492
1 0.897439 0.51581 0.111046 0.123281
1 0.399884 0.0604798 0.0713693 0.0662304
1 0.856311 0.102759 0.0862672 0.142101
1 0.0854566 0.656048 0.101444 0.10389
0 0.0859827 0.657433 0.104452 0.102572
1 0.939972 0.116001 0.071028 0.0515115
0 0.61256 0.0420011 0.101146 0.0473877
