0 0.142139 0.486074 0.0939404 0.146392
1 0.225354 0.180739 0.167716 0.102498
1 0.648046 0.299854 0.126112 0.0900427
1 0.628751 0.111729 0.123274 0.0790719
1 0.792486 0.0293326 0.120179 0.0586651
1 0.794992 0.0993299 0.125121 0.0815797
1 0.3339 0.515091 0.0939832 0.167765
0 0.220874 0.0767191 0.152063 0.0995944
1 0.794955 0.308005 0.14417 0.117634
1 0.63584 0.206358 0.128118 0.0965104
1 0.398615 0.270251 0.149495 0.100177
1 0.225961 0.289489 0.173848 0.124369
1 0.234076 0.485885 0.0931745 0.114163
0 0.432258 0.514485 0.100991 0.136017
1 0.799265 0.191211 0.127961 0.0780388
1 0.619705 0.526039 0.102276 0.151707
1 0.389551 0.0576671 0.142737 0.102007
0 0.527267 0.511298 0.0859841 0.139661
0 0.718285 0.534443 0.0844269 0.157918
1 0.624368 0.029566 0.129185 0.059132
1 0.976014 0.0603946 0.0474439 0.107079
1 0.381572 0.167654 0.133975 0.0861177
0 0.823267 0.54265 0.109045 0.157318
1 0.822377 0.54151 0.107683 0.152727
0 0.0302297 0.478218 0.0604594 0.112503
1 0.0188904 0.155404 0.0376255 0.0990028
1 0.433219 0.511157 0.0955967 0.127226
0 0.0287916 0.262894 0.057162 0.0724608
1 0.398968 0.00888801 0.126763 0.0176148
1 0.0147197 0.0470276 0.0291331 0.0940552
1 0.199208 0.0142645 0.132245 0.0283567
1 0.029563 0.480052 0.0589727 0.114738
1 0.983869 0.407683 0.0318224 0.0776529
