2 0.932897 0.844354 0.13148 0.185908
1 0.26768 0.135923 0.136186 0.135268
1 0.188499 0.232879 0.152762 0.148619
1 0.0626716 0.195129 0.124431 0.117226
1 0.150037 0.048408 0.111415 0.0968161
0 0.2206 0.863939 0.0630152 0.0637476
1 0.151904 0.331444 0.131347 0.131583
1 0.10665 0.129825 0.145765 0.149562
1 0.945943 0.0557104 0.108113 0.111421
1 0.047634 0.517074 0.095268 0.123291
0 0.125711 0.773635 0.0905962 0.0733328
1 0.076653 0.420598 0.14765 0.151841
1 0.968606 0.141673 0.0620301 0.144083
1 0.221574 0.0222988 0.100085 0.0444933
1 0.0260432 0.241195 0.0520864 0.0678283
1 0.0389672 0.376179 0.073282 0.0758265
1 0.855427 0.978599 0.108894 0.0425005
3 0.080649 0.861786 0.161298 0.19406
0 0.474071 0.0287265 0.133109 0.0571276
1 0.894696 0.0196854 0.080484 0.0393708
1 0.0382252 0.290199 0.0762518 0.0788465
