1 0.74214 0.361934 0.177717 0.189744
1 0.473044 0.899924 0.183883 0.188845
1 0.773141 0.654687 0.165126 0.165874
1 0.347916 0.123713 0.167997 0.170734
1 0.198253 0.931433 0.193882 0.137031
1 0.369576 0.754174 0.171921 0.176738
1 0.663827 0.467435 0.144136 0.184743
1 0.587242 0.546791 0.139398 0.129442
1 0.830269 0.541132 0.165524 0.169045
1 0.67996 0.750544 0.192886 0.18482
1 0.232318 0.494793 0.167994 0.184965
1 0.493017 0.21496 0.185508 0.190939
1 0.243307 0.249538 0.181616 0.1698
1 0.147744 0.831021 0.169374 0.159705
1 0.850019 0.923898 0.184383 0.151736
1 0.132008 0.335152 0.190996 0.156459
1 0.587437 0.0996482 0.194176 0.179946
0 0.869898 0.066369 0.125378 0.132562
1 0.416131 0.319331 0.187123 0.203695
1 0.463383 0.646903 0.177343 0.18647
0 0.077666 0.72556 0.155332 0.169014
1 0.423393 0.0376303 0.147801 0.0752607
1 0.600541 0.822498 0.171323 0.179511
1 0.0415235 0.608064 0.0825226 0.155506
1 0.732773 0.0529821 0.153469 0.105248
1 0.967488 0.0578573 0.064672 0.115242
1 0.325677 0.440961 0.142584 0.143296
1 0.559665 0.606203 0.0822916 0.0826333
1 0.111695 0.0431163 0.128864 0.0861724
1 0.960952 0.804273 0.0773516 0.178925
1 0.360315 0.400525 0.147898 0.188334
0 0.891697 0.291217 0.131574 0.154099
1 0.0329546 0.935655 0.0659092 0.117779
1 0.722785 0.980432 0.0875182 0.0387539
1 0.979901 0.296398 0.0395576 0.134739
1 0.962688 0.469265 0.0728297 0.10112
1 0.968381 0.757524 0.0624859 0.0806384
