1 0.246503 0.238208 0.0758355 0.0731617
0 0.130987 0.430812 0.120524 0.114423
1 0.0857183 0.0847785 0.0953521 0.0880145
1 0.2804 0.562152 0.0998426 0.119634
1 0.675638 0.100765 0.0934441 0.0720695
0 0.0626338 0.606138 0.109323 0.103966
1 0.617188 0.271237 0.0843246 0.0736942
0 0.0815326 0.228634 0.0880856 0.0995899
1 0.504949 0.096268 0.107744 0.101095
1 0.179634 0.0247593 0.0831623 0.049367
0 0.0621418 0.777382 0.0701413 0.0691553
1 0.802782 0.0545708 0.0979011 0.109142
1 0.539876 0.0444325 0.0902828 0.0888651
1 0.542125 0.276335 0.0760932 0.115645
1 0.690349 0.177347 0.0906658 0.080006
1 0.280158 0.363191 0.0887588 0.101929
0 0.177467 0.568536 0.146477 0.195089
0 0.263382 0.0930063 0.0933363 0.0917079
0 0.677916 0.0269432 0.0542483 0.0538864
1 0.262452 0.0933219 0.0965515 0.0922368
1 0.019288 0.0206306 0.0379311 0.0412297
0 0.541323 0.275964 0.0765042 0.117447
0 0.541414 0.0442635 0.0919783 0.0885269
3 0.178202 0.574616 0.143355 0.200237
1 0.164862 0.524621 0.111214 0.0993207
