1 0.458157 0.366874 0.0936367 0.098639
1 0.407317 0.908229 0.135921 0.0917156
1 0.826445 0.607719 0.116287 0.0955482
1 0.458966 0.472815 0.110971 0.0914153
1 0.811384 0.781887 0.126149 0.0918911
1 0.94952 0.718853 0.100693 0.0858126
1 0.18822 0.84076 0.135654 0.0834036
1 0.0306431 0.644259 0.0612863 0.090096
1 0.807463 0.692065 0.117969 0.0922434
1 0.0347332 0.732485 0.0694663 0.0868497
1 0.576767 0.836215 0.159436 0.0870441
1 0.0358016 0.902864 0.0716032 0.0884719
1 0.438975 0.645824 0.133312 0.0879304
1 0.40431 0.817602 0.134067 0.0898751
1 0.587899 0.746259 0.159229 0.094218
1 0.426642 0.733178 0.136716 0.0907414
1 0.205155 0.586617 0.169231 0.0890015
1 0.796242 0.953879 0.131366 0.0837818
1 0.907759 0.223689 0.140055 0.125899
1 0.602613 0.495957 0.164224 0.102918
1 0.194912 0.7567 0.148233 0.082404
1 0.182594 0.922094 0.138947 0.0833459
1 0.200151 0.671677 0.149384 0.0831723
1 0.608739 0.586831 0.133907 0.0844657
1 0.44646 0.557613 0.129234 0.098794
1 0.928729 0.140898 0.109098 0.116394
1 0.570127 0.917628 0.144727 0.0814434
1 0.805241 0.867488 0.152466 0.0840765
1 0.0575222 0.546511 0.114949 0.122508
1 0.0343591 0.977913 0.0682341 0.0439229
1 0.963178 0.80136 0.0730112 0.0780535
1 0.394949 0.974348 0.135512 0.0509231
1 0.967661 0.882433 0.0642982 0.076546
1 0.867845 0.387538 0.119729 0.104196
1 0.621361 0.415054 0.122059 0.0877688
1 0.175471 0.98267 0.13952 0.0344998
1 0.958731 0.959696 0.0810032 0.0749807
1 0.210761 0.484914 0.0825469 0.0861599
1 0.0151972 0.815161 0.0299337 0.0707507
1 0.976868 0.63113 0.0460496 0.0768737
0 0.685922 0.233983 0.0932385 0.0861497
1 0.66674 0.333186 0.102435 0.086686
0 0.97708 0.631891 0.0456593 0.0773079
1 0.561062 0.980808 0.121542 0.0381114
0 0.0419733 0.538383 0.083271 0.110213
