0 0.549144 0.0917261 0.129594 0.115252
1 0.155051 0.195354 0.0922065 0.0809581
1 0.139024 0.0882723 0.143508 0.103791
0 0.427101 0.673213 0.106982 0.107444
1 0.422278 0.445747 0.206784 0.11717
1 0.104207 0.438903 0.0927199 0.0890061
1 0.46318 0.355837 0.14212 0.114159
1 0.760685 0.191579 0.176315 0.101591
1 0.291159 0.268526 0.118563 0.118108
0 0.0739171 0.643165 0.102478 0.131791
1 0.644442 0.611613 0.0740812 0.134491
1 0.383918 0.0742592 0.142227 0.148518
1 0.795289 0.0752081 0.114403 0.0919666
1 0.905765 0.453094 0.0813677 0.0883357
1 0.745064 0.293883 0.157787 0.105456
0 0.870812 0.67152 0.0635242 0.100677
1 0.824873 0.437387 0.0757737 0.0795282
1 0.736366 0.683475 0.0886168 0.122148
0 0.945982 0.662273 0.107561 0.178524
1 0.86239 0.533234 0.0609839 0.0801406
1 0.735005 0.387761 0.12054 0.0905588
1 0.434806 0.538142 0.146903 0.0907198
0 0.500725 0.238898 0.149197 0.0915184
1 0.212132 0.633561 0.108658 0.108873
1 0.393686 0.206125 0.0867079 0.102753
1 0.716098 0.828825 0.11331 0.0642544
1 0.294035 0.433612 0.112074 0.138693
1 0.574898 0.0086702 0.117482 0.0171339
0 0.876245 0.845543 0.120454 0.0660057
1 0.820841 0.981972 0.107951 0.03546
