1 0.64364 0.791639 0.0809764 0.0720572
1 0.276672 0.315484 0.113186 0.120627
0 0.338741 0.627672 0.143084 0.105313
1 0.90424 0.518292 0.0875456 0.116732
1 0.316794 0.467 0.17731 0.122863
1 0.110568 0.934924 0.105249 0.126914
0 0.720327 0.713045 0.119435 0.102619
1 0.792199 0.462823 0.0815921 0.13054
0 0.919305 0.947602 0.160819 0.104082
0 0.960633 0.863248 0.0785911 0.112259
1 0.528012 0.812966 0.0908082 0.0649462
1 0.560504 0.462152 0.101476 0.11246
1 0.315442 0.191707 0.166103 0.116521
1 0.720051 0.712382 0.118896 0.105163
0 0.98432 0.435126 0.0306976 0.11931
0 0.818459 0.923702 0.071739 0.0456789
0 0.528295 0.813232 0.0909161 0.0658231
0 0.311268 0.888875 0.0852708 0.0641139
