0 0.966265 0.70937 0.0646486 0.117741
1 0.708644 0.761285 0.164705 0.216774
1 0.228324 0.824773 0.170043 0.163111
1 0.720505 0.173776 0.12583 0.0957839
1 0.407586 0.0780851 0.172719 0.15617
1 0.0794967 0.809458 0.15841 0.171075
1 0.906514 0.108323 0.183096 0.194854
1 0.424299 0.925404 0.239088 0.148714
1 0.188329 0.390978 0.102776 0.103126
1 0.570512 0.493206 0.146378 0.215495
0 0.0780867 0.126106 0.141257 0.220018
2 0.0601601 0.462198 0.119035 0.190821
1 0.776535 0.424914 0.185993 0.168421
0 0.227769 0.111112 0.153481 0.222225
1 0.401944 0.194172 0.0640912 0.0549379
3 0.227672 0.112368 0.150897 0.224736
0 0.568057 0.493614 0.14553 0.211931
1 0.230615 0.110491 0.142357 0.220696
2 0.079932 0.811135 0.159682 0.170216
1 0.38519 0.459582 0.172041 0.209667
3 0.386439 0.483409 0.18435 0.249685
1 0.398229 0.409303 0.141042 0.107815
