1 0.612409 0.833363 0.131726 0.0922568
1 0.0890231 0.595983 0.0941122 0.13481
1 0.489576 0.397156 0.1271 0.0961081
0 0.208489 0.836959 0.140434 0.122431
1 0.647527 0.581328 0.114966 0.088622
1 0.815183 0.928595 0.0889393 0.117766
1 0.276952 0.235727 0.130182 0.107531
1 0.455042 0.647429 0.110824 0.0883491
1 0.825085 0.709815 0.0895007 0.120956
1 0.60276 0.92121 0.162777 0.0919263
1 0.62302 0.749434 0.124481 0.0921648
1 0.655182 0.500222 0.126443 0.0884335
1 0.625725 0.666918 0.154949 0.0997918
1 0.0547278 0.9649 0.0938818 0.0689461
1 0.922127 0.696088 0.0932217 0.141217
1 0.440918 0.722642 0.104464 0.0950913
1 0.210178 0.942018 0.141332 0.101942
1 0.0617054 0.18987 0.0987284 0.140521
1 0.972359 0.940629 0.0542397 0.115989
1 0.486714 0.475362 0.138077 0.0761726
1 0.229711 0.620694 0.16761 0.119263
0 0.117642 0.44609 0.10113 0.132669
1 0.148815 0.208729 0.0815042 0.107442
1 0.432606 0.957636 0.149994 0.084259
1 0.248163 0.525551 0.142822 0.08205
1 0.0741466 0.851881 0.092027 0.145686
1 0.904225 0.9182 0.0825164 0.0936534
1 0.666039 0.407083 0.111608 0.0712602
1 0.0332768 0.438365 0.0665536 0.114626
1 0.979267 0.726874 0.0411502 0.0977476
1 0.244096 0.445039 0.143377 0.0985307
1 0.0610276 0.0427205 0.121078 0.0853066
1 0.94496 0.528978 0.084757 0.121741
1 0.601397 0.975396 0.128488 0.0490861
1 0.0200414 0.610571 0.0399727 0.101764
1 0.423922 0.811646 0.0967339 0.0883378
1 0.893668 0.13243 0.111895 0.156941
1 0.973331 0.129766 0.0527949 0.131513
1 0.164053 0.0620003 0.0800362 0.124001
1 0.435965 0.893853 0.133777 0.0778804
1 0.0150747 0.848774 0.0299573 0.125195
1 0.117028 0.445867 0.100664 0.133511
1 0.870433 0.298348 0.0940087 0.0982154
2 0.892636 0.132841 0.110343 0.160381
1 0.958775 0.300521 0.0821321 0.113109
1 0.291354 0.134301 0.159835 0.108494
3 0.596414 0.285253 0.323945 0.554804
