1 0.637013 0.743115 0.134333 0.139317
1 0.725706 0.38208 0.112327 0.115027
1 0.119155 0.37499 0.147457 0.139111
1 0.273275 0.797971 0.119283 0.124696
1 0.782071 0.320634 0.144573 0.145563
1 0.785537 0.797701 0.119753 0.119686
1 0.233687 0.618527 0.110536 0.116073
1 0.740745 0.848996 0.102034 0.108269
1 0.142727 0.108105 0.121937 0.12808
1 0.754798 0.640901 0.14855 0.1461
1 0.265585 0.222547 0.138163 0.130856
1 0.32373 0.738159 0.13184 0.134452
1 0.346801 0.525859 0.14175 0.148182
1 0.440138 0.632081 0.122534 0.128341
1 0.678211 0.905001 0.134127 0.130046
1 0.561545 0.532103 0.11751 0.126715
1 0.280997 0.570926 0.125686 0.134725
1 0.685096 0.21461 0.118218 0.124289
1 0.492139 0.122129 0.117466 0.12067
1 0.463014 0.427563 0.133745 0.144866
1 0.169237 0.671301 0.127412 0.135994
1 0.954452 0.643244 0.0910956 0.122183
1 0.520731 0.838675 0.118023 0.119404
1 0.206992 0.84139 0.126841 0.110905
1 0.24787 0.0429392 0.104481 0.0852552
1 0.377008 0.683909 0.126222 0.132226
1 0.404566 0.474363 0.131389 0.133442
1 0.922909 0.479059 0.135392 0.140525
1 0.497481 0.579393 0.134248 0.142095
1 0.327017 0.289394 0.131427 0.130109
1 0.6936 0.690792 0.130464 0.126223
1 0.62765 0.265544 0.123378 0.128036
1 0.577537 0.792485 0.127317 0.132044
1 0.572376 0.317065 0.127675 0.133404
1 0.860984 0.533823 0.128564 0.127641
1 0.328691 0.0607633 0.123008 0.121527
1 0.059508 0.764843 0.119016 0.120726
1 0.613913 0.484486 0.113168 0.124901
1 0.11636 0.726982 0.112578 0.127528
1 0.658167 0.421334 0.148401 0.151667
1 0.631381 0.963378 0.11423 0.0730933
1 0.80395 0.585907 0.12763 0.141791
1 0.956058 0.894292 0.085847 0.12458
1 0.86315 0.0745123 0.136866 0.133956
1 0.801273 0.111347 0.13009 0.124856
1 0.904394 0.691123 0.124315 0.131491
1 0.921049 0.935869 0.117225 0.112549
1 0.087745 0.310389 0.113348 0.102062
1 0.029636 0.427986 0.059272 0.102523
1 0.395563 0.0785122 0.107511 0.123172
1 0.518718 0.369134 0.115341 0.121588
1 0.856844 0.964351 0.111436 0.0712986
1 0.91322 0.205996 0.17356 0.1545
1 0.023657 0.259288 0.0468321 0.0746275
1 0.654463 0.0264861 0.0800591 0.0529722
0 0.165994 0.429825 0.13793 0.127537
1 0.21481 0.163612 0.110234 0.107474
1 0.0676592 0.925249 0.135318 0.143293
1 0.429696 0.188465 0.107083 0.101111
1 0.0909005 0.494605 0.106413 0.0989224
0 0.846221 0.746176 0.130163 0.128736
1 0.847354 0.745867 0.133275 0.125923
1 0.979727 0.12941 0.0400169 0.0669271
1 0.435149 0.89708 0.103297 0.113232
1 0.431073 0.974157 0.117682 0.0513581
1 0.208125 0.937736 0.106874 0.0875027
1 0.98427 0.364059 0.0311837 0.0692456
1 0.346537 0.0278275 0.0809397 0.055493
1 0.0225484 0.830457 0.0448434 0.100342
1 0.893112 0.0268645 0.0713191 0.0536594
1 0.0829119 0.0518974 0.09803 0.0902802
1 0.186828 0.0128791 0.0593736 0.0257582
1 0.0104354 0.614986 0.0204042 0.0483191
1 0.233445 0.985993 0.0986764 0.0274944
1 0.970503 0.561697 0.0585169 0.0921181
