2 0.809538 0.94581 0.161465 0.106287
1 0.310445 0.445879 0.148672 0.135814
1 0.161542 0.26549 0.139212 0.13265
1 0.598456 0.312824 0.143836 0.123451
1 0.205417 0.333086 0.13097 0.128833
1 0.563928 0.731248 0.127623 0.129457
1 0.476777 0.142963 0.11562 0.13219
1 0.350827 0.497731 0.124619 0.12461
1 0.639559 0.445591 0.157128 0.0918347
1 0.611264 0.784228 0.125847 0.123019
1 0.311729 0.0547162 0.113797 0.109432
1 0.0976303 0.221962 0.124574 0.129592
1 0.931203 0.284427 0.0823672 0.132973
2 0.958647 0.832631 0.0821372 0.14581
1 0.923723 0.66499 0.0930095 0.110219
1 0.717776 0.660749 0.12981 0.132146
1 0.915055 0.584049 0.125885 0.108707
1 0.249953 0.387612 0.150008 0.14155
1 0.507964 0.676707 0.132895 0.12774
1 0.908593 0.500517 0.130256 0.0938535
1 0.333546 0.187205 0.117165 0.13097
1 0.388341 0.0416839 0.103767 0.0828741
1 0.397821 0.558618 0.150726 0.148145
1 0.0722778 0.134872 0.0899796 0.0858761
0 0.863734 0.0722801 0.140122 0.14456
1 0.966248 0.0731465 0.067053 0.132741
2 0.0473927 0.625593 0.0939008 0.176281
1 0.472765 0.350665 0.14707 0.120149
1 0.461955 0.031023 0.0915302 0.0618728
1 0.636821 0.0808735 0.118899 0.161183
1 0.982567 0.269189 0.0343404 0.110823
1 0.557646 0.117327 0.0907621 0.118812
1 0.457897 0.624456 0.155899 0.151077
0 0.558629 0.118241 0.0900267 0.11851
1 0.96148 0.613427 0.0764832 0.104149
1 0.664336 0.847414 0.165161 0.165892
1 0.523748 0.43414 0.125046 0.13974
1 0.909165 0.409409 0.148396 0.10025
0 0.634833 0.080108 0.118895 0.159279
0 0.896742 0.0899829 0.0733258 0.0971528
2 0.663824 0.848128 0.162808 0.16303
1 0.414484 0.166784 0.106339 0.154073
1 0.657319 0.523888 0.186908 0.112729
