0 0.680023 0.107916 0.0642006 0.126262
1 0.20405 0.344336 0.110721 0.0806145
1 0.517549 0.348763 0.122333 0.14925
1 0.234244 0.118512 0.0602333 0.105597
1 0.294022 0.117585 0.0546963 0.108438
0 0.176002 0.409004 0.136939 0.113986
0 0.596107 0.112521 0.063623 0.126759
1 0.413032 0.43504 0.101964 0.0633126
1 0.212719 0.257142 0.124102 0.0914824
1 0.37469 0.121044 0.0749042 0.115454
0 0.535911 0.116089 0.06302 0.121899
1 0.446152 0.327931 0.134099 0.136429
0 0.374868 0.123696 0.0757002 0.118024
1 0.597625 0.109607 0.0630981 0.123273
1 0.536209 0.115012 0.0574508 0.122484
