1 0.416255 0.2433 0.088053 0.0854464
1 0.070928 0.0637772 0.0873784 0.0980807
1 0.871039 0.659759 0.132586 0.131755
1 0.63192 0.0301772 0.0854485 0.0603544
1 0.801986 0.213568 0.0863249 0.103869
1 0.417945 0.462794 0.139292 0.127677
1 0.100882 0.818048 0.118036 0.116677
0 0.481579 0.336567 0.0954583 0.0836572
1 0.245852 0.229302 0.138953 0.127378
0 0.204281 0.109675 0.13202 0.11415
0 0.697924 0.332746 0.10786 0.105508
1 0.185603 0.439956 0.128404 0.135318
1 0.354526 0.0318787 0.133218 0.0634673
1 0.721974 0.0832895 0.0926192 0.101433
1 0.0816387 0.53823 0.106361 0.0978919
2 0.37222 0.916429 0.231978 0.165941
0 0.531578 0.276197 0.13384 0.116317
0 0.232381 0.783772 0.131442 0.1094
0 0.920054 0.158383 0.133334 0.162938
1 0.425137 0.604415 0.172758 0.156589
1 0.919816 0.160123 0.134564 0.163452
1 0.805842 0.0656736 0.0747674 0.0612993
0 0.362589 0.120446 0.119282 0.119491
1 0.346277 0.533013 0.139021 0.159188
1 0.614142 0.0844386 0.0940573 0.0823468
0 0.503673 0.535266 0.151983 0.154062
0 0.906551 0.531414 0.117673 0.108201
0 0.423683 0.603453 0.173006 0.1566
1 0.0791469 0.65895 0.109995 0.10966
1 0.296424 0.57362 0.122991 0.108948
1 0.90589 0.531539 0.11717 0.11038
1 0.36043 0.120124 0.123724 0.119112
1 0.513573 0.0591269 0.110548 0.112897
1 0.140328 0.0886809 0.0588737 0.113087
2 0.823846 0.93694 0.104625 0.125214
1 0.0567643 0.912663 0.0702129 0.0716488
1 0.957447 0.106717 0.0837054 0.14036
