1 0.760947 0.766331 0.13148 0.149332
1 0.654934 0.294767 0.116404 0.124686
1 0.865867 0.233423 0.120289 0.126564
1 0.571259 0.335137 0.131469 0.133316
1 0.589944 0.540497 0.107913 0.0970565
1 0.940274 0.953101 0.119452 0.0934924
1 0.48091 0.393511 0.100557 0.102226
1 0.265487 0.524035 0.141644 0.124328
1 0.639234 0.133645 0.145575 0.122596
1 0.325708 0.412347 0.132759 0.129043
1 0.377988 0.593056 0.128404 0.144408
1 0.93677 0.318567 0.122764 0.11275
0 0.944845 0.68355 0.110188 0.138326
1 0.524031 0.767184 0.157516 0.158885
1 0.781164 0.114116 0.136178 0.104493
1 0.0423714 0.587799 0.0838926 0.121859
1 0.633482 0.855624 0.193116 0.153244
0 0.770863 0.291568 0.109594 0.136183
1 0.813302 0.913671 0.13861 0.137321
1 0.135359 0.426991 0.10739 0.0967938
1 0.770188 0.290254 0.110978 0.138243
3 0.396931 0.0347534 0.118147 0.0690177
0 0.396281 0.0342681 0.117054 0.0685361
1 0.150974 0.446593 0.149036 0.140041
1 0.176011 0.466962 0.0915918 0.0941508
