2 0.745942 0.0676163 0.279685 0.134962
1 0.676942 0.158393 0.163002 0.126835
1 0.73522 0.818267 0.140964 0.0783565
1 0.382658 0.318811 0.204801 0.148749
1 0.373457 0.126009 0.144914 0.10075
1 0.475576 0.744461 0.16702 0.0789287
1 0.813003 0.318162 0.0899106 0.123336
1 0.816387 0.561542 0.0938725 0.128861
1 0.667773 0.265639 0.150478 0.0941278
0 0.198144 0.827969 0.0870827 0.11942
1 0.932349 0.540842 0.0913198 0.108143
1 0.495973 0.655512 0.110046 0.0919833
1 0.278702 0.522788 0.106888 0.0857642
1 0.477901 0.542667 0.11419 0.0734097
0 0.909182 0.325919 0.085113 0.133398
1 0.697034 0.562887 0.0914066 0.122528
1 0.740065 0.730685 0.13491 0.0736163
1 0.395563 0.2328 0.116921 0.0951758
1 0.114494 0.713303 0.0583799 0.0583688
1 0.675038 0.356549 0.125653 0.0850881
1 0.476146 0.831632 0.133031 0.0876474
1 0.29732 0.846976 0.083375 0.0937281
2 0.234418 0.189174 0.127245 0.242575
1 0.0987681 0.829239 0.0739978 0.0979838
1 0.0235824 0.822125 0.0463618 0.118233
3 0.0501497 0.0709399 0.099408 0.138723
0 0.0243553 0.822449 0.0479906 0.117436
1 0.985883 0.626117 0.0278658 0.108236
1 0.234328 0.188945 0.128222 0.238256
