0 0.827599 0.497224 0.095436 0.0847858
1 0.375453 0.851035 0.215535 0.227333
1 0.85862 0.800176 0.125544 0.141122
3 0.0844221 0.447284 0.168391 0.152107
1 0.439802 0.206607 0.263537 0.209114
1 0.274729 0.678992 0.159265 0.0643437
1 0.722197 0.364481 0.161699 0.143278
1 0.349526 0.623054 0.0462407 0.0527306
1 0.735727 0.061333 0.173427 0.121519
3 0.921203 0.266552 0.156561 0.181137
3 0.735548 0.0611295 0.172271 0.120878
0 0.0850485 0.448529 0.1675 0.151815
3 0.580701 0.532095 0.258373 0.277362
3 0.439973 0.200348 0.261763 0.228563
