1 0.327623 0.690211 0.118325 0.11773
1 0.601089 0.730156 0.125458 0.128985
1 0.84791 0.504655 0.150645 0.159177
1 0.768107 0.794616 0.153903 0.143414
1 0.6702 0.680962 0.150275 0.147567
1 0.63651 0.170822 0.145003 0.150192
1 0.718926 0.61219 0.128313 0.136474
1 0.390492 0.63411 0.102318 0.108207
1 0.712059 0.864551 0.159498 0.144134
1 0.739948 0.0543722 0.107621 0.108744
1 0.893111 0.682226 0.130335 0.131229
1 0.176273 0.582819 0.114315 0.109093
1 0.846935 0.746581 0.115173 0.125075
1 0.543817 0.792342 0.130864 0.124817
1 0.18021 0.0607514 0.126381 0.121503
1 0.169903 0.273831 0.13368 0.149282
1 0.243732 0.237485 0.108057 0.110903
1 0.571342 0.459584 0.116082 0.113919
1 0.0654281 0.170255 0.130566 0.131914
1 0.329969 0.444035 0.13382 0.137213
1 0.234351 0.647214 0.112101 0.110579
1 0.683585 0.10925 0.130734 0.128883
1 0.502308 0.273829 0.126354 0.131793
1 0.680905 0.336513 0.124129 0.126777
1 0.898557 0.443456 0.132773 0.136502
1 0.27897 0.516196 0.140609 0.13929
1 0.115526 0.109897 0.111481 0.114637
1 0.501524 0.520609 0.154956 0.148902
1 0.951188 0.393834 0.0976226 0.131078
1 0.80805 0.225159 0.126381 0.130424
1 0.621773 0.399548 0.129792 0.124804
1 0.11452 0.839947 0.140139 0.149962
1 0.0382037 0.701187 0.0764075 0.122033
1 0.352347 0.117994 0.157658 0.162555
1 0.950376 0.633757 0.0980487 0.116648
1 0.458032 0.342413 0.149602 0.142427
1 0.439055 0.572827 0.114331 0.111797
1 0.0380636 0.925914 0.0759584 0.126944
1 0.0570562 0.418408 0.114112 0.141064
1 0.774356 0.544046 0.113693 0.116329
1 0.120362 0.349714 0.136393 0.140048
1 0.876619 0.174912 0.108365 0.103821
1 0.570556 0.959048 0.129669 0.0812285
1 0.409538 0.0725097 0.160711 0.14486
1 0.450929 0.86667 0.120844 0.110014
1 0.388084 0.383564 0.131175 0.137089
1 0.289095 0.731262 0.104529 0.103453
1 0.74618 0.280383 0.120393 0.125966
1 0.230838 0.937304 0.169322 0.124334
1 0.572698 0.222828 0.128348 0.123174
1 0.958118 0.888668 0.0834398 0.122809
1 0.295262 0.176656 0.128418 0.120345
1 0.516792 0.917008 0.162634 0.135129
1 0.967485 0.0637181 0.0633547 0.10057
1 0.917245 0.107703 0.161496 0.157044
0 0.175565 0.890054 0.137573 0.137888
1 0.484838 0.0260711 0.0986454 0.0518528
1 0.229782 0.020256 0.0843823 0.040491
1 0.0435364 0.255966 0.0870729 0.0992513
1 0.799817 0.0319196 0.0953835 0.0638392
1 0.98632 0.573371 0.0269792 0.0552053
1 0.062141 0.971937 0.106878 0.055701
1 0.318158 0.974441 0.114429 0.0507755
1 0.936465 0.950717 0.117136 0.0985662
1 0.0304611 0.339276 0.0603472 0.0969982
1 0.982317 0.323851 0.0353661 0.0826667
