1 0.57682 0.850929 0.155627 0.172041
1 0.748123 0.828266 0.161683 0.185313
1 0.2762 0.87737 0.168055 0.157917
1 0.0983899 0.883765 0.176267 0.136348
1 0.110785 0.483283 0.167164 0.16046
1 0.0751503 0.0396845 0.149937 0.0790414
1 0.688152 0.868297 0.060696 0.0845038
0 0.286586 0.483149 0.168372 0.147756
1 0.315767 0.639263 0.110324 0.0934389
3 0.93442 0.0874353 0.130026 0.173218
1 0.093601 0.697626 0.187202 0.158854
1 0.564224 0.606814 0.172852 0.137265
1 0.316105 0.729637 0.0972996 0.0901875
0 0.308254 0.172138 0.16132 0.155403
1 0.550694 0.154605 0.127821 0.097549
0 0.909801 0.761159 0.167521 0.201277
0 0.755316 0.128535 0.0798724 0.0675192
1 0.63528 0.123418 0.0900738 0.0683104
1 0.799192 0.530856 0.0830398 0.0620141
0 0.102198 0.198146 0.185068 0.111373
0 0.729026 0.669608 0.114032 0.058306
1 0.102897 0.198807 0.185662 0.113295
1 0.286205 0.486385 0.169606 0.13821
1 0.309547 0.397329 0.120084 0.0526816
0 0.566124 0.606941 0.169302 0.136863
3 0.907989 0.762242 0.168036 0.203032
