0 0.706246 0.641525 0.0962752 0.0953674
0 0.0816636 0.0525021 0.119165 0.104254
0 0.286618 0.0550924 0.105956 0.107333
1 0.127461 0.76958 0.122621 0.131796
1 0.472609 0.216441 0.0977026 0.10788
1 0.501041 0.724611 0.119882 0.14167
0 0.228741 0.794367 0.100631 0.105805
0 0.28609 0.37629 0.120073 0.126551
1 0.377806 0.852131 0.119446 0.103964
0 0.147599 0.246199 0.0833721 0.0721836
0 0.447265 0.059409 0.087047 0.116562
1 0.333305 0.746029 0.110113 0.112344
1 0.296618 0.958642 0.123607 0.0825341
1 0.575649 0.0780881 0.124849 0.111061
0 0.766658 0.0303814 0.10769 0.0605946
0 0.779305 0.696392 0.0762756 0.0800006
