1 0.935899 0.159474 0.128202 0.136317
0 0.804025 0.688854 0.130756 0.126766
1 0.860711 0.944888 0.119119 0.110224
1 0.845893 0.289892 0.132641 0.117784
1 0.628974 0.584881 0.135279 0.145192
1 0.702809 0.855923 0.143796 0.151649
1 0.801495 0.360773 0.133584 0.132775
1 0.34103 0.717859 0.17018 0.11895
1 0.853708 0.61871 0.123153 0.113637
1 0.572846 0.672842 0.132757 0.125358
1 0.951194 0.817073 0.0976114 0.114084
1 0.731432 0.111513 0.134587 0.132369
1 0.459942 0.45133 0.163005 0.1394
1 0.895296 0.225395 0.109744 0.112723
2 0.491723 0.949335 0.17187 0.100575
1 0.899776 0.55274 0.125065 0.120044
1 0.922982 0.882154 0.129763 0.125227
1 0.229404 0.167053 0.141261 0.0931707
1 0.965541 0.0832857 0.0677582 0.120092
1 0.70075 0.500668 0.141503 0.127667
1 0.757166 0.783008 0.127999 0.12549
1 0.310685 0.369218 0.133111 0.116313
1 0.738518 0.435931 0.13371 0.123634
1 0.422364 0.522758 0.137455 0.139373
1 0.953377 0.486378 0.0926325 0.100983
1 0.968848 0.41324 0.0613452 0.100864
1 0.525736 0.0476944 0.109959 0.0953887
1 0.386365 0.610952 0.145853 0.124253
1 0.678462 0.181952 0.0932496 0.0815305
1 0.528005 0.385989 0.100445 0.111678
1 0.219474 0.0763688 0.134478 0.0831477
1 0.200451 0.0172258 0.109238 0.0337904
1 0.810404 0.0442545 0.141157 0.0879853
1 0.561498 0.299645 0.156687 0.154759
1 0.820824 0.98314 0.0891132 0.0334444
1 0.614049 0.246713 0.137324 0.125053
1 0.443666 0.0577111 0.0765942 0.076572
