1 0.451951 0.336835 0.130472 0.157599
1 0.695316 0.123952 0.153859 0.160455
1 0.336967 0.368814 0.148108 0.154343
1 0.544302 0.283472 0.155591 0.171872
1 0.941539 0.287218 0.116543 0.113839
1 0.198832 0.145353 0.119085 0.155599
1 0.0968857 0.422869 0.193437 0.160043
1 0.175056 0.656203 0.115411 0.113982
1 0.924292 0.177718 0.150003 0.10683
1 0.949498 0.0523819 0.100684 0.103565
1 0.464711 0.0546077 0.15121 0.108911
1 0.954889 0.481301 0.0893356 0.10215
1 0.191824 0.732863 0.104543 0.0667238
1 0.956269 0.387419 0.0863783 0.0959918
1 0.625172 0.205554 0.145472 0.156682
0 0.415857 0.568684 0.174644 0.12605
0 0.910354 0.793223 0.108219 0.100915
1 0.43693 0.956311 0.0852674 0.0828246
1 0.753006 0.0522598 0.17196 0.104104
1 0.305959 0.131316 0.134333 0.140848
1 0.923906 0.874554 0.0999714 0.0861082
1 0.845925 0.473083 0.112029 0.110333
1 0.0514346 0.925364 0.101935 0.139066
1 0.193385 0.78988 0.114815 0.0888271
2 0.643166 0.909324 0.202057 0.170686
2 0.432955 0.830729 0.166574 0.334269
1 0.0987672 0.161964 0.125627 0.146641
1 0.216185 0.91684 0.128692 0.11675
1 0.0309734 0.189443 0.0619468 0.135506
1 0.231553 0.981998 0.110921 0.0357395
0 0.0975704 0.162694 0.128988 0.149832
1 0.0539718 0.0231182 0.0911814 0.0460293
3 0.423886 0.81964 0.14467 0.308735
2 0.60681 0.661176 0.339596 0.364762
0 0.0540559 0.024291 0.0978477 0.0484958
