1 0.87524 0.313146 0.136441 0.111142
1 0.565602 0.470933 0.135277 0.109806
1 0.73809 0.045153 0.147197 0.0895759
0 0.585266 0.166311 0.132105 0.125855
1 0.783665 0.597739 0.126509 0.101088
1 0.61736 0.236926 0.143746 0.108364
1 0.764074 0.0963447 0.138095 0.114301
1 0.294556 0.417073 0.0995287 0.108069
1 0.868064 0.900238 0.130773 0.0877179
1 0.932799 0.45986 0.130382 0.110515
0 0.128302 0.592411 0.0833384 0.130428
1 0.243071 0.618105 0.111899 0.127563
1 0.0304748 0.0907145 0.0609496 0.117705
1 0.197579 0.237414 0.0885828 0.13594
1 0.598468 0.542105 0.137585 0.10455
0 0.108806 0.789657 0.0893131 0.0931873
1 0.449462 0.223335 0.114587 0.129473
1 0.505667 0.905068 0.127487 0.11122
1 0.408407 0.595374 0.133471 0.1091
1 0.800671 0.172675 0.134302 0.113217
1 0.694186 0.369333 0.136181 0.104534
1 0.119025 0.460104 0.0810209 0.136232
1 0.841143 0.241971 0.13273 0.108966
1 0.884422 0.964688 0.131743 0.0702091
1 0.344863 0.0580295 0.102688 0.115972
1 0.619285 0.60836 0.119703 0.0927966
1 0.726521 0.452415 0.142252 0.119923
1 0.202162 0.438148 0.0951087 0.119652
1 0.359964 0.937076 0.141448 0.101173
1 0.935162 0.121736 0.129677 0.123277
1 0.19192 0.0707552 0.0742262 0.0943058
1 0.0331417 0.821365 0.0661958 0.145827
1 0.034871 0.252108 0.0695421 0.125587
1 0.520927 0.972305 0.136104 0.0551974
1 0.432844 0.662497 0.10051 0.0796314
1 0.756567 0.527725 0.128591 0.105073
1 0.133578 0.952543 0.117575 0.0941617
0 0.909131 0.056413 0.150669 0.108799
0 0.319211 0.779104 0.145976 0.112728
1 0.715843 0.859811 0.156795 0.126135
1 0.357107 0.204782 0.0901474 0.110533
1 0.665948 0.290084 0.131486 0.109039
1 0.266024 0.214631 0.100994 0.12614
1 0.32039 0.77866 0.14234 0.115113
1 0.296139 0.713289 0.118887 0.0919429
1 0.0361917 0.961011 0.0712289 0.0751252
0 0.113333 0.10081 0.0784477 0.131612
1 0.491332 0.322977 0.136709 0.124339
1 0.431716 0.757752 0.115733 0.094969
1 0.261906 0.0699759 0.0988263 0.132668
1 0.886394 0.391085 0.096891 0.0974811
1 0.114458 0.247208 0.0856737 0.124213
0 0.490906 0.324572 0.14338 0.128865
0 0.261885 0.070975 0.100521 0.132598
0 0.38337 0.522591 0.120584 0.103338
1 0.517852 0.408964 0.113445 0.0931581
0 0.735037 0.941178 0.152023 0.104744
1 0.0440098 0.449344 0.0719012 0.120616
0 0.988844 0.789671 0.0219715 0.0834841
1 0.888046 0.0215203 0.109067 0.0430405
0 0.0476331 0.601845 0.0758025 0.110363
1 0.860277 0.817134 0.126867 0.109818
1 0.978686 0.180577 0.0420468 0.0728003
1 0.740351 0.990699 0.0915194 0.0180836
0 0.859082 0.817165 0.126982 0.111349
1 0.941867 0.357362 0.0759307 0.0829529
0 0.447612 0.750913 0.147779 0.105625
1 0.540803 0.0718134 0.127517 0.122247
1 0.952015 0.211083 0.0648271 0.0688884
1 0.375201 0.988201 0.111636 0.0235298
0 0.966111 0.28208 0.0671896 0.0999468
