0 0.773489 0.0651588 0.12068 0.130293
1 0.740676 0.48005 0.14211 0.111563
1 0.48843 0.0925538 0.123424 0.16509
1 0.583243 0.506727 0.142023 0.109833
1 0.351133 0.329589 0.123622 0.150316
1 0.399473 0.109825 0.110792 0.162697
0 0.191029 0.148235 0.105738 0.18529
1 0.0720352 0.118978 0.142937 0.181204
1 0.337454 0.919146 0.141184 0.125484
1 0.349907 0.58931 0.112657 0.12907
1 0.630485 0.283886 0.114337 0.127071
1 0.791154 0.807485 0.121367 0.109097
1 0.721243 0.248522 0.125649 0.145296
1 0.935921 0.689864 0.126472 0.116932
0 0.874133 0.0495811 0.102793 0.0985608
1 0.866296 0.895033 0.126323 0.118659
1 0.895897 0.461748 0.187578 0.124659
1 0.131685 0.601664 0.122665 0.154021
1 0.240539 0.613944 0.108258 0.150441
1 0.610764 0.865265 0.122858 0.110828
1 0.222175 0.371449 0.113797 0.150175
1 0.658152 0.909706 0.111191 0.108718
1 0.58061 0.0656585 0.120182 0.131317
1 0.458142 0.575155 0.13225 0.155577
1 0.0285922 0.56111 0.0571843 0.102549
1 0.473317 0.301207 0.189108 0.163029
1 0.131356 0.345036 0.130703 0.148275
1 0.230552 0.972101 0.111158 0.0556376
1 0.575945 0.821744 0.11574 0.119646
1 0.0231711 0.668935 0.0458708 0.0788724
1 0.744967 0.76019 0.102914 0.100122
0 0.052411 0.298007 0.104132 0.183345
1 0.501839 0.958784 0.129399 0.081898
1 0.665888 0.0669818 0.144155 0.133306
1 0.303832 0.128779 0.107048 0.144883
0 0.819139 0.237395 0.114701 0.134113
1 0.918837 0.201482 0.137492 0.163746
1 0.819824 0.23926 0.110805 0.133234
1 0.523239 0.29507 0.131674 0.150242
1 0.466434 0.939987 0.145816 0.117485
1 0.95655 0.01895 0.0861615 0.0375391
0 0.215998 0.158808 0.0573079 0.166831
1 0.691425 0.951751 0.126857 0.0930347
1 0.973714 0.954063 0.0520494 0.0804801
0 0.0290957 0.560429 0.0576772 0.100432
0 0.304103 0.130479 0.110698 0.149427
0 0.131399 0.602407 0.121533 0.156181
0 0.665724 0.0662602 0.141955 0.13252
0 0.457407 0.577928 0.131283 0.158466
1 0.963423 0.812363 0.0727354 0.113552
1 0.991862 0.411825 0.0159589 0.0738316
1 0.88104 0.975565 0.0764616 0.0474458
1 0.835601 0.842934 0.0968443 0.0963606
