2 0.451001 0.127369 0.170731 0.186753
2 0.7692 0.232545 0.134711 0.43115
1 0.518009 0.808876 0.136685 0.145876
1 0.451534 0.758471 0.11819 0.1243
1 0.152452 0.502142 0.104753 0.0948252
1 0.307532 0.692291 0.130836 0.11908
2 0.663359 0.523661 0.278147 0.26051
2 0.0476147 0.107823 0.0945188 0.150273
1 0.714072 0.955554 0.10693 0.088644
1 0.515741 0.5105 0.106594 0.108639
1 0.566017 0.873672 0.0880492 0.0946023
2 0.96264 0.586302 0.0741584 0.155841
1 0.228119 0.272874 0.111122 0.108791
2 0.371377 0.0193436 0.147186 0.0379577
1 0.185432 0.580829 0.136655 0.125465
1 0.633306 0.942844 0.0687387 0.0700053
