0 0.946961 0.925195 0.106078 0.0976372
0 0.427312 0.743956 0.133405 0.110814
0 0.513792 0.924652 0.14381 0.140644
0 0.843817 0.951231 0.138936 0.0975373
1 0.262009 0.81829 0.119536 0.0925837
0 0.719175 0.861331 0.116375 0.108999
1 0.625317 0.878817 0.117166 0.137284
3 0.617348 0.355435 0.765305 0.71087
1 0.390179 0.607105 0.130305 0.0941756
1 0.363204 0.54901 0.138224 0.113256
1 0.73383 0.96704 0.113647 0.0656669
1 0.614739 0.660746 0.0955843 0.0805078
1 0.213904 0.752289 0.149783 0.110974
0 0.0594303 0.328275 0.11148 0.0830063
0 0.593519 0.593968 0.10708 0.0884423
1 0.298134 0.9539 0.173014 0.0917287
0 0.446283 0.416938 0.0850466 0.0707904
0 0.478753 0.492272 0.0861048 0.0802249
0 0.0845522 0.390053 0.118228 0.103218
0 0.868 0.708686 0.0835469 0.105027
1 0.960568 0.976928 0.0785115 0.0456609
0 0.528945 0.642266 0.0988097 0.144697
1 0.529746 0.642936 0.0997889 0.14522
1 0.682525 0.794113 0.104065 0.102285
0 0.412528 0.667483 0.162879 0.106647
1 0.275377 0.888261 0.131075 0.100875
1 0.608784 0.97386 0.140203 0.0522803
1 0.308643 0.463354 0.146907 0.145738
1 0.0186394 0.110122 0.037016 0.0919986
