2 0.917999 0.87528 0.162371 0.24944
0 0.321455 0.867947 0.161641 0.149508
0 0.239181 0.488627 0.153473 0.16381
0 0.215723 0.941504 0.118489 0.116993
1 0.484593 0.625512 0.194583 0.185395
1 0.30341 0.305445 0.105017 0.195139
1 0.150555 0.651299 0.156426 0.168997
1 0.555692 0.451448 0.154182 0.165754
1 0.388292 0.773267 0.155465 0.147918
1 0.578525 0.311662 0.0719168 0.0715359
0 0.703633 0.0531802 0.112595 0.104614
1 0.413596 0.546846 0.0770229 0.0858191
0 0.149894 0.650084 0.159336 0.170653
1 0.703484 0.0520111 0.116178 0.103114
1 0.647036 0.255132 0.0955606 0.0740991
1 0.229935 0.868621 0.0636331 0.061728
