1 0.491035 0.240399 0.125311 0.117659
1 0.0689958 0.309315 0.0839937 0.0846477
1 0.209105 0.351734 0.0849164 0.080794
1 0.257933 0.51289 0.120938 0.115667
1 0.113373 0.460117 0.0895047 0.0827662
1 0.727674 0.231931 0.132398 0.13931
1 0.843364 0.64549 0.166947 0.142072
1 0.174884 0.580107 0.0967106 0.0906544
1 0.353298 0.597514 0.105232 0.106771
1 0.175097 0.152278 0.0912879 0.0872324
1 0.394758 0.54538 0.136771 0.144021
1 0.102948 0.87069 0.122914 0.113528
1 0.428907 0.0477481 0.103525 0.0954962
1 0.654315 0.299641 0.0950301 0.099709
1 0.0463505 0.0871789 0.092701 0.100265
1 0.829815 0.0912643 0.140744 0.145983
1 0.665779 0.168933 0.124523 0.125889
1 0.880432 0.363031 0.153121 0.15351
1 0.627411 0.75351 0.123986 0.117991
1 0.424285 0.833896 0.0997554 0.102316
1 0.0829667 0.0512977 0.151062 0.10231
1 0.668353 0.599658 0.0884356 0.0878587
1 0.414487 0.320117 0.112822 0.103599
1 0.391141 0.357423 0.129745 0.116079
1 0.447161 0.489973 0.136605 0.125969
1 0.689352 0.823285 0.139543 0.134018
1 0.288167 0.910179 0.0845287 0.0910051
1 0.895518 0.593384 0.138297 0.127507
1 0.302394 0.422296 0.0853515 0.0878869
1 0.446179 0.860287 0.0970663 0.106937
1 0.573746 0.0670254 0.0985804 0.107027
1 0.788708 0.715855 0.150953 0.148327
1 0.372962 0.106782 0.13812 0.142925
1 0.260331 0.247331 0.111077 0.104411
1 0.69228 0.489267 0.129315 0.129632
1 0.776658 0.0497778 0.102302 0.0995555
1 0.522129 0.439215 0.110067 0.10919
1 0.207177 0.109486 0.102697 0.0901298
1 0.802381 0.976526 0.108074 0.0464747
1 0.0541928 0.954758 0.108386 0.0904847
1 0.745212 0.778286 0.120503 0.112854
1 0.218371 0.696814 0.10121 0.0972035
1 0.496494 0.453823 0.109717 0.110852
1 0.142551 0.631676 0.106621 0.0974042
1 0.47978 0.888837 0.0874035 0.10372
1 0.0460705 0.506308 0.0917495 0.124969
1 0.939365 0.0381205 0.108534 0.076241
1 0.950526 0.773179 0.0981019 0.189457
1 0.0707811 0.245885 0.0568402 0.0597255
1 0.76662 0.558975 0.126166 0.124338
1 0.550789 0.404497 0.111263 0.106023
1 0.587388 0.382599 0.0894046 0.0837202
1 0.728374 0.0334013 0.103746 0.0664911
1 0.068185 0.917331 0.133582 0.124799
1 0.0302715 0.977437 0.0600953 0.0451022
1 0.606937 0.945409 0.143587 0.108386
1 0.535215 0.907747 0.1241 0.139019
1 0.264474 0.0575497 0.13013 0.115099
1 0.0318444 0.137757 0.0636888 0.0858406
1 0.675978 0.0232893 0.0696313 0.0464596
1 0.23802 0.072849 0.0995666 0.084746
1 0.980147 0.724869 0.0392315 0.0821042
1 0.314315 0.962239 0.0824819 0.0748086
1 0.0281971 0.83015 0.0558435 0.109805
1 0.612955 0.143063 0.133307 0.143716
1 0.782433 0.355712 0.0585644 0.0645077
1 0.41067 0.97296 0.0865658 0.0537238
1 0.618311 0.862118 0.17169 0.182178
1 0.348134 0.458037 0.0732981 0.0715221
1 0.232208 0.296587 0.0981989 0.103965
1 0.35961 0.962971 0.0928591 0.0739917
1 0.314587 0.022308 0.0936469 0.0443179
0 0.409101 0.972776 0.0842586 0.0537317
