1 0.939808 0.293316 0.118627 0.109866
2 0.113334 0.135851 0.226668 0.271576
1 0.76465 0.334851 0.123707 0.119837
1 0.913495 0.221285 0.142932 0.117027
1 0.863651 0.158545 0.13984 0.128217
1 0.783261 0.0481844 0.151836 0.0961666
1 0.825547 0.0854245 0.122651 0.111886
1 0.676721 0.212566 0.133317 0.119432
1 0.938289 0.0362315 0.121348 0.072327
1 0.358901 0.0574116 0.121026 0.111944
1 0.812216 0.667131 0.145903 0.141395
1 0.96141 0.0736455 0.0751135 0.119981
1 0.808284 0.404092 0.131466 0.125106
1 0.937424 0.851451 0.125153 0.129334
1 0.459254 0.167363 0.157418 0.125304
1 0.416918 0.11021 0.143621 0.136083
1 0.551756 0.281444 0.156792 0.141413
1 0.5325 0.0485159 0.147687 0.096319
1 0.576761 0.0993475 0.148738 0.130552
1 0.97087 0.345921 0.057689 0.0886018
1 0.912116 0.58958 0.168857 0.145623
1 0.597942 0.355983 0.170477 0.153627
1 0.724122 0.016814 0.082063 0.033628
1 0.505304 0.223953 0.157641 0.132729
2 0.554203 0.281972 0.158595 0.146145
1 0.320887 0.0251888 0.10448 0.0503566
0 0.751498 0.615906 0.16863 0.13813
0 0.960798 0.641429 0.0771844 0.117413
1 0.984582 0.176472 0.0303683 0.0538447
1 0.47415 0.020786 0.0824647 0.0413944
2 0.332851 0.80735 0.6509 0.354998
1 0.960281 0.642925 0.0790665 0.116794
0 0.910846 0.818553 0.17527 0.193622
