1 0.688442 0.417507 0.08441 0.122431
1 0.714267 0.0626854 0.154169 0.122004
1 0.474674 0.766537 0.108582 0.134941
1 0.200145 0.683276 0.106922 0.125992
1 0.252393 0.940167 0.10777 0.118491
1 0.284962 0.717502 0.101377 0.120191
0 0.935631 0.444063 0.0852531 0.142932
1 0.55278 0.0401988 0.117192 0.0790747
1 0.580143 0.631319 0.0786445 0.121277
1 0.695872 0.273426 0.0966705 0.125818
1 0.165405 0.906383 0.107054 0.119999
1 0.784645 0.274994 0.0850642 0.119153
1 0.3278 0.0463076 0.135864 0.0916896
1 0.829738 0.647878 0.0836266 0.110763
1 0.10883 0.646652 0.105704 0.12407
1 0.734907 0.804747 0.0942616 0.129077
1 0.7489 0.652246 0.0824521 0.135672
1 0.340851 0.963893 0.0966675 0.0718122
1 0.448048 0.61867 0.109409 0.142115
1 0.519231 0.404563 0.0802443 0.117953
1 0.899126 0.815821 0.0806252 0.14062
1 0.849969 0.435041 0.0819438 0.124742
0 0.0506108 0.258246 0.100267 0.111567
1 0.913453 0.661236 0.0813437 0.113173
0 0.31471 0.576841 0.0978768 0.0790722
1 0.666011 0.645164 0.0896804 0.149612
1 0.37515 0.756871 0.111742 0.12763
1 0.813109 0.807477 0.0870419 0.146976
1 0.723607 0.97992 0.0785346 0.0397716
1 0.597269 0.417326 0.080718 0.111639
1 0.439994 0.978964 0.0687474 0.0417893
1 0.771385 0.425483 0.0860935 0.124911
1 0.940182 0.0661605 0.116739 0.131083
1 0.977109 0.671456 0.0455403 0.124423
1 0.969904 0.831972 0.0596304 0.128113
0 0.50325 0.624225 0.0719565 0.139749
1 0.895277 0.985149 0.102975 0.0296378
0 0.975646 0.677894 0.0483636 0.139531
1 0.948515 0.298331 0.0895751 0.123432
1 0.547193 0.245612 0.0966432 0.104363
0 0.471981 0.620954 0.13937 0.149477
0 0.548981 0.246079 0.101247 0.104502
0 0.770394 0.425304 0.0844619 0.124043
1 0.0325993 0.608106 0.0651986 0.133288
0 0.948168 0.299073 0.0888342 0.125179
0 0.987905 0.443951 0.0240333 0.138611
1 0.222504 0.0259409 0.0800487 0.0515084
0 0.862155 0.295071 0.0819521 0.144942
2 0.939966 0.0717219 0.117726 0.142087
