1 0.507999 0.389099 0.143887 0.158136
0 0.0553284 0.268936 0.110014 0.138609
1 0.24648 0.59525 0.155272 0.153355
1 0.365267 0.720626 0.164452 0.16034
1 0.794785 0.710822 0.116777 0.125625
1 0.877966 0.657978 0.0940704 0.0924921
1 0.500924 0.845626 0.11886 0.117493
1 0.19042 0.525576 0.163283 0.153325
1 0.135371 0.0884275 0.1606 0.143644
1 0.748846 0.258588 0.104525 0.141613
1 0.923519 0.213057 0.108424 0.123586
1 0.439754 0.446809 0.142584 0.145677
1 0.714097 0.623483 0.0993383 0.0791661
1 0.720286 0.758324 0.120652 0.117016
1 0.470036 0.238229 0.136288 0.134503
1 0.139157 0.460058 0.146883 0.139005
0 0.592089 0.352616 0.151882 0.178978
1 0.721874 0.102287 0.125446 0.12175
1 0.316833 0.328217 0.131942 0.132164
1 0.626727 0.95854 0.129797 0.0819473
1 0.559846 0.910821 0.142667 0.125406
1 0.388712 0.273172 0.123096 0.111856
1 0.929609 0.442669 0.105688 0.102366
1 0.113823 0.213695 0.1159 0.110926
1 0.0604778 0.159041 0.0995908 0.0883705
0 0.958193 0.62102 0.0828691 0.101576
1 0.755872 0.51538 0.116913 0.122308
1 0.602841 0.609898 0.116385 0.120043
1 0.221172 0.15335 0.168096 0.14423
1 0.676993 0.562345 0.131294 0.115505
1 0.427379 0.795193 0.159552 0.152857
1 0.839916 0.4815 0.121484 0.121958
1 0.0183123 0.329595 0.0365214 0.0841984
1 0.672895 0.698199 0.0811137 0.0731328
1 0.630467 0.67467 0.0985422 0.102649
0 0.88657 0.920755 0.182789 0.157387
1 0.884274 0.924747 0.172923 0.148117
1 0.738685 0.657995 0.0666323 0.064672
0 0.908064 0.0947153 0.0623783 0.057011
1 0.945146 0.874405 0.109666 0.136762
1 0.83891 0.246279 0.0922499 0.110025
1 0.0159679 0.198337 0.0310272 0.0580893
1 0.309667 0.65967 0.142921 0.142618
1 0.559939 0.654289 0.0834696 0.0895754
0 0.839626 0.480708 0.123292 0.122602
