0 0.168414 0.583436 0.116862 0.11419
1 0.897271 0.437211 0.115736 0.118234
0 0.947017 0.532184 0.102622 0.128834
1 0.700684 0.310592 0.142172 0.149019
1 0.248238 0.816158 0.132046 0.156686
1 0.432164 0.774019 0.106245 0.10594
1 0.372573 0.239604 0.128659 0.14096
1 0.474856 0.422409 0.166984 0.109658
1 0.791908 0.607757 0.107093 0.126219
1 0.903758 0.235209 0.105219 0.107018
1 0.0850184 0.131633 0.14989 0.160018
1 0.871406 0.574951 0.115 0.127807
1 0.0529547 0.698364 0.104806 0.107356
0 0.697831 0.455623 0.109828 0.0867593
0 0.655889 0.676397 0.0963595 0.0952756
1 0.0506357 0.821355 0.101271 0.10006
1 0.52707 0.736446 0.124574 0.137353
1 0.709136 0.626491 0.113247 0.149718
0 0.950218 0.0584487 0.0991073 0.113675
1 0.100832 0.891995 0.151053 0.121189
1 0.556063 0.63021 0.0768311 0.065207
0 0.535195 0.572791 0.0891414 0.0873034
1 0.0607702 0.236275 0.120565 0.128771
1 0.962302 0.381616 0.0750057 0.144674
0 0.962913 0.384774 0.0732545 0.142893
0 0.707203 0.626782 0.115555 0.148561
