1 0.437668 0.250963 0.127028 0.117067
1 0.421387 0.583587 0.149583 0.126863
1 0.704247 0.1358 0.133194 0.111742
1 0.496745 0.169489 0.129834 0.121415
1 0.859792 0.347827 0.179239 0.163603
1 0.316735 0.503347 0.120737 0.125223
1 0.28238 0.940429 0.140433 0.119141
1 0.403166 0.32467 0.152831 0.126647
1 0.932192 0.198846 0.120947 0.111154
1 0.710736 0.573616 0.154183 0.135816
1 0.546486 0.0890255 0.152742 0.121641
1 0.325787 0.729097 0.127821 0.11751
1 0.244867 0.456768 0.142665 0.141812
1 0.616536 0.712411 0.158318 0.137313
1 0.371131 0.661199 0.120655 0.117342
1 0.0603668 0.126945 0.120734 0.123368
1 0.290739 0.0628902 0.137712 0.120044
1 0.655362 0.21981 0.144282 0.124952
1 0.748334 0.0578675 0.127504 0.107527
1 0.121832 0.390765 0.133832 0.135989
1 0.744584 0.494433 0.129994 0.114369
1 0.516359 0.859634 0.156172 0.138156
1 0.204398 0.194131 0.123638 0.121206
1 0.504629 0.447075 0.127028 0.109628
1 0.0668373 0.342102 0.116958 0.124387
1 0.0568087 0.960147 0.113617 0.0795066
1 0.45922 0.513245 0.13137 0.12565
1 0.103345 0.0587166 0.144312 0.116023
1 0.0606052 0.809798 0.12121 0.124868
1 0.165831 0.592448 0.157407 0.175571
1 0.0486018 0.519892 0.0972036 0.130662
1 0.556137 0.372235 0.146272 0.135006
1 0.592126 0.291763 0.148106 0.133508
1 0.0369702 0.211896 0.0739404 0.119644
1 0.199102 0.897252 0.114467 0.134262
1 0.663694 0.633104 0.159814 0.128157
1 0.218397 0.650856 0.120991 0.131945
1 0.588778 0.0476595 0.137463 0.095319
1 0.801104 0.0266088 0.0997941 0.0530174
1 0.794063 0.42018 0.132623 0.123343
1 0.244923 0.124607 0.150674 0.133366
1 0.898201 0.256951 0.136262 0.103292
1 0.134432 0.850478 0.139273 0.142816
1 0.342472 0.0234448 0.104544 0.0466502
1 0.555372 0.789588 0.117368 0.110425
1 0.365645 0.962365 0.115853 0.0747631
1 0.957446 0.13111 0.0839062 0.112837
1 0.976664 0.0468331 0.0464442 0.0936662
1 0.169425 0.0228478 0.11539 0.0456956
1 0.0203449 0.921368 0.0404582 0.0827961
