1 0.662169 0.507728 0.143966 0.141373
1 0.855938 0.863315 0.14171 0.139578
1 0.836318 0.303128 0.149793 0.144025
1 0.660602 0.730658 0.132431 0.125094
1 0.52435 0.638526 0.147742 0.152757
1 0.825662 0.523869 0.136965 0.142778
1 0.775773 0.372225 0.133397 0.137323
1 0.454392 0.69158 0.138709 0.142124
1 0.37985 0.72687 0.0946904 0.101654
1 0.790866 0.922882 0.142567 0.138115
1 0.88542 0.457926 0.132479 0.13499
1 0.254404 0.887829 0.148715 0.141073
1 0.937696 0.170961 0.121659 0.130216
1 0.718549 0.438236 0.139336 0.131365
1 0.950068 0.945603 0.0997441 0.108794
1 0.766174 0.60226 0.130793 0.135529
1 0.310888 0.825352 0.147335 0.148363
1 0.589419 0.792466 0.130644 0.114365
1 0.45759 0.961794 0.115467 0.0759846
1 0.942372 0.730156 0.115256 0.128211
1 0.714523 0.657597 0.136307 0.144728
1 0.591964 0.568321 0.136153 0.13428
1 0.949944 0.334164 0.0991915 0.157092
1 0.877973 0.222907 0.122119 0.128946
1 0.980287 0.882069 0.0390224 0.0724825
1 0.381244 0.922091 0.10857 0.106242
1 0.892029 0.793764 0.115005 0.131932
1 0.175984 0.951794 0.152356 0.0957994
0 0.178676 0.950744 0.154861 0.0972798
0 0.968504 0.659055 0.0623826 0.115332
1 0.955773 0.0663319 0.0869045 0.132664
1 0.934561 0.412552 0.0975941 0.105614
