1 0.635386 0.520027 0.172195 0.163485
1 0.705642 0.288452 0.116228 0.121089
1 0.166483 0.685201 0.16501 0.158307
1 0.572855 0.328093 0.156617 0.141672
0 0.944668 0.835612 0.110539 0.139311
1 0.914405 0.12251 0.17119 0.147397
1 0.67867 0.916141 0.116932 0.157031
1 0.0674977 0.929585 0.134928 0.14034
1 0.677859 0.0788153 0.0789708 0.0993996
1 0.770558 0.472759 0.132793 0.162477
1 0.294692 0.644382 0.166656 0.154357
1 0.546057 0.953529 0.12906 0.0918146
1 0.494068 0.5725 0.110093 0.134785
1 0.390295 0.832214 0.116321 0.157171
1 0.277902 0.873986 0.111124 0.161413
1 0.310114 0.437014 0.121941 0.169495
1 0.0378259 0.741061 0.0756518 0.147651
1 0.442905 0.591625 0.11578 0.138745
1 0.588971 0.108743 0.159667 0.16483
1 0.95171 0.368902 0.0953043 0.129648
1 0.322729 0.181406 0.116411 0.163073
1 0.379641 0.617845 0.0942588 0.116818
1 0.215643 0.891234 0.109659 0.152761
0 0.907652 0.693061 0.175375 0.216165
1 0.550229 0.558172 0.101213 0.124177
1 0.145526 0.918129 0.114058 0.156874
1 0.582649 0.814944 0.0914309 0.102491
1 0.479484 0.806213 0.160784 0.180658
1 0.488704 0.386227 0.11457 0.170714
1 0.397368 0.383617 0.152466 0.139687
1 0.809832 0.678917 0.0985371 0.141002
1 0.933655 0.269908 0.131651 0.101537
1 0.272283 0.228713 0.0915996 0.122588
1 0.432791 0.97601 0.130233 0.0477082
1 0.473821 0.15744 0.141611 0.135386
1 0.884808 0.8741 0.100863 0.123085
1 0.0730805 0.105185 0.146161 0.179221
1 0.33668 0.855023 0.0897445 0.158969
1 0.0784525 0.717777 0.0975989 0.127593
0 0.81017 0.676573 0.0980554 0.137394
1 0.773803 0.8043 0.104039 0.115236
0 0.480595 0.804807 0.164503 0.182166
1 0.0336387 0.522822 0.0668402 0.135346
1 0.683702 0.71911 0.205936 0.171082
0 0.599271 0.421286 0.143892 0.106022
1 0.600266 0.421345 0.13876 0.106883
1 0.785687 0.846047 0.138152 0.201665
0 0.0730637 0.106699 0.146127 0.181382
1 0.227477 0.444415 0.137036 0.139971
1 0.907374 0.694941 0.172505 0.220791
