1 0.134148 0.901677 0.142551 0.156826
1 0.627908 0.0851786 0.139169 0.107377
0 0.224173 0.107464 0.14452 0.101791
1 0.927676 0.620018 0.135099 0.115706
1 0.382638 0.225819 0.136934 0.105678
1 0.576036 0.374105 0.134384 0.105283
1 0.600427 0.882036 0.141803 0.108384
1 0.773749 0.371915 0.154353 0.110626
1 0.617201 0.286091 0.161598 0.119757
1 0.498107 0.630491 0.143604 0.122033
1 0.802039 0.293592 0.115308 0.102847
1 0.379632 0.111184 0.145264 0.109369
1 0.526753 0.542069 0.1448 0.114938
1 0.622192 0.789105 0.174344 0.125906
1 0.345357 0.393664 0.117738 0.110756
1 0.631051 0.18639 0.148248 0.0860341
1 0.713371 0.538832 0.137305 0.122001
1 0.0960672 0.561087 0.128984 0.102342
1 0.948369 0.529996 0.103158 0.0912133
1 0.66962 0.713394 0.135295 0.121138
1 0.364109 0.304159 0.144322 0.116446
1 0.373755 0.954702 0.142046 0.090157
1 0.465409 0.716314 0.137121 0.106671
1 0.141969 0.378353 0.119679 0.112774
1 0.124745 0.465769 0.137522 0.109783
1 0.900839 0.698831 0.113296 0.0984936
0 0.558744 0.951592 0.163126 0.0968153
0 0.967503 0.353672 0.0644951 0.0930246
0 0.282758 0.567275 0.125583 0.103611
1 0.746231 0.45658 0.108177 0.0981809
1 0.0661793 0.95205 0.132359 0.0936282
1 0.0429701 0.731837 0.0857 0.118671
1 0.55587 0.46002 0.13935 0.11452
1 0.681062 0.620426 0.141437 0.121618
1 0.80857 0.0969256 0.109732 0.0794817
1 0.251548 0.64609 0.140507 0.12832
1 0.800395 0.183153 0.123904 0.0871966
1 0.0662786 0.641145 0.131055 0.123536
1 0.192411 0.301165 0.151953 0.129831
0 0.0227872 0.0991653 0.0455356 0.0762439
0 0.85175 0.831868 0.106573 0.12909
1 0.200373 0.831088 0.1389 0.133637
1 0.945503 0.868925 0.0984045 0.117809
1 0.319185 0.476377 0.154601 0.120298
0 0.202021 0.22261 0.121629 0.0898864
1 0.449361 0.799339 0.140754 0.10715
0 0.977098 0.0722406 0.0456591 0.0880503
0 0.0673619 0.641412 0.126824 0.123603
0 0.249718 0.647137 0.139043 0.124365
1 0.981725 0.257777 0.036118 0.0799359
0 0.448543 0.800986 0.139396 0.107038
1 0.976679 0.0728762 0.0459578 0.0867835
1 0.280839 0.566996 0.121405 0.107146
