1 0.635321 0.116942 0.156011 0.154085
1 0.0564607 0.565951 0.111722 0.163022
1 0.111082 0.250468 0.20454 0.168044
1 0.0886789 0.693114 0.177358 0.170786
1 0.268955 0.616403 0.173723 0.168174
1 0.913114 0.127062 0.173772 0.171499
1 0.334729 0.721412 0.165499 0.160264
0 0.668815 0.239199 0.200762 0.164648
1 0.553276 0.442781 0.162534 0.163121
1 0.398669 0.0960228 0.169734 0.169098
1 0.738044 0.357766 0.175564 0.1703
1 0.944026 0.234953 0.110101 0.134831
1 0.453601 0.212066 0.204804 0.176272
1 0.212436 0.492954 0.160373 0.147235
1 0.509662 0.32524 0.193696 0.178554
3 0.74098 0.856272 0.32986 0.283901
0 0.571887 0.0449199 0.199737 0.0895427
1 0.133591 0.803201 0.175811 0.152119
1 0.600937 0.58492 0.200692 0.150411
1 0.88481 0.0444967 0.162087 0.0882902
0 0.158268 0.3759 0.198654 0.165717
1 0.157838 0.377424 0.202811 0.167162
0 0.0651699 0.0407295 0.129372 0.0812566
1 0.366924 0.0254688 0.159517 0.0508618
2 0.236495 0.969206 0.185233 0.0602522
3 0.7906 0.481895 0.195198 0.185242
1 0.547029 0.564532 0.14157 0.108897
1 0.788495 0.482225 0.196131 0.187157
0 0.789125 0.482401 0.193626 0.190034
1 0.969887 0.339718 0.0600779 0.0865816
