1 0.180294 0.325094 0.16863 0.178351
0 0.713088 0.0477718 0.117858 0.0950876
1 0.492808 0.123917 0.212778 0.187958
0 0.6188 0.0737001 0.140886 0.1474
1 0.666554 0.555978 0.133099 0.172663
0 0.29082 0.909687 0.134556 0.167401
0 0.201538 0.887416 0.125831 0.186486
1 0.490042 0.702088 0.11458 0.115231
1 0.679498 0.769569 0.129148 0.153139
1 0.768404 0.797578 0.121197 0.151262
1 0.724916 0.325688 0.118786 0.151842
1 0.826018 0.335902 0.11758 0.131627
1 0.943179 0.853872 0.113643 0.151696
0 0.563428 0.507894 0.157999 0.162364
1 0.581857 0.727048 0.119509 0.123795
1 0.273774 0.246153 0.108764 0.119548
1 0.45211 0.487179 0.151617 0.153258
1 0.585057 0.952167 0.123929 0.0950835
0 0.754145 0.584005 0.134461 0.16488
1 0.0945241 0.393464 0.143737 0.164435
1 0.30359 0.657868 0.12744 0.145913
0 0.977608 0.368812 0.0444283 0.138405
0 0.907392 0.388953 0.134614 0.16272
0 0.39804 0.682341 0.118987 0.130499
1 0.03704 0.809039 0.0740801 0.148023
0 0.440992 0.495823 0.17776 0.178304
1 0.848513 0.610255 0.127096 0.157984
1 0.0563818 0.457951 0.112104 0.182242
1 0.972282 0.175459 0.0546184 0.119143
1 0.362565 0.204369 0.171243 0.166205
1 0.561279 0.509736 0.159727 0.165108
1 0.201284 0.624449 0.148509 0.1604
0 0.390447 0.926052 0.116081 0.146653
1 0.390657 0.925433 0.113476 0.14697
1 0.114293 0.859921 0.109784 0.120752
1 0.934116 0.625562 0.130356 0.181525
0 0.485963 0.93743 0.110768 0.123344
1 0.202463 0.886243 0.12676 0.192646
0 0.934071 0.625624 0.130564 0.176655
1 0.71264 0.0461104 0.120913 0.0917582
0 0.852186 0.603047 0.139481 0.179601
0 0.114795 0.849138 0.110787 0.151804
0 0.203201 0.626611 0.152935 0.168754
1 0.485203 0.934944 0.116045 0.128719
0 0.978035 0.670594 0.0437084 0.149542
0 0.86082 0.808627 0.133839 0.167952
1 0.62281 0.067462 0.143803 0.134924
1 0.402955 0.678716 0.112985 0.123058
1 0.860236 0.808562 0.13197 0.160751
1 0.748563 0.980444 0.05089 0.0387924
1 0.908579 0.389315 0.13448 0.16155
