1 0.144108 0.114543 0.125039 0.133517
1 0.776774 0.848916 0.124585 0.111484
1 0.146328 0.405517 0.131101 0.130006
1 0.350084 0.167185 0.13171 0.121849
0 0.551029 0.234183 0.121717 0.111674
1 0.823232 0.766054 0.152905 0.128762
1 0.539414 0.323731 0.12548 0.10557
1 0.522618 0.769195 0.159721 0.128703
1 0.0622933 0.0751927 0.121254 0.118921
1 0.0807815 0.949374 0.110068 0.0993471
1 0.387256 0.0881275 0.110465 0.106814
1 0.644468 0.457608 0.142664 0.121587
1 0.480309 0.481671 0.14185 0.114728
1 0.301146 0.955088 0.130164 0.0881104
1 0.37945 0.722295 0.123227 0.104372
1 0.206811 0.177869 0.113186 0.114555
1 0.75699 0.929499 0.139893 0.11594
1 0.461199 0.569056 0.141556 0.117271
1 0.333057 0.878519 0.12534 0.11689
1 0.496694 0.397849 0.105713 0.0932225
1 0.219685 0.528828 0.132381 0.0992713
1 0.319741 0.254674 0.139788 0.127552
1 0.413622 0.636608 0.103795 0.0816227
1 0.475933 0.933865 0.158182 0.115314
1 0.502368 0.8541 0.143298 0.115838
1 0.0681276 0.362119 0.136255 0.140957
1 0.195997 0.594148 0.133079 0.10504
1 0.606691 0.533975 0.146185 0.126578
1 0.355626 0.798869 0.119998 0.104108
1 0.601336 0.625099 0.121978 0.111235
1 0.708342 0.250552 0.18027 0.23341
1 0.100493 0.87106 0.110282 0.105255
1 0.951151 0.306527 0.0972112 0.161091
1 0.923859 0.94692 0.150746 0.105828
1 0.250125 0.434986 0.130095 0.109443
1 0.120874 0.786041 0.154485 0.131629
1 0.891724 0.511557 0.121714 0.122366
2 0.707246 0.249093 0.177864 0.23898
1 0.442596 0.972067 0.143949 0.0547755
1 0.681766 0.379173 0.148423 0.0964172
1 0.590584 0.150787 0.163985 0.136764
1 0.0308477 0.514863 0.0616953 0.105083
1 0.0339218 0.755698 0.0673334 0.124835
0 0.0324659 0.756354 0.0649318 0.121564
2 0.951346 0.306954 0.0973077 0.162071
1 0.00935925 0.904762 0.0182871 0.0543327
1 0.710125 0.978207 0.083627 0.0435737
