0 0.200324 0.803409 0.12129 0.153704
0 0.0396342 0.751955 0.0792683 0.159378
1 0.801975 0.789624 0.12787 0.133131
1 0.723442 0.902479 0.153319 0.155402
1 0.57792 0.935505 0.110221 0.123234
0 0.298333 0.845402 0.114694 0.120165
0 0.139169 0.194387 0.121539 0.126666
0 0.103216 0.786086 0.123093 0.134554
1 0.06468 0.974339 0.108859 0.0509033
1 0.394605 0.863689 0.110775 0.138943
3 0.932031 0.712736 0.13487 0.158239
1 0.969236 0.44991 0.061434 0.10024
1 0.675175 0.947599 0.180334 0.103377
0 0.473947 0.914494 0.122201 0.137766
1 0.471373 0.913141 0.116701 0.123524
1 0.104256 0.78853 0.119776 0.13755
