1 0.7639 0.542353 0.163872 0.158002
1 0.60271 0.664237 0.157964 0.155945
1 0.862618 0.776548 0.13401 0.160507
1 0.529099 0.735021 0.170843 0.157023
1 0.471086 0.818484 0.165185 0.162824
1 0.683352 0.602054 0.153196 0.151967
1 0.399946 0.886956 0.157941 0.153009
1 0.777 0.832486 0.157058 0.158355
1 0.696113 0.90724 0.17743 0.169697
1 0.325451 0.944355 0.145203 0.110686
0 0.868233 0.486445 0.130827 0.180075
1 0.9736 0.825605 0.0521497 0.109459
0 0.957929 0.479558 0.0841413 0.138449
1 0.866733 0.487906 0.138 0.177947
1 0.957586 0.480465 0.0840241 0.135191
1 0.944788 0.698571 0.109218 0.13682
1 0.227802 0.968128 0.114155 0.0634065
1 0.967232 0.68154 0.0650847 0.1039
0 0.819702 0.945849 0.170646 0.107292
