0 0.618928 0.186498 0.146556 0.124222
0 0.0574942 0.582703 0.114988 0.11202
1 0.380559 0.813774 0.156979 0.124805
1 0.652292 0.112317 0.128351 0.108185
1 0.226117 0.560748 0.157196 0.127035
1 0.752209 0.944093 0.141135 0.105192
1 0.21878 0.121279 0.14048 0.111872
1 0.683931 0.474212 0.147324 0.118391
1 0.647715 0.551347 0.178977 0.141315
1 0.123779 0.353005 0.11624 0.102653
1 0.700772 0.0492399 0.155011 0.097643
1 0.739903 0.309501 0.168627 0.127356
1 0.245896 0.0515247 0.126756 0.102282
1 0.0754537 0.509709 0.149041 0.123671
1 0.348462 0.260954 0.171296 0.146843
1 0.809825 0.155049 0.112491 0.108334
1 0.244704 0.478186 0.153623 0.122747
1 0.54382 0.776086 0.149694 0.124545
1 0.868227 0.625164 0.144923 0.125291
1 0.39338 0.182019 0.134099 0.112736
1 0.77061 0.861775 0.143992 0.115184
1 0.614931 0.624153 0.155317 0.12516
1 0.164322 0.724046 0.147293 0.122457
1 0.338749 0.881284 0.12096 0.103526
1 0.116656 0.905002 0.129539 0.143144
1 0.861106 0.0841818 0.122412 0.12354
1 0.588041 0.700334 0.138425 0.120911
1 0.417317 0.0997628 0.144351 0.128242
1 0.720826 0.402596 0.122769 0.10972
1 0.19529 0.201503 0.116879 0.0986524
1 0.523667 0.415303 0.136294 0.115564
1 0.409387 0.731722 0.150092 0.126816
1 0.58878 0.268075 0.14645 0.110894
1 0.440787 0.652213 0.165903 0.116373
1 0.144216 0.803903 0.10864 0.094959
1 0.80945 0.787179 0.141065 0.119278
1 0.163722 0.281191 0.114198 0.102943
1 0.284504 0.405354 0.166345 0.123134
1 0.792747 0.242841 0.130144 0.120726
1 0.433839 0.038459 0.14602 0.0766311
1 0.836632 0.705174 0.143543 0.123191
1 0.558969 0.33647 0.150585 0.121147
1 0.900218 0.545024 0.148464 0.131057
1 0.463462 0.573001 0.136761 0.121179
1 0.503922 0.494949 0.132158 0.111082
1 0.531 0.870971 0.107001 0.084987
1 0.908397 0.0341214 0.107811 0.0682428
2 0.910642 0.895277 0.178648 0.208188
1 0.287843 0.968389 0.0799588 0.0629961
1 0.315811 0.329677 0.151709 0.130797
1 0.0387673 0.868738 0.0770961 0.137203
1 0.115752 0.433822 0.152785 0.119682
1 0.0494992 0.0189396 0.0960516 0.0375748
1 0.518059 0.945232 0.121657 0.109537
1 0.389365 0.976924 0.0901895 0.0459498
0 0.977149 0.207468 0.0449349 0.0951181
1 0.711175 0.978485 0.126311 0.042788
1 0.190568 0.639473 0.161293 0.136119
0 0.965909 0.295976 0.0676463 0.0943931
0 0.0450067 0.0988127 0.0890233 0.17417
1 0.0413653 0.669411 0.0827306 0.115102
1 0.95589 0.774914 0.0877236 0.0775018
1 0.298967 0.0136339 0.122973 0.02721
