2 0.367495 0.0779128 0.133478 0.155826
2 0.720842 0.188517 0.133355 0.19409
2 0.6042 0.14473 0.12651 0.187376
2 0.554222 0.772438 0.283976 0.33496
1 0.698896 0.4149 0.163745 0.120299
2 0.237738 0.642411 0.473352 0.453048
1 0.828482 0.483265 0.167115 0.11537
3 0.803341 0.857073 0.154829 0.188881
2 0.943353 0.265616 0.113294 0.18799
1 0.948698 0.645677 0.102272 0.177986
2 0.242347 0.057754 0.10492 0.114856
2 0.187422 0.153585 0.369708 0.219312
1 0.55548 0.344642 0.171709 0.120006
3 0.238158 0.64564 0.474555 0.442584
2 0.8939 0.0498125 0.210476 0.0989596
1 0.416373 0.268827 0.136497 0.170572
