0 0.561787 0.809634 0.0761149 0.0743808
1 0.889899 0.0563363 0.086627 0.0899509
1 0.845142 0.31406 0.10723 0.111655
1 0.888504 0.213113 0.107215 0.100324
1 0.834378 0.639021 0.102642 0.116935
1 0.0507163 0.484668 0.100679 0.183056
1 0.111469 0.401847 0.140178 0.138138
1 0.566879 0.974438 0.0866094 0.0510051
1 0.571367 0.924707 0.0675535 0.0568511
3 0.125632 0.748007 0.200216 0.192219
0 0.303491 0.0358868 0.101383 0.0714895
1 0.919388 0.976814 0.101692 0.0461044
0 0.527799 0.774847 0.0640261 0.0643017
0 0.227962 0.266019 0.0518979 0.0685061
