2 0.438314 0.907402 0.270618 0.185195
1 0.680092 0.605993 0.155495 0.135537
1 0.919553 0.615623 0.160894 0.148463
1 0.769194 0.74792 0.166309 0.141178
1 0.0809346 0.796977 0.161869 0.136233
1 0.915414 0.296047 0.169173 0.182068
1 0.641704 0.507275 0.178027 0.165554
1 0.519649 0.311695 0.149882 0.114418
1 0.588521 0.430927 0.150925 0.119786
1 0.864403 0.465724 0.146676 0.116559
1 0.0660493 0.716043 0.131223 0.127806
1 0.730348 0.218402 0.16677 0.140838
1 0.76049 0.285365 0.14954 0.111396
1 0.1082 0.868257 0.156075 0.127074
1 0.8086 0.371015 0.196473 0.199153
1 0.470031 0.253704 0.176284 0.126853
2 0.0477784 0.162181 0.0943334 0.163438
1 0.864556 0.172811 0.186934 0.169355
1 0.9521 0.707827 0.0950086 0.151621
1 0.833302 0.0922922 0.13618 0.0931584
2 0.0791634 0.270793 0.127568 0.135374
1 0.954701 0.408289 0.0898442 0.0946347
1 0.0470912 0.629179 0.0930434 0.128312
1 0.871223 0.923451 0.221806 0.152679
1 0.187316 0.97118 0.143346 0.05764
1 0.149933 0.936793 0.156063 0.122042
1 0.202258 0.518421 0.211817 0.14496
1 0.753038 0.0257242 0.129053 0.0511589
1 0.675099 0.117215 0.152292 0.132059
1 0.162116 0.440723 0.188024 0.142569
1 0.382013 0.0886307 0.163721 0.135828
1 0.821534 0.830811 0.190555 0.152164
1 0.561784 0.377206 0.165246 0.112752
1 0.628774 0.0580464 0.171084 0.115493
0 0.0320541 0.965993 0.0641082 0.0678711
1 0.104699 0.370129 0.18687 0.16271
1 0.415129 0.150395 0.155042 0.113898
1 0.2323 0.602645 0.181426 0.160209
1 0.697663 0.164412 0.150537 0.110202
1 0.441518 0.201164 0.162288 0.109892
2 0.105449 0.372696 0.185083 0.16139
1 0.988615 0.0377139 0.0223929 0.0640059
1 0.712031 0.68894 0.120692 0.105508
1 0.874406 0.532697 0.152689 0.118835
