0 0.939374 0.252369 0.121252 0.124245
0 0.281451 0.616194 0.125542 0.105656
1 0.651066 0.916247 0.0957041 0.111796
1 0.446718 0.84785 0.0955938 0.0962001
1 0.292474 0.864116 0.112019 0.135946
1 0.476712 0.255162 0.133141 0.140187
1 0.501221 0.593762 0.121842 0.108065
1 0.762483 0.64567 0.0875593 0.107092
0 0.787869 0.332376 0.160808 0.160503
1 0.655362 0.625454 0.122621 0.108276
1 0.773981 0.918559 0.130278 0.131677
1 0.0345474 0.122447 0.0690948 0.134855
1 0.932159 0.830237 0.132562 0.132663
1 0.565463 0.0364351 0.124938 0.0725515
1 0.141555 0.921266 0.0722205 0.0876822
1 0.624398 0.720848 0.143605 0.139422
1 0.544346 0.168019 0.0705895 0.0846195
0 0.544677 0.168739 0.0720739 0.0853345
1 0.032788 0.593107 0.0652496 0.126442
0 0.501757 0.964212 0.130141 0.0709321
0 0.141818 0.922222 0.0723087 0.0866351
