1 0.418546 0.526382 0.122401 0.119816
1 0.4978 0.685389 0.161181 0.164153
1 0.136641 0.549707 0.138665 0.132434
1 0.736032 0.726183 0.112531 0.10704
1 0.346742 0.894831 0.146147 0.132848
1 0.194715 0.317309 0.120201 0.110014
1 0.318417 0.657 0.127903 0.126734
1 0.587309 0.937506 0.124789 0.117542
1 0.173059 0.878514 0.132123 0.126284
1 0.1313 0.268298 0.131135 0.130719
1 0.0834342 0.618406 0.126205 0.11337
1 0.645201 0.87211 0.155535 0.141081
1 0.828339 0.877533 0.120621 0.11895
1 0.482879 0.290775 0.142374 0.138665
1 0.0508991 0.686178 0.101798 0.121202
1 0.40468 0.838438 0.113637 0.112301
1 0.294817 0.11291 0.142209 0.139566
1 0.374966 0.595986 0.144032 0.130408
1 0.302535 0.957163 0.118857 0.0856739
1 0.196218 0.492757 0.124408 0.124136
1 0.0691217 0.373159 0.137733 0.138906
1 0.681452 0.79972 0.115736 0.116215
0 0.231059 0.425083 0.116374 0.113354
1 0.232931 0.0725719 0.178014 0.14477
1 0.902182 0.797464 0.109134 0.118014
1 0.653039 0.0704933 0.173954 0.140987
1 0.784577 0.948718 0.108389 0.0990417
1 0.44886 0.751146 0.132374 0.128495
1 0.430894 0.219353 0.132059 0.132413
1 0.546848 0.607688 0.118672 0.114307
1 0.126942 0.939974 0.100743 0.0895642
1 0.229417 0.82654 0.113857 0.103817
1 0.802643 0.190037 0.142223 0.157261
1 0.27412 0.372938 0.12037 0.119267
1 0.283904 0.748493 0.149257 0.165553
1 0.351683 0.18068 0.154904 0.170483
1 0.0225591 0.752109 0.044822 0.0818132
1 0.934121 0.193759 0.130698 0.204533
1 0.723867 0.113286 0.109518 0.110545
1 0.533272 0.970129 0.114409 0.0594382
1 0.0280804 0.435172 0.0559029 0.0892502
1 0.150801 0.0421399 0.118091 0.0837873
1 0.553037 0.340881 0.153326 0.141055
1 0.0591484 0.978847 0.0915024 0.0422947
1 0.566988 0.0480643 0.145097 0.0952421
1 0.977193 0.776938 0.0456135 0.144188
0 0.229627 0.826286 0.119625 0.105515
0 0.769652 0.515544 0.149662 0.131003
0 0.67535 0.454824 0.156765 0.171601
0 0.55261 0.34085 0.155108 0.141779
1 0.787815 0.64431 0.185403 0.109199
1 0.961269 0.222234 0.0769879 0.130504
1 0.715466 0.974289 0.113639 0.0509814
2 0.801488 0.188805 0.143856 0.160936
