1 0.486926 0.160303 0.0882345 0.114996
1 0.321077 0.162562 0.170501 0.128307
0 0.470459 0.473127 0.134463 0.117291
1 0.0734704 0.2357 0.106577 0.106443
0 0.770917 0.183121 0.108585 0.0948732
0 0.630718 0.777289 0.154036 0.169678
1 0.0438911 0.945261 0.0867285 0.108996
1 0.363042 0.947716 0.233414 0.103056
0 0.330742 0.822269 0.101387 0.119832
1 0.380281 0.708879 0.118194 0.0991609
1 0.33018 0.824689 0.101242 0.124362
0 0.0397666 0.692224 0.0795332 0.104585
1 0.769461 0.183031 0.114947 0.0912935
1 0.0399408 0.691415 0.0793875 0.104779
