1 0.597807 0.331266 0.133112 0.137015
1 0.950097 0.476421 0.0882941 0.116389
0 0.567143 0.0283665 0.0935888 0.0566787
1 0.786573 0.658536 0.142413 0.117358
1 0.531559 0.232286 0.122086 0.111162
1 0.854854 0.725644 0.132695 0.14033
0 0.93287 0.905672 0.101586 0.099088
0 0.692899 0.462976 0.10387 0.0994048
0 0.847039 0.186971 0.110291 0.0974067
0 0.851344 0.353954 0.132845 0.0907011
0 0.718605 0.249896 0.125974 0.141074
1 0.435255 0.0755592 0.164046 0.15085
0 0.729202 0.0313208 0.0821936 0.0626415
1 0.501626 0.15076 0.105569 0.103335
0 0.951071 0.347983 0.0631753 0.0711441
1 0.721414 0.254134 0.117153 0.133777
0 0.79958 0.93408 0.107289 0.113649
1 0.804123 0.926598 0.103346 0.0945089
0 0.909606 0.829854 0.0924542 0.0856586
1 0.977425 0.627637 0.0447359 0.0685713
0 0.677333 0.137579 0.134052 0.152634
