1 0.854878 0.24202 0.153029 0.155133
1 0.579616 0.674987 0.164674 0.134733
1 0.633803 0.737998 0.125153 0.106187
1 0.372846 0.55501 0.134291 0.12046
1 0.695393 0.888049 0.1156 0.101485
1 0.900129 0.790347 0.140771 0.107686
1 0.949038 0.542278 0.101719 0.131719
1 0.866037 0.714692 0.133746 0.102291
1 0.947918 0.939909 0.103855 0.110932
1 0.8283 0.644149 0.137004 0.107692
1 0.971916 0.637346 0.0552024 0.0824335
1 0.884068 0.341328 0.139907 0.122118
1 0.802274 0.563366 0.143928 0.111642
1 0.0820856 0.299044 0.157956 0.139676
1 0.927342 0.866675 0.143162 0.117754
1 0.500649 0.420338 0.127554 0.112447
1 0.651128 0.82267 0.163482 0.123591
1 0.0528171 0.935101 0.10484 0.123363
1 0.718871 0.406687 0.130246 0.11943
1 0.194592 0.248678 0.140939 0.128232
1 0.29868 0.368978 0.151101 0.143825
1 0.733233 0.950529 0.123927 0.0871654
1 0.121361 0.459403 0.173027 0.1498
1 0.532728 0.488781 0.133009 0.0956435
1 0.0493471 0.698948 0.0979892 0.116258
1 0.473552 0.343712 0.139282 0.111853
1 0.432854 0.269618 0.121162 0.112181
2 0.423002 0.825942 0.238877 0.339086
1 0.749938 0.489933 0.131052 0.105432
1 0.192158 0.935543 0.162667 0.114154
1 0.637138 0.206828 0.141243 0.104685
1 0.499441 0.982184 0.116044 0.0350071
0 0.750448 0.49004 0.132264 0.107712
1 0.96692 0.986289 0.0660468 0.0269544
1 0.250397 0.977501 0.123678 0.0446718
1 0.18048 0.643987 0.138504 0.138253
1 0.163551 0.848254 0.144614 0.122908
1 0.422728 0.825441 0.233736 0.327427
0 0.159337 0.849669 0.155471 0.125624
1 0.973486 0.759416 0.0525253 0.11254
1 0.265484 0.211748 0.0830244 0.0944422
