1 0.649529 0.900184 0.143289 0.14115
1 0.111957 0.941548 0.107402 0.116904
1 0.36065 0.968124 0.0945973 0.0636406
1 0.226483 0.732269 0.115182 0.131987
1 0.0671688 0.69863 0.110391 0.118238
1 0.386645 0.775 0.108763 0.133673
1 0.196751 0.946116 0.117888 0.107769
1 0.147932 0.710837 0.105078 0.127505
0 0.466734 0.800068 0.102893 0.126502
1 0.0440963 0.921868 0.0875595 0.128169
0 0.279047 0.963849 0.0908573 0.072302
2 0.5 0.421724 1 0.843448
0 0.306702 0.759941 0.0994907 0.123482
0 0.0233583 0.677562 0.0463577 0.135507
1 0.272108 0.590443 0.115078 0.120278
1 0.445462 0.986314 0.0862941 0.0273714
1 0.470633 0.798712 0.110424 0.127921
1 0.554075 0.821511 0.108377 0.111373
1 0.279275 0.964285 0.0886182 0.0711627
