1 0.854796 0.0488636 0.115123 0.0977273
1 0.561667 0.136026 0.133416 0.130874
1 0.635825 0.0800415 0.144106 0.141595
1 0.898991 0.298923 0.145948 0.129508
1 0.201651 0.19225 0.0888587 0.105109
1 0.797361 0.0878341 0.140426 0.142155
1 0.139143 0.148171 0.114414 0.148072
1 0.749281 0.622586 0.120906 0.0789459
1 0.071216 0.361302 0.123712 0.143718
1 0.341373 0.116131 0.138866 0.126259
1 0.598104 0.35826 0.16106 0.153587
1 0.477092 0.302261 0.149221 0.134046
1 0.730539 0.154156 0.132088 0.11881
1 0.378602 0.0557811 0.14743 0.110633
1 0.827027 0.353449 0.115533 0.110899
1 0.96461 0.177447 0.0694571 0.113846
1 0.641224 0.279757 0.127609 0.120671
1 0.287896 0.439338 0.11737 0.13815
1 0.283702 0.226967 0.114072 0.11788
1 0.688908 0.0460846 0.14253 0.092164
1 0.963012 0.396012 0.0729152 0.125123
1 0.525405 0.218057 0.143499 0.140906
1 0.687584 0.22085 0.125081 0.104578
2 0.150326 0.604724 0.299808 0.293479
1 0.530415 0.771956 0.131753 0.0758829
1 0.956622 0.681845 0.0867554 0.131142
1 0.795281 0.441709 0.146286 0.127961
1 0.359791 0.464335 0.121682 0.133742
1 0.527097 0.844343 0.133549 0.0660398
1 0.526258 0.93123 0.144785 0.0905825
1 0.218556 0.412509 0.109019 0.120871
0 0.940428 0.454923 0.119144 0.129363
1 0.440965 0.464458 0.0689613 0.0652242
1 0.717311 0.902162 0.0779357 0.14618
1 0.76065 0.709512 0.148869 0.0850081
1 0.0283364 0.0267931 0.0566729 0.0530153
1 0.875673 0.703851 0.0720062 0.158653
1 0.90904 0.0215731 0.0834846 0.0431462
0 0.953221 0.917751 0.0921367 0.127728
1 0.141998 0.375518 0.117322 0.151051
1 0.448373 0.0197112 0.0820984 0.0394223
0 0.761899 0.711747 0.154888 0.0845757
1 0.530521 0.695047 0.127905 0.0745332
1 0.0119084 0.103237 0.0235395 0.0626755
1 0.953844 0.918123 0.0923113 0.125778
1 0.0639678 0.540986 0.127683 0.157554
1 0.414522 0.526971 0.102124 0.113035
1 0.212254 0.0515916 0.162033 0.102263
0 0.210495 0.0520618 0.156193 0.102961
1 0.0308087 0.309656 0.0610617 0.121116
0 0.55005 0.594926 0.132794 0.124796
