1 0.893059 0.227665 0.0979127 0.14811
1 0.476594 0.230591 0.0948406 0.145484
1 0.313633 0.231447 0.096957 0.13236
1 0.39266 0.0372225 0.0859415 0.0741693
1 0.288879 0.0335226 0.117886 0.066816
1 0.803943 0.247838 0.062652 0.0899127
1 0.557871 0.229145 0.0640917 0.129004
0 0.851614 0.0357339 0.109075 0.0709061
1 0.0443203 0.245129 0.0874684 0.144875
1 0.97438 0.225401 0.0507958 0.104993
1 0.828583 0.396894 0.110551 0.0971463
1 0.725861 0.24665 0.0695102 0.101283
0 0.22506 0.227861 0.0848223 0.159522
1 0.11437 0.241943 0.127646 0.158089
1 0.471864 0.0371431 0.070178 0.0727203
1 0.646613 0.0198853 0.101507 0.0395329
1 0.0489853 0.394428 0.0969672 0.151697
