1 0.116613 0.645267 0.138569 0.136521
1 0.466972 0.689457 0.125261 0.117779
1 0.600804 0.808342 0.118335 0.113576
2 0.0883502 0.391839 0.1767 0.21384
1 0.141991 0.923473 0.138868 0.128734
1 0.465471 0.241877 0.077467 0.072531
1 0.352216 0.854774 0.163295 0.157888
1 0.555383 0.346537 0.0980318 0.104807
1 0.0825341 0.96045 0.130676 0.078815
0 0.68549 0.285379 0.0888186 0.0785627
1 0.284084 0.529294 0.116026 0.116058
1 0.375053 0.608529 0.124251 0.118866
1 0.379675 0.120014 0.112752 0.10816
1 0.683122 0.884601 0.103642 0.0950866
1 0.638957 0.36207 0.108718 0.11034
1 0.217372 0.725397 0.156357 0.164833
1 0.874856 0.636892 0.143575 0.139231
1 0.495841 0.315446 0.114077 0.117032
1 0.489274 0.943987 0.149594 0.111168
1 0.937536 0.69158 0.124928 0.159022
1 0.777483 0.191809 0.142663 0.140363
1 0.792128 0.593815 0.129895 0.115825
1 0.419837 0.908009 0.142529 0.13709
1 0.557924 0.973797 0.114197 0.0520151
0 0.861595 0.500071 0.141687 0.16121
1 0.330619 0.574841 0.109369 0.113907
1 0.277246 0.782233 0.142552 0.139311
2 0.887317 0.0570681 0.178414 0.112786
1 0.885079 0.0574542 0.176197 0.113763
1 0.464093 0.128062 0.0617396 0.0603266
1 0.774868 0.952161 0.0980604 0.0955137
1 0.556512 0.77811 0.0934304 0.0716081
1 0.489803 0.103705 0.0657638 0.0640419
1 0.846706 0.963435 0.111272 0.0728724
1 0.462791 0.0383006 0.0794816 0.0763033
1 0.719787 0.92733 0.140357 0.141884
1 0.516375 0.726562 0.100397 0.100455
1 0.536424 0.0334772 0.107659 0.0667186
1 0.931872 0.420256 0.136256 0.126599
1 0.515375 0.0175865 0.0655351 0.0351076
