1 0.680606 0.316835 0.0838197 0.137607
1 0.95911 0.0812134 0.0817807 0.150454
1 0.943237 0.647777 0.109528 0.170148
1 0.886659 0.907696 0.0893092 0.158056
1 0.598199 0.311271 0.0885303 0.137248
1 0.79137 0.080155 0.110075 0.122803
1 0.768629 0.651935 0.0760155 0.17756
1 0.63762 0.895307 0.0906439 0.159612
0 0.437527 0.627787 0.07469 0.112264
1 0.500355 0.0704136 0.0728627 0.12374
1 0.46762 0.881823 0.0825164 0.145777
1 0.552086 0.876332 0.0801828 0.136406
1 0.846034 0.655539 0.0782087 0.125478
1 0.958143 0.356323 0.0837137 0.179811
1 0.597851 0.627881 0.0880703 0.148433
1 0.717891 0.877189 0.0803578 0.1159
1 0.813026 0.879624 0.0622733 0.109432
1 0.680989 0.0765388 0.0683635 0.126077
1 0.768138 0.320684 0.0782397 0.13286
1 0.594091 0.0780592 0.0720679 0.133705
1 0.683628 0.651723 0.0840566 0.142796
1 0.520551 0.640487 0.0780344 0.134149
0 0.521071 0.638639 0.078984 0.128023
0 0.350996 0.613561 0.0763806 0.121448
0 0.312836 0.85743 0.0672188 0.125018
1 0.474377 0.0711206 0.142968 0.139991
