0 0.732278 0.825882 0.0930622 0.12233
1 0.1677 0.198589 0.12691 0.0793473
1 0.0806248 0.615484 0.114716 0.113096
0 0.652441 0.673199 0.08673 0.148246
1 0.81735 0.646315 0.0769475 0.125811
1 0.790945 0.378073 0.110033 0.181755
1 0.899828 0.628942 0.102186 0.137506
1 0.238368 0.540818 0.145027 0.16169
1 0.237029 0.782345 0.0849775 0.104966
1 0.0490682 0.0737948 0.0981365 0.0988818
1 0.380195 0.0467607 0.134799 0.0924102
1 0.587306 0.441046 0.129694 0.121765
1 0.727027 0.660758 0.102254 0.140072
1 0.524688 0.0565916 0.16016 0.107214
1 0.377252 0.368192 0.121984 0.0888997
1 0.959813 0.393026 0.0748194 0.150078
0 0.758856 0.142672 0.113901 0.144094
1 0.0996149 0.369789 0.131756 0.0824262
0 0.93741 0.187986 0.121314 0.15994
1 0.16595 0.0467449 0.100764 0.092971
0 0.979598 0.804538 0.0402339 0.102867
1 0.824571 0.812718 0.0974724 0.112314
1 0.239819 0.374459 0.130813 0.104197
1 0.254792 0.0543566 0.103556 0.107385
1 0.920571 0.807034 0.0844067 0.108144
0 0.704589 0.402019 0.100854 0.138715
1 0.312817 0.75181 0.0831784 0.105247
1 0.44928 0.1611 0.129411 0.0858641
0 0.559772 0.858616 0.0891376 0.123972
1 0.300914 0.200453 0.120516 0.0924419
1 0.642605 0.840282 0.0931978 0.11438
1 0.88116 0.407127 0.0778017 0.0982916
1 0.310029 0.516207 0.118248 0.128123
1 0.575505 0.203966 0.0840631 0.146557
0 0.663971 0.153844 0.0994594 0.178565
1 0.0411606 0.862082 0.0817923 0.1086
0 0.152385 0.832203 0.122471 0.170913
1 0.977525 0.630947 0.0446422 0.121762
0 0.838552 0.166702 0.0907077 0.14301
1 0.405326 0.72196 0.0987236 0.105585
1 0.0496563 0.20049 0.0982914 0.0792008
1 0.307949 0.952544 0.120536 0.0936525
0 0.976702 0.63007 0.0461988 0.126106
2 0.278571 0.952772 0.180805 0.0940244
1 0.937244 0.187454 0.119437 0.161664
1 0.0135127 0.402452 0.0267392 0.100118
1 0.482953 0.689537 0.0954102 0.103672
1 0.987363 0.206655 0.0250385 0.11672
1 0.499467 0.759542 0.0823874 0.0589442
2 0.0823541 0.939653 0.162944 0.119864
1 0.477049 0.893243 0.112909 0.1127
1 0.514821 0.334341 0.144881 0.135764
1 0.759174 0.140886 0.110989 0.136012
