2 0.279902 0.482085 0.26648 0.242369
2 0.621467 0.628844 0.154517 0.280678
1 0.732618 0.866809 0.111812 0.157106
2 0.194339 0.817345 0.380154 0.360711
1 0.45662 0.0817701 0.14285 0.13509
1 0.714361 0.036157 0.0940228 0.071257
1 0.555921 0.0538208 0.0998085 0.105037
0 0.589963 0.282126 0.0979033 0.133487
1 0.510641 0.294433 0.106031 0.129952
1 0.834574 0.237777 0.111255 0.158579
1 0.671377 0.273235 0.113166 0.158395
2 0.243206 0.257504 0.14172 0.175061
1 0.750262 0.25349 0.108247 0.151774
1 0.926761 0.389019 0.109069 0.158198
1 0.843396 0.417095 0.107328 0.155762
1 0.656998 0.916265 0.100295 0.133185
0 0.915211 0.208772 0.100471 0.136803
0 0.632915 0.045534 0.0922732 0.0907555
1 0.948873 0.630799 0.102013 0.143728
1 0.578404 0.910839 0.0985624 0.155666
2 0.186859 0.964633 0.290696 0.0693474
0 0.970589 0.198614 0.0583671 0.158351
1 0.633362 0.0459059 0.0950147 0.0915795
1 0.591532 0.282015 0.0991781 0.133251
1 0.969513 0.192942 0.0599089 0.158648
2 0.710042 0.641839 0.328986 0.298142
1 0.97301 0.365099 0.0534414 0.130691
3 0.0355363 0.488961 0.0697383 0.173634
0 0.982116 0.826463 0.0351655 0.112328
