2 0.918792 0.593007 0.162415 0.198561
1 0.813214 0.0764365 0.194016 0.152873
1 0.545518 0.122396 0.166848 0.168324
1 0.0363582 0.0314151 0.0727165 0.0628301
1 0.623568 0.324421 0.162691 0.181549
1 0.0423288 0.239138 0.0846575 0.105942
1 0.0375818 0.132459 0.0751635 0.105368
2 0.911095 0.361688 0.177495 0.21137
2 0.962618 0.740573 0.0740725 0.127046
1 0.0933356 0.123579 0.0720147 0.0727413
0 0.0803064 0.065744 0.105601 0.091397
2 0.862678 0.223504 0.274645 0.279475
1 0.679881 0.0298972 0.103089 0.0596629
1 0.157621 0.0660334 0.131395 0.130435
0 0.680894 0.0309496 0.106404 0.0616307
1 0.913033 0.367291 0.173935 0.193489
