0 0.217171 0.294282 0.0840148 0.140845
0 0.659291 0.571746 0.10457 0.144183
0 0.149881 0.509931 0.086946 0.135285
1 0.76405 0.0982552 0.132626 0.0961231
0 0.206357 0.141011 0.0774395 0.121715
1 0.129052 0.146024 0.0752586 0.104934
1 0.562867 0.237946 0.124896 0.110783
1 0.541603 0.0584058 0.146119 0.101606
1 0.222658 0.51186 0.0768107 0.126558
1 0.90748 0.0549202 0.127284 0.0954101
1 0.483149 0.613028 0.12429 0.149044
1 0.931518 0.372697 0.135164 0.0820682
1 0.738446 0.0357955 0.118486 0.0708031
1 0.0676563 0.52124 0.0714404 0.125973
0 0.238966 0.647085 0.0806791 0.119223
0 0.217951 0.881343 0.0889315 0.20376
1 0.299242 0.492794 0.0848806 0.125443
0 0.13901 0.322264 0.0676784 0.0785962
0 0.293606 0.287244 0.0860993 0.138273
1 0.468968 0.470871 0.0879954 0.128707
1 0.387247 0.632847 0.0874785 0.12468
1 0.0789255 0.662516 0.0765535 0.120286
1 0.930574 0.295801 0.133461 0.0793145
0 0.582666 0.590965 0.10194 0.138043
1 0.92378 0.134446 0.140958 0.0823904
0 0.294723 0.876115 0.0710875 0.174004
1 0.0639772 0.315265 0.0850874 0.124493
1 0.772291 0.250288 0.124814 0.0680245
0 0.311842 0.636474 0.0805427 0.139772
1 0.381861 0.276068 0.0755154 0.11138
1 0.375345 0.488126 0.0914578 0.147549
1 0.808911 0.514728 0.103331 0.149849
0 0.0525995 0.163705 0.0776853 0.133245
1 0.703165 0.407584 0.114971 0.162902
1 0.929951 0.217552 0.132807 0.0904046
1 0.55368 0.452718 0.100485 0.152992
1 0.0601659 0.895797 0.10187 0.208406
0 0.305439 0.106131 0.130824 0.142793
1 0.368281 0.0306044 0.0875043 0.0610711
0 0.743426 0.55963 0.103615 0.128776
1 0.630443 0.42997 0.107253 0.158751
0 0.457874 0.264357 0.098438 0.124213
0 0.772807 0.176314 0.12981 0.082165
1 0.557088 0.132012 0.13291 0.089893
0 0.896136 0.503737 0.139998 0.148319
0 0.154648 0.652227 0.0843502 0.131559
0 0.931608 0.217398 0.135347 0.0889983
1 0.0512685 0.160228 0.075208 0.131154
1 0.888752 0.0119237 0.12019 0.0238474
1 0.154053 0.653438 0.0820026 0.131565
0 0.761721 0.326246 0.106672 0.0582067
1 0.537191 0.0141823 0.116047 0.0282639
0 0.555433 0.455037 0.100384 0.150798
2 0.808574 0.514198 0.111897 0.158002
0 0.384944 0.942662 0.0938113 0.0913548
1 0.739948 0.55817 0.110058 0.126075
0 0.0172493 0.661065 0.0337953 0.134616
1 0.761673 0.325149 0.105279 0.0583303
1 0.208062 0.141056 0.0783608 0.116159
1 0.00884556 0.305361 0.0174586 0.12577
1 0.771471 0.177973 0.136129 0.0812164
1 0.456489 0.262294 0.0943154 0.123054
0 0.061088 0.895875 0.107976 0.205858
0 0.553162 0.1328 0.139466 0.0888818
1 0.952855 0.467113 0.0934291 0.109187
