2 0.456664 0.680216 0.176466 0.246907
2 0.635364 0.222292 0.141021 0.303297
0 0.794963 0.532395 0.0757153 0.131298
1 0.251339 0.11465 0.0755073 0.110474
1 0.397242 0.123107 0.0814796 0.0990205
0 0.112112 0.0943987 0.0722024 0.112717
0 0.0926522 0.272945 0.0693071 0.106493
2 0.778727 0.914889 0.0883884 0.168531
1 0.930426 0.548271 0.0734645 0.152161
1 0.866864 0.540002 0.0566945 0.104694
0 0.326193 0.111991 0.0727676 0.106294
0 0.306301 0.304118 0.0692583 0.0984939
1 0.977152 0.180293 0.0452466 0.0971537
1 0.181696 0.121383 0.0639739 0.125212
1 0.236464 0.287931 0.0741538 0.114695
1 0.979437 0.703541 0.0408912 0.0999243
1 0.8757 0.0269499 0.156645 0.0533442
1 0.841971 0.360366 0.148786 0.127007
2 0.842588 0.360441 0.150193 0.12901
2 0.233209 0.668198 0.0789227 0.123802
1 0.916766 0.708263 0.072261 0.104894
1 0.23304 0.667935 0.0760982 0.123599
2 0.583988 0.890353 0.0721791 0.213743
0 0.164828 0.267801 0.0713353 0.138928
2 0.595458 0.632912 0.0727969 0.150154
1 0.853258 0.224756 0.152982 0.149398
2 0.860907 0.915094 0.258084 0.167868
1 0.95772 0.329063 0.0841451 0.161268
1 0.046836 0.100242 0.074815 0.113798
2 0.0554352 0.633384 0.11087 0.43766
0 0.981736 0.557434 0.0362842 0.141551
2 0.882278 0.0286054 0.171079 0.0566486
0 0.784085 0.685094 0.0799555 0.114956
0 0.378205 0.306437 0.0742514 0.0943422
1 0.166784 0.266179 0.0688683 0.135973
1 0.326575 0.111496 0.0711814 0.107431
1 0.845624 0.688717 0.0538924 0.109842
