2 0.383374 0.223909 0.189166 0.221539
1 0.763203 0.589255 0.139807 0.0970615
1 0.772429 0.675384 0.147895 0.0851126
1 0.944443 0.771629 0.111114 0.0978236
1 0.692786 0.210987 0.156308 0.102435
1 0.947257 0.949447 0.104826 0.099812
1 0.931195 0.583459 0.135319 0.0979848
1 0.948327 0.856981 0.102318 0.0867909
1 0.943263 0.675779 0.112844 0.0932271
1 0.698292 0.032695 0.0889308 0.0653899
1 0.934928 0.304508 0.125056 0.108457
1 0.609582 0.0295748 0.083987 0.0591496
1 0.900339 0.211435 0.167989 0.103823
1 0.929356 0.476881 0.140125 0.113541
1 0.789436 0.961821 0.131194 0.0760816
1 0.760252 0.453144 0.148011 0.183076
1 0.742561 0.299335 0.10193 0.099588
1 0.778281 0.0279039 0.0825729 0.0554705
3 0.511326 0.835565 0.144184 0.225073
1 0.860973 0.0203793 0.080496 0.0405269
1 0.318173 0.0694493 0.172386 0.138899
1 0.520452 0.0201938 0.0838373 0.0401968
1 0.745266 0.409763 0.107136 0.0966455
1 0.94298 0.0235222 0.0797626 0.0469475
1 0.77766 0.794019 0.161014 0.174659
0 0.509854 0.827834 0.138398 0.20855
