1 0.669399 0.655761 0.135652 0.142317
1 0.326703 0.473318 0.133405 0.139795
1 0.264315 0.538616 0.144524 0.129982
1 0.797414 0.266715 0.127284 0.126621
1 0.137113 0.890598 0.14205 0.132051
1 0.790131 0.764446 0.142431 0.144568
1 0.358939 0.124164 0.139298 0.138009
1 0.923145 0.394154 0.147825 0.147061
1 0.191739 0.177041 0.139625 0.142043
1 0.487019 0.834553 0.132447 0.136703
1 0.36375 0.62862 0.140441 0.14392
1 0.631136 0.0694902 0.147874 0.135366
1 0.491936 0.518598 0.116005 0.107256
1 0.719468 0.813855 0.130177 0.129673
1 0.735176 0.204639 0.147121 0.145737
1 0.608 0.709326 0.138298 0.14246
1 0.439829 0.340743 0.133847 0.140953
1 0.309857 0.699839 0.117177 0.117922
1 0.352581 0.950637 0.115269 0.0987264
1 0.738257 0.582834 0.154865 0.168392
1 0.253183 0.240169 0.130692 0.137469
1 0.242336 0.752842 0.14026 0.137955
1 0.201594 0.603848 0.13364 0.138256
1 0.0813 0.719678 0.124726 0.126328
1 0.384564 0.398224 0.140725 0.137832
1 0.0680592 0.0593198 0.132403 0.11864
1 0.609797 0.381841 0.153473 0.1464
1 0.183589 0.818568 0.127726 0.128144
1 0.0492553 0.312744 0.0967494 0.150028
1 0.503339 0.271793 0.140797 0.14078
1 0.308516 0.0583723 0.12 0.112601
1 0.148605 0.66067 0.14565 0.135695
1 0.855427 0.119772 0.128372 0.109917
1 0.557199 0.778854 0.150569 0.145885
1 0.0424452 0.778489 0.0847153 0.141979
1 0.0934729 0.380197 0.12348 0.125048
0 0.95161 0.46606 0.0959411 0.15434
1 0.830733 0.690568 0.134137 0.113164
0 0.426912 0.897842 0.126979 0.136351
1 0.0383339 0.48388 0.076036 0.125487
1 0.932083 0.184794 0.104825 0.138955
1 0.655806 0.879492 0.157869 0.144531
1 0.118348 0.126927 0.154714 0.157288
1 0.555817 0.456117 0.105127 0.106152
1 0.42743 0.570985 0.144526 0.137061
1 0.0662259 0.935117 0.132102 0.129765
1 0.857012 0.329787 0.142408 0.130488
1 0.592424 0.948871 0.119452 0.102188
1 0.674009 0.13733 0.153823 0.139309
1 0.555441 0.0312169 0.106715 0.061943
1 0.264739 0.0162067 0.0878752 0.0323461
1 0.288649 0.976579 0.0967447 0.0468179
1 0.83276 0.0491253 0.158729 0.0977995
0 0.837018 0.047755 0.152205 0.09551
1 0.531294 0.975821 0.090615 0.0480974
