0 0.310628 0.83859 0.108731 0.148576
1 0.0672055 0.487889 0.133104 0.105325
0 0.143345 0.797694 0.110241 0.0988572
0 0.4879 0.314885 0.106995 0.0918006
0 0.490545 0.168807 0.159517 0.144769
1 0.401625 0.728599 0.111931 0.100977
0 0.793392 0.151863 0.102832 0.0870206
1 0.237178 0.268741 0.134713 0.119599
1 0.829039 0.267621 0.124954 0.122649
1 0.0487007 0.269174 0.0974014 0.122364
1 0.57945 0.605653 0.122822 0.121282
1 0.332749 0.448323 0.191163 0.156973
0 0.550067 0.768246 0.168107 0.201963
1 0.0264998 0.915742 0.0523592 0.0997679
