0 0.895651 0.79626 0.0899065 0.0840211
1 0.866013 0.897356 0.105969 0.0993906
0 0.112027 0.319104 0.121282 0.122122
1 0.314433 0.344678 0.114631 0.111095
1 0.707204 0.710167 0.100176 0.0734234
1 0.906568 0.665317 0.0900488 0.0803638
1 0.711197 0.787549 0.144434 0.100494
1 0.757016 0.969239 0.0981064 0.0613146
1 0.712674 0.606188 0.117148 0.107546
0 0.312947 0.447715 0.069751 0.0626383
3 0.151738 0.762804 0.150209 0.183488
0 0.671733 0.41235 0.0561342 0.0571173
2 0.152786 0.762625 0.15196 0.184253
1 0.747115 0.432867 0.106996 0.128022
0 0.755135 0.436179 0.120311 0.132971
0 0.0247003 0.791232 0.0486548 0.118894
1 0.649654 0.462766 0.0761998 0.0762951
