1 0.74619 0.659154 0.175296 0.117892
0 0.952588 0.473443 0.0948238 0.126431
1 0.574855 0.956293 0.135245 0.0868715
1 0.265236 0.757966 0.116971 0.105883
0 0.906192 0.718722 0.120354 0.121157
1 0.761361 0.771206 0.15847 0.108473
1 0.938643 0.887152 0.121697 0.08578
1 0.397578 0.832333 0.131903 0.088843
1 0.133515 0.783877 0.144286 0.10795
1 0.281841 0.856428 0.119611 0.0894113
1 0.520417 0.808205 0.139182 0.0850621
1 0.0319703 0.805802 0.0639407 0.103643
1 0.51691 0.695407 0.127887 0.0839002
1 0.37753 0.738026 0.140592 0.117398
1 0.798689 0.933938 0.168276 0.121099
1 0.0437985 0.905844 0.0875969 0.0901917
1 0.84389 0.980864 0.0968223 0.0380402
1 0.149767 0.885083 0.117799 0.0867352
0 0.946379 0.967653 0.106323 0.064694
1 0.947946 0.973977 0.102488 0.05181
2 0.381084 0.968597 0.307673 0.06217
