0 0.211274 0.763543 0.106783 0.103781
1 0.879852 0.208931 0.150887 0.139764
1 0.42245 0.171085 0.168287 0.125133
0 0.0779034 0.657813 0.129633 0.131341
1 0.725672 0.3652 0.103839 0.106134
1 0.776012 0.680657 0.113853 0.126704
1 0.699622 0.838841 0.100401 0.111049
1 0.9637 0.742306 0.0720835 0.0888913
1 0.663673 0.220645 0.116179 0.110658
1 0.467237 0.780027 0.177119 0.14427
1 0.210239 0.962183 0.110241 0.0756346
1 0.36448 0.652093 0.0849445 0.0746055
1 0.530738 0.320388 0.105425 0.122378
1 0.377168 0.392345 0.124078 0.13832
1 0.122842 0.0631124 0.160694 0.125649
0 0.954157 0.0607017 0.0913451 0.121403
1 0.583675 0.812223 0.0987726 0.11176
1 0.8769 0.685428 0.0688763 0.0656724
1 0.233633 0.128839 0.086703 0.0917415
1 0.794451 0.816636 0.0814276 0.0957361
1 0.869969 0.430589 0.0946107 0.0970204
1 0.925476 0.889516 0.0949382 0.126481
1 0.975712 0.500662 0.0481396 0.100326
1 0.858599 0.867384 0.112892 0.148893
1 0.528212 0.90566 0.0821896 0.095098
0 0.927896 0.892968 0.0955015 0.122601
1 0.845082 0.491518 0.0695475 0.0644975
1 0.416184 0.950636 0.0974006 0.0970297
1 0.518505 0.598954 0.123273 0.117767
0 0.309068 0.977092 0.10102 0.0458158
0 0.0208665 0.600653 0.0399166 0.0887954
1 0.308296 0.977187 0.096824 0.045464
1 0.985366 0.909579 0.0287244 0.0736806
0 0.103396 0.897449 0.0809537 0.0749664
