0 0.298555 0.171093 0.125115 0.133478
0 0.393267 0.0598572 0.144853 0.119426
1 0.62199 0.358327 0.108084 0.109598
0 0.961931 0.276675 0.0759683 0.144139
1 0.0727353 0.615996 0.101704 0.081224
2 0.0594405 0.863872 0.117696 0.118977
0 0.0558054 0.722676 0.103554 0.0792875
1 0.453894 0.582483 0.122313 0.0873389
1 0.823532 0.539542 0.0915189 0.122772
1 0.766844 0.716177 0.0630076 0.107972
0 0.815619 0.332086 0.0864043 0.131182
1 0.878296 0.686586 0.082679 0.117863
0 0.715881 0.335693 0.0870304 0.130429
0 0.89014 0.315374 0.0627469 0.115301
0 0.955929 0.689389 0.0679879 0.10751
1 0.380014 0.397016 0.124181 0.120395
2 0.276748 0.924049 0.111922 0.150833
1 0.933468 0.510966 0.129709 0.135182
1 0.817547 0.329965 0.0864389 0.127602
0 0.958668 0.910785 0.0822873 0.104173
1 0.956268 0.688539 0.0646391 0.10564
0 0.739643 0.544691 0.0825334 0.127056
0 0.65293 0.549989 0.112889 0.116348
2 0.506344 0.95591 0.179635 0.0872488
0 0.264034 0.503409 0.135593 0.134947
3 0.278103 0.923746 0.106165 0.149622
0 0.690041 0.717884 0.0979344 0.135689
2 0.381911 0.396974 0.126531 0.121119
1 0.692562 0.718293 0.0984459 0.142469
1 0.185326 0.483511 0.0524763 0.0530073
1 0.800207 0.938219 0.0907283 0.112804
1 0.958389 0.912212 0.0832211 0.106169
