0 0.109458 0.0498958 0.0996028 0.0989114
1 0.46207 0.117469 0.152245 0.111165
1 0.207888 0.492288 0.138912 0.0980039
1 0.0554296 0.277747 0.106777 0.119448
1 0.14474 0.238707 0.113583 0.151687
1 0.446939 0.0409634 0.169633 0.08166
1 0.254445 0.234048 0.114583 0.128553
0 0.037643 0.0723147 0.075286 0.144414
1 0.652057 0.0920926 0.164245 0.130199
1 0.2146 0.0651659 0.137315 0.130222
1 0.478239 0.207852 0.155661 0.0944694
1 0.817026 0.164723 0.108826 0.0892282
1 0.0917854 0.535345 0.099928 0.126489
1 0.967491 0.174036 0.0645126 0.101742
3 0.979039 0.488301 0.0413454 0.0907763
1 0.652107 0.0132727 0.11219 0.0265454
1 0.0243086 0.596734 0.0481353 0.0786805
1 0.0375335 0.0728119 0.0741905 0.143967
