1 0.579535 0.188613 0.12748 0.0813156
1 0.803038 0.189987 0.116435 0.0786129
1 0.585046 0.0985873 0.138231 0.0903925
1 0.579211 0.0234511 0.1322 0.046569
1 0.789438 0.101714 0.14419 0.084963
2 0.17445 0.419871 0.15706 0.285479
1 0.797642 0.0229854 0.109812 0.0457088
1 0.111457 0.0217809 0.127218 0.0433387
1 0.795119 0.277752 0.149314 0.0756259
1 0.828646 0.964311 0.1553 0.0713789
1 0.59487 0.961861 0.133459 0.0734432
1 0.596815 0.873091 0.135272 0.070744
2 0.310019 0.0461698 0.23387 0.0918379
1 0.343252 0.0407125 0.145783 0.0801146
2 0.827681 0.964046 0.155599 0.0707977
1 0.133874 0.961407 0.132133 0.067281
