1 0.532425 0.776235 0.124184 0.152994
1 0.340259 0.650484 0.117804 0.118357
1 0.164488 0.12587 0.129856 0.126844
1 0.80581 0.946536 0.117702 0.105626
1 0.94489 0.256025 0.109898 0.11962
0 0.934842 0.491934 0.114848 0.112143
0 0.874938 0.13676 0.0999656 0.0918774
1 0.463871 0.15187 0.19916 0.161028
1 0.108538 0.646936 0.0747879 0.0874176
1 0.0326624 0.932366 0.065052 0.130425
1 0.022979 0.311051 0.0455984 0.0948209
1 0.0330605 0.437916 0.0656423 0.134218
0 0.963598 0.030082 0.0724506 0.0598226
1 0.415043 0.746116 0.10599 0.111306
1 0.243755 0.71458 0.0883054 0.133142
2 0.463843 0.15159 0.200163 0.161931
1 0.00742283 0.609379 0.0144816 0.0777754
