0 0.84921 0.316953 0.123727 0.108373
2 0.512526 0.887248 0.181535 0.219592
1 0.813396 0.24202 0.110522 0.096106
1 0.738553 0.081662 0.122306 0.102386
1 0.738976 0.365945 0.0968766 0.0797173
1 0.772301 0.837649 0.109515 0.0989375
1 0.803812 0.510149 0.114663 0.0972677
2 0.398582 0.0649585 0.180741 0.129275
1 0.767435 0.428872 0.123386 0.107655
0 0.821858 0.966462 0.117884 0.0658764
1 0.559862 0.595961 0.124541 0.119281
1 0.734053 0.766362 0.11553 0.0987639
1 0.87427 0.390261 0.121318 0.0932674
1 0.792714 0.918866 0.115692 0.0918829
1 0.778482 0.168883 0.116662 0.104907
0 0.894559 0.474193 0.129178 0.119671
1 0.88838 0.684338 0.183985 0.157908
1 0.527282 0.501385 0.103639 0.103333
1 0.654805 0.559488 0.136586 0.113011
1 0.679835 0.212655 0.120498 0.114583
1 0.564383 0.330482 0.114757 0.0873497
1 0.55081 0.414196 0.217609 0.138036
1 0.178543 0.94549 0.132808 0.109021
2 0.105524 0.0380432 0.210661 0.0759151
1 0.910968 0.713682 0.140467 0.093035
1 0.535453 0.261345 0.119279 0.100558
1 0.930677 0.840473 0.136582 0.119524
1 0.902602 0.788594 0.10271 0.0815413
1 0.703834 0.280859 0.121585 0.102987
1 0.847307 0.681931 0.096043 0.0908258
0 0.236754 0.255722 0.145139 0.0968587
1 0.710375 0.948314 0.12759 0.102162
1 0.164528 0.12827 0.147721 0.11718
0 0.708015 0.948158 0.127396 0.102453
