1 0.346375 0.537871 0.158993 0.177635
1 0.50783 0.0855041 0.143673 0.15407
1 0.0563991 0.757937 0.110481 0.110078
1 0.702648 0.703421 0.116857 0.112113
0 0.827821 0.313318 0.116562 0.17263
1 0.868001 0.560051 0.0841076 0.12659
1 0.434341 0.0485549 0.133803 0.0966734
1 0.915597 0.0711558 0.103709 0.117063
1 0.0975616 0.67505 0.140539 0.127017
1 0.346264 0.262042 0.127337 0.13288
1 0.0751818 0.366396 0.1473 0.135534
1 0.94347 0.306884 0.104216 0.137495
0 0.426995 0.46727 0.113925 0.0989757
1 0.746844 0.238125 0.14798 0.148591
1 0.186084 0.143284 0.130486 0.134653
1 0.187383 0.425775 0.153554 0.161697
1 0.413399 0.314476 0.121635 0.133701
1 0.204797 0.925929 0.121706 0.107926
1 0.95334 0.546685 0.0930091 0.154456
1 0.911602 0.709933 0.112833 0.127849
1 0.281625 0.80365 0.100411 0.108111
0 0.129149 0.240628 0.153089 0.174923
1 0.0425396 0.837484 0.0850793 0.116918
1 0.454586 0.906614 0.105415 0.145399
1 0.806641 0.704225 0.0866568 0.109352
1 0.272919 0.197779 0.12241 0.120208
1 0.177942 0.975619 0.123667 0.0483266
1 0.495625 0.362611 0.115736 0.115408
1 0.665233 0.183201 0.143684 0.138525
1 0.667273 0.95623 0.175212 0.0866354
1 0.654791 0.479431 0.107808 0.113939
1 0.569243 0.425834 0.120764 0.117971
1 0.596945 0.121915 0.16029 0.182007
1 0.509153 0.649945 0.141011 0.146529
1 0.531425 0.931773 0.128384 0.133733
1 0.605476 0.677843 0.123607 0.123985
0 0.813121 0.0464519 0.147896 0.0929037
1 0.419948 0.607991 0.157094 0.137967
0 0.737876 0.539411 0.13465 0.157761
1 0.34796 0.865706 0.134997 0.147053
1 0.0294623 0.601331 0.0589246 0.101329
0 0.97507 0.684662 0.0493958 0.128299
1 0.238714 0.850119 0.0935935 0.0779884
1 0.219324 0.241176 0.0728383 0.0718391
0 0.977177 0.108156 0.0452756 0.133679
1 0.0226554 0.0224645 0.0444929 0.0448569
0 0.507938 0.649875 0.136978 0.142541
1 0.814394 0.0466024 0.142396 0.0927541
1 0.0173707 0.908858 0.034427 0.0886214
0 0.603563 0.678932 0.119339 0.128191
2 0.921799 0.935334 0.155115 0.0925083
1 0.926936 0.932123 0.14454 0.0847421
