1 0.918709 0.586585 0.162583 0.120534
1 0.41793 0.493985 0.148183 0.115689
1 0.717717 0.610774 0.188298 0.173348
1 0.724456 0.819629 0.176452 0.15568
1 0.598253 0.303479 0.199178 0.148502
1 0.833918 0.22223 0.0749009 0.0706089
1 0.917372 0.829952 0.165257 0.119102
1 0.41226 0.670672 0.214615 0.144023
0 0.845535 0.326218 0.0799699 0.112146
1 0.146702 0.430529 0.227195 0.220139
1 0.35718 0.26382 0.0616187 0.0624577
1 0.216737 0.585401 0.0705492 0.070158
0 0.946842 0.29328 0.104358 0.180092
2 0.21052 0.248674 0.234461 0.253877
0 0.408614 0.858124 0.172166 0.165928
1 0.411224 0.588846 0.175329 0.0682738
1 0.735206 0.321796 0.0793831 0.138174
1 0.610162 0.0607928 0.0782937 0.0774522
1 0.402451 0.974157 0.15822 0.0513219
1 0.111384 0.574343 0.115956 0.0680186
1 0.102028 0.646152 0.08657 0.0831327
1 0.0854513 0.766251 0.105866 0.0733941
1 0.413546 0.620302 0.201501 0.13535
1 0.153874 0.632508 0.21963 0.180773
1 0.0137321 0.816448 0.0272211 0.0993843
1 0.61286 0.216378 0.0802934 0.0522207
1 0.817009 0.0478895 0.113931 0.0838822
