2 0.786837 0.755217 0.207232 0.298979
3 0.625701 0.451794 0.217077 0.18816
0 0.36495 0.410798 0.0840651 0.196778
0 0.451014 0.412464 0.123204 0.205458
2 0.0575263 0.586074 0.114962 0.186403
1 0.269479 0.390666 0.13139 0.190748
0 0.0548759 0.342451 0.108928 0.169279
1 0.0394342 0.770646 0.0781433 0.136243
2 0.117917 0.757753 0.235833 0.389524
3 0.87352 0.473997 0.251941 0.241665
2 0.0989395 0.929082 0.197423 0.141836
1 0.162859 0.347564 0.127986 0.136754
3 0.944166 0.475797 0.109433 0.235988
2 0.671373 0.0516586 0.285469 0.10218
2 0.264862 0.391452 0.132636 0.188222
