1 0.0959219 0.788026 0.165396 0.103275
1 0.0797662 0.681834 0.159357 0.126688
1 0.486487 0.453962 0.0943807 0.090151
1 0.103938 0.968385 0.125409 0.0630119
1 0.0885847 0.462169 0.131833 0.109267
1 0.204641 0.34936 0.132272 0.182589
2 0.846436 0.131712 0.305392 0.136222
1 0.0672321 0.548566 0.134464 0.116955
1 0.428681 0.951187 0.10986 0.0962123
1 0.0986085 0.888571 0.156844 0.0927402
1 0.328975 0.96344 0.0892884 0.0727863
1 0.577016 0.622558 0.116533 0.129145
1 0.108803 0.307192 0.130822 0.171561
1 0.882502 0.661932 0.190561 0.216612
0 0.110295 0.307737 0.132426 0.17533
1 0.220403 0.955461 0.0888713 0.0865574
1 0.542153 0.97674 0.13319 0.0461688
3 0.840353 0.132599 0.319295 0.134434
2 0.88715 0.660526 0.201533 0.216001
1 0.32584 0.988919 0.0918605 0.0221623
