1 0.556921 0.15245 0.150128 0.0858225
1 0.178753 0.169794 0.146636 0.0855238
1 0.893307 0.711992 0.164547 0.117431
1 0.327346 0.0663363 0.138611 0.0681175
1 0.561733 0.248951 0.145661 0.108945
1 0.921959 0.0369759 0.132027 0.0726299
1 0.930445 0.131398 0.134923 0.089853
1 0.524576 0.462748 0.095536 0.1403
1 0.536316 0.963521 0.0742157 0.0719056
1 0.184409 0.968933 0.0805811 0.0621347
1 0.166906 0.0754787 0.114301 0.0688552
1 0.254598 0.485011 0.099411 0.173522
1 0.456392 0.961505 0.0874823 0.0764786
1 0.701846 0.0420473 0.136466 0.0818234
1 0.614568 0.455534 0.0867059 0.149498
1 0.909307 0.902189 0.165894 0.0998683
1 0.700564 0.453491 0.085758 0.14686
1 0.790076 0.451823 0.0957206 0.160703
1 0.726159 0.734772 0.118672 0.0813732
1 0.10454 0.974388 0.0760289 0.0510938
1 0.158405 0.471755 0.0832489 0.134005
1 0.164296 0.263169 0.170859 0.0992417
1 0.332594 0.137617 0.136318 0.040393
1 0.548524 0.0550996 0.13887 0.0829632
1 0.884329 0.450844 0.0868404 0.166897
1 0.709782 0.138338 0.135231 0.0662014
1 0.344034 0.470494 0.0848856 0.150005
1 0.916884 0.803435 0.129644 0.0722415
0 0.432088 0.463787 0.0937544 0.163041
1 0.927915 0.967993 0.130942 0.0577022
1 0.327914 0.248093 0.116651 0.0710877
1 0.0338438 0.974014 0.0675825 0.0519713
1 0.749953 0.909194 0.139651 0.0753181
1 0.188221 0.763329 0.0883392 0.148616
1 0.274503 0.774259 0.073216 0.113058
1 0.332832 0.156653 0.140492 0.0775669
1 0.925803 0.197408 0.121587 0.0412891
1 0.718498 0.227207 0.138622 0.0742226
1 0.962398 0.434142 0.0748131 0.150663
1 0.267687 0.968093 0.091316 0.063571
2 0.560588 0.7601 0.144253 0.189652
1 0.753769 0.976964 0.138248 0.0460255
0 0.268554 0.967786 0.08937 0.0644284
0 0.360117 0.964601 0.0808373 0.0705335
1 0.164473 0.00823584 0.104927 0.0161426
0 0.0154553 0.777772 0.0301979 0.156579
1 0.323887 0.00800289 0.139299 0.0157935
1 0.739055 0.815433 0.120112 0.0829854
1 0.368026 0.751701 0.084916 0.150592
1 0.54099 0.00954704 0.119792 0.0190685
1 0.166891 0.0191445 0.1104 0.0379586
0 0.452034 0.76887 0.0936245 0.123731
2 0.368121 0.75085 0.0858208 0.153441
2 0.893283 0.714208 0.165962 0.12172
