2 0.229993 0.68237 0.333735 0.340826
2 0.933275 0.784657 0.133044 0.178211
1 0.714917 0.353036 0.117149 0.133633
0 0.381228 0.410899 0.126483 0.139062
1 0.794235 0.379358 0.124918 0.140468
1 0.443433 0.162221 0.138087 0.156387
1 0.803246 0.195066 0.114017 0.114289
1 0.131284 0.251343 0.138022 0.152361
1 0.640621 0.310847 0.103414 0.11198
1 0.857723 0.432181 0.114204 0.129962
1 0.588748 0.244511 0.132275 0.144235
1 0.0674729 0.199171 0.13298 0.15461
2 0.588635 0.894797 0.418892 0.207116
1 0.365363 0.131479 0.128951 0.138051
1 0.278565 0.344739 0.136496 0.17176
1 0.925098 0.461323 0.137677 0.155852
1 0.868823 0.233209 0.102748 0.110614
1 0.458442 0.0376259 0.11455 0.0748969
1 0.228788 0.0539813 0.140038 0.107963
1 0.796736 0.678614 0.134348 0.146972
1 0.719159 0.157651 0.141458 0.149638
1 0.292784 0.090838 0.110645 0.116386
1 0.929686 0.292804 0.135018 0.152297
1 0.651184 0.0817071 0.138677 0.123904
0 0.64309 0.604334 0.137874 0.17943
1 0.510474 0.208018 0.138383 0.149494
1 0.586036 0.534257 0.116818 0.154084
1 0.95418 0.0505567 0.0916394 0.101113
1 0.0300136 0.158502 0.0597945 0.12337
2 0.798097 0.679106 0.132217 0.147707
1 0.212958 0.287449 0.107728 0.107136
2 0.587069 0.534287 0.118759 0.155072
1 0.978253 0.341977 0.0432373 0.0884099
1 0.892508 0.0280586 0.0981286 0.0558445
