1 0.937923 0.810502 0.124154 0.122173
1 0.657595 0.848764 0.130971 0.123352
1 0.489126 0.91614 0.133985 0.113476
1 0.710333 0.638706 0.141306 0.125244
0 0.466856 0.309941 0.104919 0.125816
1 0.256722 0.391743 0.121959 0.0936404
1 0.553381 0.698594 0.142412 0.104112
1 0.0885743 0.255594 0.12168 0.140847
1 0.904596 0.918081 0.144397 0.129424
0 0.542328 0.56391 0.118197 0.128844
1 0.225942 0.191593 0.137259 0.107976
1 0.226918 0.300688 0.12254 0.112995
1 0.0928494 0.661424 0.119474 0.123631
1 0.288974 0.495768 0.118821 0.105248
1 0.950435 0.707532 0.0984468 0.131785
1 0.145933 0.840848 0.130527 0.14112
1 0.0452091 0.408206 0.0899051 0.138136
1 0.63088 0.943345 0.13349 0.109667
1 0.127584 0.435608 0.14059 0.135429
0 0.294537 0.736387 0.148429 0.165823
1 0.638779 0.116764 0.107735 0.148218
1 0.959295 0.598998 0.0807149 0.119748
0 0.558802 0.304455 0.113734 0.119192
1 0.829713 0.0688625 0.107966 0.136337
1 0.0455262 0.835977 0.0910524 0.118994
1 0.726333 0.0764672 0.111739 0.150687
1 0.249532 0.868718 0.122936 0.129402
2 0.878512 0.200224 0.125968 0.141105
0 0.963369 0.464338 0.071558 0.141374
0 0.522906 0.807645 0.14071 0.135055
1 0.693537 0.733305 0.161439 0.111295
0 0.181102 0.709775 0.126521 0.143234
1 0.0221216 0.265232 0.044006 0.124196
1 0.523995 0.807576 0.14308 0.132766
0 0.645321 0.520831 0.103481 0.127037
1 0.878501 0.978096 0.120509 0.0434277
1 0.645734 0.521016 0.100569 0.126099
1 0.448279 0.980065 0.106786 0.0397664
0 0.693963 0.731872 0.160183 0.11033
1 0.423845 0.151947 0.104882 0.114548
1 0.0702294 0.0489446 0.136195 0.0973572
1 0.988238 0.941102 0.0233912 0.104954
0 0.0696676 0.0490433 0.133095 0.0978725
1 0.0125838 0.649475 0.0249139 0.0970125
