1 0.236789 0.190059 0.0851992 0.0968748
0 0.170075 0.890898 0.110993 0.0973041
1 0.0874376 0.0772422 0.144188 0.104226
1 0.55697 0.641034 0.139511 0.139432
1 0.484046 0.700413 0.135632 0.136979
1 0.937339 0.840235 0.124625 0.119605
1 0.839145 0.372518 0.176484 0.194665
1 0.776164 0.436098 0.158147 0.155463
1 0.420201 0.753389 0.132504 0.127892
1 0.640545 0.136609 0.120458 0.131068
1 0.910133 0.918522 0.11818 0.11213
1 0.663678 0.919792 0.147037 0.118818
1 0.0822444 0.470775 0.114615 0.126463
1 0.165866 0.441823 0.108207 0.130161
1 0.346379 0.818818 0.107702 0.115113
1 0.634084 0.573922 0.121826 0.13535
1 0.498186 0.237607 0.126598 0.114747
1 0.118444 0.197794 0.156151 0.0972278
1 0.433678 0.314718 0.13806 0.150872
0 0.707696 0.814678 0.125947 0.129216
1 0.707096 0.512296 0.131133 0.133533
1 0.568773 0.186573 0.120984 0.117235
1 0.528762 0.936177 0.0956411 0.120556
1 0.026668 0.500046 0.0533359 0.122768
1 0.97189 0.659252 0.0558183 0.0821894
1 0.326662 0.392667 0.121053 0.152358
1 0.885198 0.973285 0.121187 0.0531425
1 0.247808 0.860071 0.101919 0.133248
1 0.0758559 0.91342 0.11317 0.111638
1 0.644059 0.974422 0.130439 0.0506012
0 0.971558 0.253385 0.0566268 0.144991
1 0.917291 0.318794 0.15704 0.184157
0 0.478753 0.0198308 0.0758362 0.0392772
1 0.718697 0.0718196 0.097393 0.1103
0 0.0759145 0.915276 0.113177 0.114454
0 0.958255 0.742949 0.082082 0.120088
1 0.0137953 0.914597 0.0273812 0.114998
0 0.012322 0.908933 0.0237641 0.12929
1 0.0921597 0.581701 0.0532642 0.0498806
1 0.957814 0.745298 0.0824988 0.123627
