1 0.581122 0.269163 0.152346 0.141409
1 0.845814 0.525164 0.149104 0.143678
1 0.807873 0.244902 0.164506 0.159231
1 0.63413 0.202647 0.131626 0.132375
1 0.788896 0.759243 0.118839 0.126924
1 0.75515 0.307052 0.136726 0.144803
1 0.925056 0.118056 0.148733 0.150716
1 0.64141 0.444731 0.132528 0.124716
1 0.401757 0.0981057 0.142069 0.131836
1 0.918371 0.469031 0.139767 0.140024
1 0.508626 0.326659 0.162099 0.152978
1 0.272202 0.104925 0.133573 0.128566
1 0.698988 0.368875 0.144984 0.147583
1 0.703483 0.723099 0.104041 0.125644
1 0.716121 0.911146 0.115004 0.119697
1 0.882054 0.801581 0.128181 0.151969
1 0.744088 0.0740856 0.122031 0.119387
1 0.876349 0.185734 0.13835 0.13506
1 0.818812 0.0519003 0.164043 0.103775
1 0.485004 0.699576 0.155499 0.131441
1 0.628024 0.878085 0.135188 0.147147
1 0.899162 0.954382 0.138614 0.0905381
1 0.378476 0.924268 0.17485 0.151464
1 0.699578 0.141842 0.15129 0.142695
1 0.42831 0.847802 0.132764 0.118449
1 0.466376 0.0566889 0.154387 0.112032
1 0.954191 0.0555967 0.0910891 0.110702
1 0.798813 0.931065 0.131742 0.137372
0 0.345804 0.165044 0.12423 0.135788
1 0.953093 0.40692 0.0932461 0.149963
1 0.950402 0.843708 0.0987538 0.155775
1 0.976212 0.333768 0.0469756 0.0869088
1 0.972053 0.586693 0.055182 0.106817
1 0.158094 0.0324212 0.112454 0.0646132
1 0.333256 0.225638 0.076653 0.0771003
1 0.449366 0.778277 0.123807 0.0922613
1 0.534968 0.0181684 0.0840864 0.0363369
1 0.257805 0.970932 0.0805268 0.0579071
