0 0.145902 0.724461 0.144558 0.147404
1 0.633243 0.739867 0.144669 0.147966
1 0.389736 0.564951 0.159401 0.163253
1 0.206277 0.21717 0.113949 0.128104
1 0.256685 0.485902 0.10397 0.104258
1 0.513648 0.680843 0.0978781 0.107415
1 0.337892 0.864333 0.13861 0.11543
1 0.692109 0.828676 0.114645 0.103541
0 0.802607 0.202932 0.0857675 0.0859894
1 0.574976 0.963568 0.160108 0.0722511
0 0.815614 0.935824 0.13629 0.127975
1 0.912361 0.17591 0.169754 0.108712
0 0.959525 0.963895 0.0787711 0.0717036
0 0.865736 0.0600414 0.104262 0.106268
1 0.18717 0.381307 0.100307 0.0872158
0 0.301816 0.0698618 0.185832 0.139234
0 0.6923 0.829805 0.114872 0.106569
1 0.0215355 0.97325 0.0425356 0.0534995
1 0.301223 0.0699618 0.184909 0.139924
