0 0.306065 0.776008 0.102964 0.104598
1 0.616277 0.158163 0.152675 0.0979792
1 0.643191 0.512835 0.176245 0.111398
1 0.634479 0.692237 0.13661 0.0810153
1 0.251296 0.337962 0.114639 0.135179
1 0.392576 0.309088 0.0972675 0.0840544
1 0.613396 0.247578 0.13831 0.0823188
1 0.464782 0.957365 0.108065 0.0834643
1 0.236138 0.970689 0.0773146 0.0585852
1 0.384694 0.0816905 0.111347 0.134929
1 0.800439 0.159549 0.143127 0.0917389
1 0.869827 0.855116 0.143651 0.0835431
1 0.410527 0.576513 0.0933463 0.0783521
1 0.130411 0.374038 0.132238 0.13751
1 0.85418 0.767955 0.136117 0.0804815
1 0.821705 0.242962 0.110483 0.0869268
1 0.833423 0.505203 0.133963 0.0845793
1 0.617352 0.427711 0.135453 0.0796424
1 0.0749296 0.485166 0.0951642 0.0838053
1 0.830588 0.424836 0.139592 0.0912505
1 0.799782 0.0791218 0.125965 0.0788758
1 0.839765 0.593112 0.138767 0.0930567
1 0.288112 0.114164 0.108603 0.114914
1 0.617063 0.335769 0.137663 0.0922194
1 0.845881 0.681556 0.118709 0.08779
1 0.629286 0.606002 0.113956 0.0799983
1 0.143395 0.204892 0.115748 0.1264
1 0.6836 0.95346 0.132433 0.0884196
1 0.326394 0.962889 0.0949394 0.0739377
0 0.0764289 0.250041 0.123776 0.128342
1 0.0266631 0.284775 0.0524554 0.113569
0 0.210023 0.775665 0.0965175 0.120169
1 0.681738 0.853004 0.166226 0.118202
1 0.151942 0.973372 0.0861051 0.0532564
1 0.217794 0.638018 0.0717034 0.0733359
1 0.877149 0.93638 0.160934 0.0940374
0 0.116125 0.782238 0.0998049 0.12103
1 0.798637 0.0211289 0.13011 0.0419309
1 0.0539911 0.976345 0.0867599 0.0470161
0 0.826086 0.33954 0.145679 0.0928965
1 0.027772 0.791059 0.055544 0.104421
0 0.424688 0.737733 0.141112 0.178161
1 0.295868 0.619727 0.0834713 0.118368
1 0.375675 0.226669 0.105375 0.0732864
3 0.423247 0.739863 0.141712 0.180581
1 0.111255 0.602502 0.120905 0.125114
1 0.645697 0.779755 0.107759 0.0818694
1 0.618734 0.0174184 0.155594 0.0343508
1 0.209842 0.7731 0.0965601 0.116331
1 0.978205 0.0291616 0.0433083 0.0576442
1 0.231896 0.166124 0.143555 0.148632
0 0.230194 0.164324 0.141071 0.152301
1 0.88306 0.990684 0.128406 0.0180129
1 0.0191653 0.0649486 0.0382453 0.107607
1 0.116174 0.781851 0.0954362 0.120009
1 0.38186 0.393183 0.113706 0.0866107
0 0.295146 0.618737 0.0841748 0.117529
1 0.985666 0.100456 0.0284619 0.079632
0 0.0286286 0.78455 0.0570645 0.0983795
1 0.611582 0.0710095 0.160139 0.0776322
