1 0.156211 0.852087 0.0728935 0.112419
1 0.0723235 0.857523 0.089918 0.101075
1 0.350949 0.849737 0.0972128 0.119195
1 0.245712 0.854058 0.103765 0.117354
2 0.306892 0.407465 0.613784 0.78002
1 0.444873 0.856094 0.0552193 0.100911
1 0.397259 0.61393 0.0933447 0.126801
1 0.473745 0.9644 0.0777302 0.0694195
1 0.299581 0.622057 0.106661 0.147462
1 0.198435 0.629659 0.115474 0.15455
1 0.409101 0.965123 0.159587 0.0687759
1 0.104136 0.965566 0.060682 0.0687582
1 0.284659 0.964307 0.090279 0.0710692
1 0.161844 0.966458 0.134692 0.0663072
