2 0.866132 0.552285 0.15509 0.193287
2 0.881082 0.698148 0.236848 0.272338
1 0.940763 0.828925 0.0831261 0.0807452
2 0.287234 0.112167 0.108143 0.223682
1 0.47291 0.97133 0.119937 0.0570939
2 0.875681 0.227612 0.247864 0.448274
3 0.340147 0.611628 0.17598 0.163816
3 0.166595 0.149107 0.144316 0.124619
1 0.453463 0.868754 0.142149 0.0992136
2 0.705327 0.471541 0.301056 0.270026
0 0.451643 0.869051 0.145014 0.102413
0 0.350091 0.88405 0.104476 0.140287
0 0.76458 0.902028 0.0723349 0.0841038
1 0.341517 0.609977 0.173615 0.162642
1 0.352786 0.882054 0.106943 0.135896
