0 0.458619 0.21199 0.111024 0.11419
0 0.616353 0.73015 0.0948863 0.0805838
0 0.80819 0.244235 0.0755758 0.0666885
1 0.130317 0.123441 0.120848 0.126143
0 0.916703 0.437536 0.141908 0.116056
1 0.271819 0.313787 0.0833432 0.103233
0 0.349791 0.0505715 0.0983956 0.0996622
1 0.950334 0.83277 0.0984112 0.103703
1 0.189366 0.537725 0.143026 0.104503
1 0.149014 0.706329 0.108054 0.102598
1 0.645191 0.609281 0.154066 0.118941
0 0.427023 0.909242 0.0910805 0.126994
1 0.200767 0.427172 0.144659 0.0976555
1 0.432631 0.047947 0.103254 0.0958939
1 0.964685 0.331514 0.0692468 0.0959876
1 0.905023 0.241472 0.097941 0.103567
0 0.802648 0.349777 0.102808 0.108017
1 0.139163 0.281039 0.119483 0.118199
1 0.236119 0.146208 0.102605 0.0991887
1 0.81588 0.778928 0.183147 0.149621
0 0.829987 0.928157 0.123204 0.136908
0 0.911251 0.101885 0.0945742 0.085581
1 0.772482 0.191738 0.102881 0.088223
0 0.0164698 0.0911723 0.0329243 0.0604578
0 0.646635 0.409733 0.0702176 0.0622938
1 0.803566 0.349803 0.103909 0.109512
0 0.773894 0.190155 0.101187 0.0865165
1 0.633539 0.844797 0.147114 0.133027
0 0.751887 0.492633 0.121861 0.0859497
0 0.63473 0.840301 0.146842 0.122936
0 0.904167 0.242678 0.102311 0.109017
