0 0.720415 0.168805 0.112603 0.119958
1 0.402782 0.904095 0.105301 0.108283
1 0.797202 0.712782 0.115589 0.111234
1 0.655334 0.278524 0.0945454 0.0874825
1 0.624855 0.373134 0.141603 0.130959
1 0.449684 0.666833 0.0805737 0.095856
0 0.883646 0.768549 0.130061 0.121869
1 0.11835 0.920316 0.142248 0.158365
1 0.954414 0.229743 0.0911713 0.152669
0 0.717303 0.454493 0.138262 0.115911
1 0.0715805 0.0355978 0.113557 0.0710881
1 0.609737 0.66565 0.133567 0.102794
1 0.922968 0.908226 0.0787231 0.0750034
1 0.308816 0.4124 0.136752 0.148412
0 0.308054 0.412061 0.139034 0.146266
