2 0.176917 0.374835 0.10967 0.281995
1 0.159285 0.783527 0.121672 0.108778
0 0.8901 0.352128 0.117433 0.142692
1 0.893625 0.610344 0.165563 0.138502
2 0.436413 0.361983 0.108644 0.327268
1 0.597197 0.747689 0.128433 0.158742
1 0.786545 0.305297 0.12591 0.148459
1 0.788153 0.847495 0.15345 0.122468
1 0.351906 0.90639 0.138468 0.115498
1 0.510172 0.727187 0.11219 0.133965
1 0.822778 0.767336 0.15086 0.127448
1 0.93882 0.901087 0.115911 0.101114
1 0.851142 0.689422 0.151371 0.121642
2 0.653826 0.0857859 0.12882 0.170872
1 0.431221 0.701577 0.123205 0.158408
1 0.956883 0.825336 0.0862349 0.0935047
0 0.948084 0.412634 0.103117 0.168069
1 0.755645 0.91963 0.133003 0.107155
1 0.924659 0.967437 0.136472 0.0641097
1 0.517436 0.948237 0.148409 0.103526
0 0.94697 0.0464175 0.105248 0.0922053
2 0.288066 0.378379 0.0801114 0.290997
1 0.134744 0.866524 0.15831 0.118381
1 0.64578 0.441021 0.166733 0.176431
2 0.328289 0.165959 0.206908 0.120494
2 0.504646 0.143288 0.152358 0.286575
1 0.108761 0.94505 0.141891 0.1099
1 0.741343 0.973949 0.139796 0.0516852
2 0.0956067 0.627173 0.191023 0.173842
1 0.954951 0.737096 0.0895517 0.107522
0 0.646762 0.550495 0.169343 0.13053
1 0.619926 0.638064 0.133203 0.10643
1 0.974365 0.644548 0.0509119 0.111855
1 0.323144 0.981018 0.115532 0.0375597
0 0.618492 0.639179 0.129623 0.107775
