1 0.251311 0.339386 0.147432 0.147904
1 0.19164 0.402801 0.144818 0.142046
1 0.0742712 0.537696 0.147359 0.166859
0 0.331062 0.702774 0.107244 0.111122
0 0.0705274 0.130944 0.112191 0.138317
1 0.145358 0.976671 0.161681 0.0461814
3 0.675168 0.534816 0.226743 0.363646
1 0.135154 0.916183 0.165493 0.0792897
2 0.678113 0.526812 0.226962 0.354281
1 0.141653 0.466885 0.125036 0.125824
0 0.0363488 0.292377 0.0723048 0.11782
3 0.444908 0.441173 0.273761 0.487484
0 0.112171 0.704165 0.0805685 0.0830135
1 0.113078 0.705068 0.0821562 0.0834155
0 0.963728 0.575445 0.0717397 0.120228
1 0.0210396 0.783576 0.0420791 0.120575
1 0.0327023 0.567736 0.0611585 0.0618813
