1 0.59499 0.176033 0.123637 0.104181
0 0.096968 0.571365 0.0973819 0.114978
1 0.902856 0.469993 0.164369 0.166316
1 0.182236 0.559565 0.0909674 0.103831
1 0.0947188 0.811154 0.109151 0.101497
1 0.428943 0.250738 0.115461 0.112927
1 0.942068 0.358854 0.106606 0.103801
1 0.961097 0.0951255 0.0778052 0.151725
1 0.969204 0.291876 0.0607626 0.0960212
1 0.0280218 0.666887 0.0557633 0.115242
0 0.823839 0.0307577 0.0891562 0.0615154
0 0.734888 0.0110885 0.0607727 0.0221771
1 0.985575 0.480983 0.0282574 0.0669825
