0 0.320431 0.675013 0.100334 0.122323
0 0.434371 0.546753 0.080879 0.111539
1 0.756636 0.945964 0.0921874 0.106388
1 0.583902 0.039968 0.13112 0.0793458
1 0.795759 0.105554 0.124024 0.119049
1 0.651787 0.189482 0.0822344 0.0823765
0 0.308989 0.295155 0.0822061 0.0987972
1 0.332427 0.0465647 0.143797 0.0878969
1 0.271637 0.470982 0.148884 0.147303
0 0.170656 0.231208 0.117686 0.109214
0 0.974709 0.0248456 0.0500965 0.0496913
0 0.272575 0.470542 0.150843 0.14809
1 0.462294 0.200841 0.0908529 0.0815529
