1 0.169245 0.84325 0.140622 0.161415
1 0.25728 0.777695 0.136219 0.163631
2 0.247836 0.115395 0.140477 0.15503
1 0.395334 0.0275833 0.0867614 0.0549328
1 0.0381786 0.269729 0.0758329 0.15113
2 0.908798 0.908155 0.181972 0.182472
1 0.320772 0.0726919 0.160774 0.14377
1 0.331649 0.727785 0.131315 0.163637
2 0.64801 0.527515 0.140096 0.164581
1 0.39971 0.662539 0.122717 0.116415
1 0.647755 0.528665 0.139449 0.165428
1 0.568649 0.586458 0.129757 0.150148
1 0.0806396 0.215328 0.0911013 0.0880737
2 0.570015 0.588533 0.130414 0.153339
2 0.171234 0.842629 0.140548 0.162833
