1 0.259276 0.281174 0.15723 0.104699
1 0.262824 0.383725 0.123588 0.0955034
1 0.862649 0.0415987 0.160608 0.0818185
1 0.652894 0.154985 0.131703 0.102972
1 0.803564 0.533689 0.147881 0.0861479
1 0.640747 0.460128 0.138277 0.102828
1 0.661138 0.0590128 0.141928 0.0998883
1 0.423214 0.292983 0.119811 0.102609
1 0.808882 0.448924 0.151964 0.0772536
1 0.275769 0.175394 0.14019 0.118354
1 0.685059 0.970358 0.11616 0.0590589
1 0.25144 0.582244 0.125868 0.0949554
1 0.0527645 0.110469 0.105529 0.099128
1 0.625875 0.649998 0.135855 0.0995976
1 0.387725 0.490708 0.114235 0.0961326
1 0.047025 0.200242 0.0937535 0.0751009
1 0.800128 0.614293 0.145553 0.0803387
1 0.653128 0.359094 0.153715 0.0956675
1 0.636909 0.259688 0.12488 0.100516
1 0.0455872 0.30958 0.0908747 0.100222
1 0.254026 0.483789 0.130198 0.0994251
1 0.24605 0.675285 0.125077 0.0904958
1 0.0389757 0.409743 0.0779513 0.097522
1 0.850587 0.11229 0.162264 0.0985078
1 0.807913 0.696645 0.118396 0.0848247
1 0.621244 0.547667 0.120933 0.0877218
1 0.228418 0.959563 0.114066 0.0805209
1 0.40322 0.386799 0.14505 0.0984679
1 0.384618 0.769556 0.108528 0.0846655
1 0.242875 0.765148 0.138396 0.0856123
1 0.409623 0.189798 0.10273 0.103202
1 0.846185 0.200925 0.153059 0.102744
1 0.801475 0.789527 0.114238 0.0991197
1 0.806233 0.367148 0.148004 0.0862697
1 0.40614 0.589196 0.111584 0.0956035
1 0.815728 0.278454 0.136644 0.0975639
1 0.275361 0.0571013 0.127388 0.0764955
1 0.0239215 0.960353 0.0478051 0.0761898
1 0.371752 0.970334 0.111772 0.0587505
1 0.420785 0.0857216 0.0959769 0.0730414
1 0.282771 0.00893392 0.120738 0.0176147
1 0.0293705 0.715589 0.058741 0.12114
1 0.626578 0.779216 0.159214 0.102998
1 0.417117 0.0110057 0.121155 0.0219487
1 0.585509 0.974532 0.0806911 0.0505993
0 0.0397231 0.602631 0.0794463 0.0970474
1 0.795881 0.973451 0.0921293 0.0528824
2 0.966677 0.857013 0.0655119 0.129898
1 0.967363 0.850249 0.0637695 0.10841
1 0.987996 0.670666 0.0236878 0.0854102
1 0.988307 0.341432 0.0229554 0.088074
1 0.0401403 0.60224 0.0802806 0.0975803
0 0.816909 0.278352 0.142333 0.0958769
