0 0.910072 0.287118 0.098521 0.128127
1 0.670647 0.61905 0.10809 0.119971
0 0.760277 0.628828 0.116493 0.135416
1 0.456426 0.945604 0.0987921 0.108791
1 0.768195 0.112994 0.116032 0.139227
1 0.59355 0.839361 0.0924859 0.125852
1 0.822351 0.26201 0.101349 0.126679
1 0.35873 0.934738 0.122639 0.125418
0 0.730365 0.238798 0.109946 0.135104
0 0.863988 0.135503 0.113447 0.143646
1 0.560233 0.617672 0.138467 0.105643
1 0.77705 0.883008 0.0866566 0.124713
1 0.549634 0.954836 0.0913656 0.0903271
1 0.711679 0.487927 0.0852122 0.125678
1 0.895792 0.515139 0.0923996 0.116269
1 0.804759 0.502994 0.0860841 0.122802
1 0.578704 0.512124 0.13536 0.115
0 0.971712 0.298499 0.0565752 0.126651
1 0.960149 0.149683 0.0789628 0.122562
0 0.864198 0.905864 0.107021 0.132217
1 0.633822 0.965759 0.100908 0.0682373
0 0.686275 0.867186 0.0969687 0.143904
3 0.0958942 0.599473 0.190284 0.289021
1 0.866552 0.9057 0.100789 0.131741
1 0.855922 0.649704 0.0951865 0.128223
0 0.938484 0.670111 0.101448 0.126389
1 0.939303 0.668402 0.098956 0.121379
3 0.130358 0.250197 0.258229 0.389771
1 0.631557 0.150258 0.143968 0.0940754
1 0.601826 0.432514 0.142377 0.125849
1 0.966776 0.529737 0.0656493 0.124948
1 0.865105 0.136028 0.112466 0.135978
1 0.73366 0.230661 0.0982208 0.117065
2 0.0976145 0.603125 0.19313 0.296864
0 0.778077 0.880796 0.0850821 0.119921
1 0.40404 0.794824 0.138461 0.180052
0 0.966582 0.529277 0.0652924 0.121731
