1 0.318656 0.330468 0.147384 0.144897
1 0.395717 0.705966 0.106288 0.101785
1 0.636558 0.884338 0.135727 0.116822
1 0.263973 0.485509 0.104305 0.1069
1 0.127382 0.463686 0.1177 0.129979
1 0.7871 0.412903 0.145095 0.142328
1 0.498826 0.756385 0.12533 0.130322
1 0.674349 0.0526113 0.124557 0.105223
1 0.0640993 0.956728 0.128003 0.0857552
1 0.253117 0.143256 0.153218 0.113115
1 0.708975 0.228635 0.169363 0.15555
1 0.344322 0.634776 0.145926 0.12441
1 0.346448 0.0302616 0.103414 0.0602995
1 0.841618 0.627334 0.141805 0.126133
1 0.800982 0.667295 0.227009 0.206646
1 0.563915 0.79828 0.0876968 0.0898694
1 0.241415 0.253976 0.112954 0.0966733
