1 0.888314 0.0634112 0.188588 0.124758
1 0.543052 0.264574 0.182188 0.216844
1 0.445466 0.915776 0.179117 0.167304
1 0.747724 0.623201 0.187701 0.185067
0 0.92889 0.821667 0.0804927 0.061479
1 0.935647 0.708797 0.12761 0.185111
1 0.949588 0.450916 0.100561 0.204711
0 0.833285 0.206269 0.145139 0.139929
1 0.770447 0.352676 0.171295 0.179048
1 0.123269 0.603209 0.067039 0.0701514
1 0.570834 0.544156 0.186832 0.186245
3 0.192755 0.290989 0.381188 0.577397
1 0.801381 0.639667 0.0985355 0.11898
1 0.971748 0.387741 0.0560645 0.0721552
0 0.572833 0.553634 0.200657 0.215906
0 0.726707 0.619709 0.140436 0.180708
