0 0.930475 0.398875 0.11282 0.0819663
0 0.950317 0.730019 0.0990341 0.139638
0 0.804301 0.644403 0.126867 0.11205
1 0.71461 0.865155 0.121412 0.140233
1 0.791222 0.888633 0.0880649 0.084372
0 0.981801 0.760439 0.0358069 0.0830598
1 0.870457 0.882021 0.135971 0.162827
1 0.916223 0.0489126 0.166651 0.0975657
0 0.617132 0.0690345 0.119166 0.136977
1 0.74913 0.114573 0.177561 0.13392
1 0.890403 0.694659 0.115802 0.120601
1 0.971276 0.943053 0.0567344 0.113894
1 0.680718 0.704633 0.0787444 0.0756561
1 0.922624 0.956571 0.0714573 0.0772252
0 0.84422 0.15443 0.0796126 0.0968358
1 0.292102 0.0283552 0.091382 0.0566061
0 0.923919 0.957491 0.0703814 0.0793054
0 0.0278462 0.183087 0.0549071 0.0590757
1 0.926806 0.299474 0.114335 0.125638
0 0.291944 0.0292671 0.0958079 0.0585343
1 0.878084 0.199503 0.078607 0.0836667
