1 0.552057 0.468997 0.099282 0.111556
1 0.778498 0.275266 0.0959266 0.118364
1 0.859506 0.36234 0.0776753 0.0865102
1 0.952974 0.360223 0.0925245 0.126672
1 0.930271 0.16651 0.0906054 0.103152
1 0.218415 0.525825 0.148783 0.140609
1 0.612838 0.607616 0.0487413 0.0540783
0 0.539399 0.640274 0.0994661 0.0771215
1 0.970159 0.491867 0.0590963 0.0981838
0 0.804917 0.141585 0.112918 0.121427
1 0.805856 0.140053 0.123875 0.12012
1 0.645644 0.919471 0.0795064 0.0887647
1 0.97957 0.0357965 0.0404078 0.0596571
