2 0.100672 0.169205 0.198209 0.205434
2 0.802384 0.337344 0.250313 0.298751
2 0.459756 0.126019 0.204254 0.23217
2 0.260683 0.0935006 0.234048 0.186027
1 0.94106 0.535936 0.117881 0.119512
1 0.568865 0.598136 0.183587 0.195256
1 0.912539 0.612116 0.121627 0.117486
1 0.236406 0.798752 0.0917346 0.0826752
1 0.346211 0.774098 0.120004 0.133454
1 0.421725 0.867079 0.0967848 0.0951338
1 0.428213 0.956282 0.101871 0.0857017
1 0.855637 0.67615 0.134931 0.124411
1 0.165204 0.913243 0.127428 0.138137
1 0.641215 0.678149 0.140823 0.142213
2 0.0673164 0.381379 0.133953 0.168422
1 0.929775 0.967282 0.117238 0.0651867
1 0.82145 0.937638 0.163807 0.124337
1 0.788706 0.850802 0.0947345 0.0898093
1 0.796955 0.740156 0.166077 0.133575
1 0.506565 0.545295 0.127244 0.141399
1 0.398424 0.466209 0.202538 0.187899
1 0.275807 0.694738 0.0407265 0.0485809
1 0.451527 0.50306 0.145204 0.179269
1 0.986791 0.796715 0.0260739 0.0581398
1 0.137922 0.714368 0.104837 0.107838
1 0.637702 0.98918 0.0900033 0.0216401
