1 0.371928 0.865869 0.168115 0.143118
0 0.131688 0.863189 0.171019 0.13893
1 0.147204 0.243739 0.169494 0.126013
1 0.341106 0.771998 0.16499 0.127838
1 0.228717 0.618919 0.178845 0.144495
1 0.149944 0.953549 0.125508 0.0929015
1 0.0638593 0.0730658 0.127719 0.143698
1 0.775241 0.410676 0.185023 0.128622
1 0.677846 0.23934 0.20138 0.1521
1 0.0605883 0.702665 0.121177 0.112131
2 0.854979 0.107688 0.199358 0.215376
1 0.304399 0.687897 0.243236 0.167626
1 0.0832271 0.785616 0.153781 0.1302
1 0.636958 0.126649 0.166382 0.176048
1 0.0868723 0.157146 0.173745 0.139292
1 0.0527071 0.491167 0.0949163 0.109557
1 0.787043 0.503209 0.137856 0.11539
0 0.0871367 0.156423 0.174273 0.14393
1 0.955844 0.313629 0.0876513 0.121753
0 0.0856919 0.78588 0.153866 0.131406
0 0.160637 0.349707 0.155803 0.118182
1 0.594924 0.0982744 0.198014 0.175682
0 0.787079 0.502905 0.134881 0.114893
0 0.963473 0.407594 0.0725032 0.0928196
0 0.185089 0.401855 0.239261 0.230632
1 0.245352 0.982938 0.0996391 0.034085
