2 0.200689 0.142052 0.215705 0.253192
2 0.718906 0.888089 0.209063 0.223823
2 0.244435 0.510894 0.16601 0.214725
2 0.326893 0.881122 0.203873 0.237756
2 0.794354 0.497172 0.0864406 0.30121
2 0.118898 0.875196 0.206632 0.249608
2 0.475177 0.580377 0.086444 0.284058
3 0.398727 0.152364 0.216152 0.260927
3 0.594127 0.381837 0.278799 0.106372
1 0.966442 0.604848 0.0664134 0.0826423
3 0.505091 0.882249 0.202334 0.235502
2 0.678345 0.701022 0.274578 0.0957086
2 0.507433 0.882463 0.206989 0.235031
2 0.776233 0.131375 0.146004 0.174686
1 0.957784 0.937259 0.0839465 0.0620695
3 0.618696 0.161646 0.264131 0.260483
3 0.7763 0.130154 0.150271 0.172679
1 0.968561 0.522128 0.0625107 0.0782999
2 0.0543794 0.186934 0.107649 0.161104
1 0.965948 0.759457 0.0677028 0.0826461
2 0.39986 0.152206 0.213253 0.255617
2 0.0371655 0.462104 0.0735875 0.296393
1 0.973252 0.440104 0.052672 0.0855563
3 0.0372563 0.45916 0.0745127 0.285683
1 0.960409 0.986178 0.0780874 0.0276444
0 0.0318554 0.666353 0.0633132 0.0845284
0 0.961511 0.984597 0.0769788 0.0308068
0 0.981804 0.0906965 0.0360539 0.0901125
