1 0.760747 0.71873 0.171407 0.170049
1 0.156868 0.703777 0.130267 0.141526
1 0.592776 0.456983 0.195146 0.1806
1 0.640609 0.33691 0.201344 0.157372
1 0.349619 0.245487 0.133189 0.11359
1 0.818654 0.560789 0.162537 0.191112
1 0.492037 0.700866 0.173978 0.171722
1 0.758952 0.112377 0.154164 0.169401
1 0.451555 0.108833 0.173247 0.151521
1 0.0947475 0.038986 0.10231 0.0767881
1 0.550069 0.575241 0.188852 0.173524
1 0.945628 0.614868 0.108745 0.160043
1 0.28231 0.483718 0.201163 0.243726
0 0.927504 0.352822 0.144356 0.113502
1 0.963001 0.154005 0.0729558 0.133191
0 0.426366 0.460026 0.0987214 0.0964065
0 0.431234 0.945934 0.0904114 0.106228
0 0.947181 0.26904 0.105639 0.104342
0 0.698906 0.218368 0.157635 0.142683
1 0.0207795 0.348326 0.0413891 0.093578
0 0.480278 0.950121 0.146484 0.0989316
0 0.0416802 0.444187 0.0831165 0.0694419
2 0.0549545 0.181219 0.108993 0.180139
1 0.294293 0.414221 0.109718 0.0944126
3 0.0529275 0.181451 0.105327 0.180145
