0 0.807805 0.798336 0.091125 0.129946
1 0.275125 0.130473 0.104272 0.124091
1 0.778844 0.192875 0.0795475 0.114726
1 0.55737 0.767736 0.0850435 0.120811
1 0.472423 0.757537 0.0816194 0.105278
1 0.0998632 0.49688 0.101218 0.127272
1 0.75799 0.415254 0.0856975 0.129472
1 0.840192 0.416062 0.0878501 0.123668
1 0.94717 0.206749 0.0813097 0.112629
1 0.0666392 0.757226 0.108727 0.135788
1 0.159517 0.352362 0.106967 0.120046
1 0.643624 0.77528 0.0826523 0.108357
1 0.743026 0.553411 0.0850682 0.136985
1 0.187201 0.539544 0.105237 0.135015
1 0.862431 0.196864 0.0837865 0.126913
1 0.0787059 0.309152 0.105541 0.122789
1 0.827022 0.570538 0.0903325 0.146862
1 0.661217 0.561408 0.0804529 0.122353
1 0.228284 0.382312 0.0980743 0.12619
1 0.382775 0.749701 0.10333 0.104275
1 0.435378 0.0417313 0.0795982 0.0828824
1 0.593257 0.393815 0.081385 0.118395
1 0.886002 0.798208 0.0793443 0.124872
1 0.694092 0.181234 0.0773876 0.121134
1 0.579434 0.541863 0.0860522 0.129014
1 0.354694 0.158269 0.104526 0.140592
0 0.963816 0.805841 0.069618 0.108971
1 0.0378448 0.467557 0.0756896 0.144576
1 0.184525 0.121096 0.105549 0.134413
0 0.792721 0.0548276 0.0843285 0.109655
1 0.959249 0.949756 0.078941 0.100428
1 0.526147 0.168091 0.0886786 0.129097
1 0.61168 0.168828 0.0881116 0.137783
1 0.48777 0.545028 0.106405 0.130484
0 0.958772 0.0585026 0.080621 0.115862
1 0.909135 0.577866 0.0837791 0.145372
1 0.873305 0.940712 0.0873542 0.117645
0 0.874758 0.058597 0.0875235 0.115722
0 0.694678 0.0500191 0.10959 0.0986077
1 0.675918 0.403683 0.0928296 0.134741
1 0.328732 0.0283721 0.0872788 0.056444
1 0.924845 0.428666 0.0921288 0.145058
1 0.500818 0.392494 0.11483 0.139515
1 0.792894 0.951383 0.0729133 0.0944877
1 0.874183 0.0584389 0.0859878 0.116066
1 0.693982 0.0488825 0.111127 0.0974859
1 0.975348 0.57911 0.0488617 0.126173
1 0.119252 0.0929702 0.109267 0.133858
0 0.923705 0.428824 0.0930214 0.141436
1 0.241282 0.967897 0.112578 0.0637178
1 0.0253257 0.73327 0.0501525 0.131219
1 0.981479 0.439531 0.0366787 0.138285
1 0.0324067 0.93477 0.0641746 0.127084
1 0.792758 0.0506604 0.0854473 0.101089
0 0.501479 0.392372 0.117154 0.142147
1 0.805997 0.794216 0.0918236 0.12169
0 0.979908 0.441916 0.0397905 0.150115
