0 0.799158 0.397668 0.0837473 0.0857213
1 0.579894 0.744167 0.126077 0.120101
1 0.675694 0.260056 0.0697544 0.0647354
2 0.163765 0.100607 0.160712 0.147468
0 0.85257 0.514366 0.0832577 0.0782931
0 0.247345 0.747994 0.116521 0.122381
1 0.63852 0.874934 0.109766 0.102561
1 0.904732 0.569556 0.146852 0.0859071
1 0.519333 0.280045 0.102439 0.1158
0 0.542989 0.119407 0.0581994 0.127511
1 0.679826 0.129192 0.0896318 0.0976801
1 0.443619 0.889009 0.123781 0.104031
2 0.732308 0.922354 0.185609 0.154412
1 0.298345 0.298061 0.107663 0.151422
1 0.496104 0.960631 0.171387 0.0785152
1 0.909108 0.638497 0.111354 0.0814164
1 0.7336 0.922241 0.182327 0.155519
1 0.750472 0.323271 0.129672 0.124375
0 0.604668 0.0895016 0.0657727 0.179003
1 0.984295 0.706318 0.0311139 0.0670472
0 0.297908 0.300242 0.107271 0.15003
2 0.500438 0.956497 0.166268 0.0865839
0 0.932662 0.31301 0.112435 0.102403
1 0.812111 0.0700729 0.15311 0.140146
0 0.239963 0.956963 0.115155 0.0858027
1 0.909445 0.0538765 0.0901893 0.101718
1 0.160628 0.100002 0.157314 0.146997
1 0.238921 0.956935 0.115008 0.0854833
1 0.603534 0.121204 0.0600083 0.111414
1 0.954029 0.041405 0.0919418 0.0824793
