0 0.0590207 0.0653517 0.118041 0.130703
0 0.742365 0.464604 0.0992863 0.0928844
1 0.549009 0.663324 0.12391 0.116104
1 0.362149 0.824056 0.11599 0.10387
1 0.717573 0.609369 0.088625 0.124204
1 0.591599 0.928607 0.144218 0.108135
0 0.913851 0.0478958 0.137606 0.0947896
1 0.871327 0.778453 0.104208 0.0806928
1 0.575431 0.842124 0.140968 0.0899293
0 0.953149 0.453839 0.0932549 0.103688
0 0.975696 0.885817 0.0485584 0.0874779
1 0.210763 0.941732 0.129203 0.0854858
1 0.566163 0.761024 0.124031 0.091156
1 0.462874 0.0481601 0.136718 0.0957558
1 0.965185 0.347062 0.0687683 0.0933314
1 0.0655665 0.198216 0.0881226 0.103028
1 0.368012 0.918961 0.146284 0.0990212
1 0.833264 0.208176 0.120842 0.10723
1 0.370553 0.9777 0.132302 0.0443771
0 0.866575 0.601767 0.066765 0.0829656
1 0.328075 0.17554 0.145227 0.10904
1 0.750968 0.800288 0.0734704 0.123966
0 0.714833 0.956937 0.0707986 0.0859649
1 0.897952 0.971359 0.0828257 0.056823
1 0.353649 0.255004 0.132253 0.0882034
1 0.481994 0.140309 0.135218 0.10992
1 0.360301 0.33717 0.120206 0.0965585
1 0.208852 0.834304 0.137905 0.129353
0 0.800737 0.271566 0.100675 0.095598
1 0.25826 0.0345957 0.134272 0.0689279
0 0.211197 0.833543 0.140662 0.133392
0 0.258668 0.034689 0.132097 0.0693779
1 0.598478 0.981083 0.123097 0.0374
1 0.969435 0.179688 0.0596325 0.167972
