0 0.956455 0.920078 0.0868907 0.139361
0 0.27839 0.794101 0.148741 0.18081
0 0.89127 0.412667 0.108834 0.131702
0 0.87021 0.92493 0.0981754 0.14713
0 0.681109 0.943642 0.107311 0.111143
0 0.858686 0.634888 0.111548 0.162371
0 0.668264 0.680073 0.101019 0.145638
1 0.731522 0.165568 0.117659 0.158904
1 0.504201 0.469355 0.118261 0.151324
0 0.352364 0.241478 0.100253 0.121058
1 0.180489 0.828526 0.14107 0.162398
1 0.317844 0.512268 0.106831 0.151494
1 0.824237 0.144579 0.117505 0.145697
1 0.794854 0.431315 0.120492 0.174796
0 0.604587 0.433187 0.0944183 0.106215
0 0.139197 0.243907 0.127601 0.17527
1 0.220483 0.520777 0.108188 0.166776
1 0.532569 0.181227 0.110162 0.149192
1 0.375876 0.754932 0.140174 0.156328
0 0.965091 0.406128 0.0688729 0.169195
1 0.0694235 0.877866 0.13788 0.124167
1 0.76948 0.929076 0.10999 0.141848
0 0.478201 0.724495 0.10318 0.138457
0 0.762686 0.673137 0.101719 0.129871
0 0.628921 0.179988 0.114653 0.179466
0 0.105045 0.517529 0.137242 0.121122
1 0.423249 0.518068 0.130462 0.18955
1 0.458214 0.960295 0.132966 0.0789263
1 0.102232 0.0536559 0.124656 0.10675
1 0.582639 0.948851 0.111299 0.101455
1 0.315342 0.052739 0.110578 0.103998
0 0.575681 0.704437 0.115249 0.174013
0 0.051929 0.275122 0.102928 0.169877
1 0.928299 0.11501 0.10915 0.164258
1 0.10445 0.515365 0.139779 0.129547
1 0.251969 0.23229 0.118167 0.151243
1 0.211547 0.0613743 0.110596 0.1226
0 0.953031 0.650964 0.0937173 0.124704
1 0.0311152 0.956067 0.0615426 0.0861635
0 0.10175 0.0531869 0.12039 0.105767
1 0.965231 0.407124 0.0691231 0.173359
1 0.953288 0.65212 0.0932804 0.125534
1 0.441807 0.197256 0.110556 0.157899
1 0.762116 0.673692 0.101075 0.12847
0 0.440646 0.198092 0.111184 0.158949
1 0.629981 0.178814 0.113219 0.174522
1 0.0335869 0.569103 0.0667158 0.120664
0 0.252202 0.23142 0.122387 0.15653
1 0.022804 0.0429734 0.0453401 0.0810969
1 0.573776 0.705419 0.114216 0.175013
0 0.795719 0.430164 0.121415 0.173431
1 0.278945 0.791758 0.151953 0.179079
1 0.392987 0.957096 0.270423 0.0844752
1 0.351838 0.240237 0.100016 0.124724
0 0.722009 0.0185885 0.144147 0.0365867
1 0.424586 0.0139312 0.0741576 0.0274698
1 0.308652 0.977875 0.110824 0.0438128
0 0.42634 0.518969 0.134675 0.187177
