1 0.86767 0.84858 0.0823735 0.122401
1 0.963255 0.8448 0.0729773 0.118549
2 0.242701 0.607287 0.0870837 0.147868
0 0.143184 0.830948 0.09191 0.125392
2 0.334616 0.45199 0.0931844 0.162208
1 0.948327 0.441869 0.0672755 0.131391
1 0.818504 0.200606 0.0677392 0.135488
1 0.88248 0.209105 0.0648713 0.128091
1 0.779282 0.843681 0.0737653 0.114374
1 0.738931 0.063616 0.0947375 0.119091
2 0.289106 0.237949 0.117411 0.114293
2 0.279116 0.0869576 0.0904499 0.137554
2 0.110077 0.233125 0.0882349 0.132571
1 0.854611 0.43966 0.124642 0.129063
2 0.0295372 0.0633367 0.0590744 0.115477
1 0.8131 0.970665 0.0741196 0.0581188
2 0.063266 0.439672 0.0892993 0.144798
0 0.954281 0.210835 0.07867 0.150753
1 0.954975 0.210489 0.0798705 0.149322
1 0.949709 0.0651078 0.0646957 0.122935
1 0.971536 0.963841 0.0565176 0.0719619
2 0.243492 0.449956 0.0966455 0.15338
1 0.735652 0.210699 0.0974277 0.0962429
2 0.0317681 0.24319 0.0635362 0.13989
0 0.140541 0.97498 0.0807916 0.0499731
3 0.75092 0.57189 0.0722842 0.140307
1 0.895808 0.96999 0.0853922 0.0598452
2 0.158198 0.446446 0.0865453 0.140811
1 0.652787 0.850447 0.157381 0.130476
