1 0.176148 0.650216 0.136028 0.0821849
2 0.15184 0.190157 0.139675 0.167278
1 0.160273 0.48903 0.128624 0.0896126
1 0.163865 0.734853 0.103982 0.0901623
1 0.165627 0.569146 0.127884 0.0828186
1 0.16572 0.821254 0.109121 0.0851173
1 0.802103 0.25177 0.163472 0.088041
1 0.797226 0.368308 0.142127 0.0876492
1 0.15913 0.315705 0.134427 0.0876738
1 0.913094 0.861944 0.172952 0.191969
1 0.142001 0.0625902 0.118897 0.0792398
1 0.162221 0.397259 0.131905 0.0869522
1 0.787717 0.544024 0.16719 0.172515
2 0.827081 0.825622 0.343204 0.339758
1 0.162168 0.971263 0.129448 0.0562136
1 0.18362 0.91793 0.150008 0.101878
0 0.553391 0.296369 0.0780493 0.065716
2 0.81961 0.0317001 0.167515 0.0632109
2 0.553139 0.537573 0.15139 0.194298
0 0.786828 0.545455 0.16534 0.172098
1 0.554121 0.295831 0.0779765 0.0646279
