1 0.573726 0.363544 0.165411 0.133685
1 0.448948 0.697581 0.137187 0.116152
0 0.462969 0.136652 0.124405 0.10316
1 0.433333 0.0587761 0.130332 0.117552
1 0.721723 0.769789 0.158022 0.123263
1 0.873527 0.624025 0.142514 0.111553
1 0.931741 0.78437 0.136517 0.124594
1 0.653221 0.616995 0.136527 0.110332
1 0.0816779 0.398161 0.161647 0.118221
1 0.925371 0.187649 0.132611 0.154762
1 0.201476 0.062543 0.125279 0.108089
1 0.714394 0.223039 0.156864 0.10886
1 0.536404 0.288474 0.155979 0.118853
1 0.547096 0.933767 0.131413 0.114513
1 0.0890891 0.465668 0.145229 0.101348
1 0.814736 0.471571 0.128696 0.115539
1 0.500078 0.2143 0.153036 0.113224
1 0.622199 0.542337 0.135721 0.111103
1 0.223303 0.136961 0.139076 0.109256
1 0.277997 0.297206 0.158419 0.117078
1 0.840815 0.554254 0.156551 0.119297
1 0.148934 0.540065 0.203732 0.183701
1 0.335784 0.449015 0.157864 0.116721
1 0.501471 0.856186 0.165166 0.116173
1 0.888943 0.707964 0.167277 0.1305
1 0.9497 0.859173 0.100366 0.118494
1 0.474267 0.775654 0.150778 0.117469
0 0.736209 0.300525 0.17513 0.123693
1 0.748099 0.848546 0.154442 0.122915
1 0.667089 0.148737 0.16894 0.124836
1 0.680392 0.693391 0.147037 0.112826
1 0.949772 0.0352502 0.100098 0.070111
0 0.414396 0.620806 0.154236 0.127665
1 0.0530315 0.341145 0.106063 0.0930145
1 0.774231 0.927608 0.154293 0.117212
1 0.255414 0.219335 0.12343 0.103869
1 0.0386226 0.198217 0.0771904 0.0737796
1 0.651891 0.0672177 0.176647 0.11753
1 0.573722 0.97493 0.135924 0.0497119
1 0.872597 0.0585158 0.136582 0.116533
1 0.312203 0.371088 0.173278 0.121729
1 0.411929 0.620322 0.159378 0.119938
1 0.159319 0.0244342 0.142795 0.0484105
1 0.801977 0.970175 0.144843 0.0591674
1 0.974828 0.401316 0.0500476 0.0969012
1 0.609412 0.0321317 0.156959 0.0638536
1 0.403538 0.0132093 0.0923671 0.0264185
1 0.0435786 0.272605 0.0865042 0.0860865
