2 0.125784 0.948449 0.251567 0.103102
2 0.418625 0.925721 0.292843 0.148558
2 0.699807 0.881788 0.336408 0.235988
2 0.0495228 0.24975 0.0985468 0.191647
2 0.114112 0.766586 0.228223 0.344576
2 0.505319 0.680212 0.589701 0.303115
2 0.325967 0.501603 0.249305 0.184513
1 0.850765 0.387921 0.209665 0.155542
1 0.723391 0.627219 0.104501 0.0934926
1 0.829 0.117439 0.164485 0.107638
2 0.853191 0.389135 0.214665 0.160955
2 0.967033 0.960194 0.0659344 0.0788002
1 0.0647073 0.377501 0.0937392 0.09215
2 0.828471 0.315064 0.211156 0.112577
2 0.43597 0.157588 0.449533 0.297508
3 0.970494 0.131604 0.0579398 0.144521
1 0.165121 0.204523 0.196827 0.200765
2 0.1663 0.19476 0.201367 0.22385
1 0.129752 0.127459 0.117271 0.0808182
1 0.963482 0.491208 0.0722258 0.128899
1 0.879037 0.529934 0.139274 0.119328
2 0.501049 0.591273 0.594571 0.606413
2 0.887409 0.658512 0.197469 0.17132
1 0.663746 0.496185 0.138711 0.0741932
1 0.884089 0.660534 0.194045 0.167828
2 0.664242 0.497781 0.14769 0.0768515
1 0.798598 0.190094 0.225598 0.198272
