1 0.202667 0.474235 0.170004 0.170471
1 0.138894 0.589259 0.182789 0.163018
1 0.0559981 0.297676 0.111396 0.145134
1 0.0845739 0.703686 0.168949 0.212751
1 0.0699774 0.185249 0.102695 0.101262
1 0.744486 0.938295 0.22513 0.122782
1 0.248928 0.0555585 0.182088 0.110082
1 0.700862 0.539207 0.17983 0.178484
1 0.20205 0.108908 0.108795 0.0922979
1 0.820354 0.693184 0.219887 0.212515
1 0.746785 0.218922 0.199376 0.247263
1 0.263744 0.553391 0.104542 0.094907
1 0.950354 0.783826 0.0988755 0.105702
0 0.912903 0.329725 0.173473 0.201545
1 0.853026 0.634652 0.139289 0.0965314
1 0.982799 0.436192 0.0339003 0.0856585
1 0.76966 0.180836 0.148428 0.112943
