0 0.860129 0.320191 0.111098 0.093397
0 0.769354 0.650093 0.0926778 0.100168
1 0.733827 0.85702 0.159658 0.117784
0 0.0516992 0.180362 0.103398 0.11088
1 0.884917 0.960323 0.117962 0.0789829
1 0.56734 0.79339 0.133155 0.0955673
1 0.623636 0.646738 0.110893 0.101037
1 0.0393613 0.835738 0.0774579 0.152766
2 0.943935 0.554776 0.107554 0.352126
0 0.957858 0.817667 0.0712708 0.069411
0 0.0317989 0.685519 0.0635977 0.102625
1 0.031441 0.686097 0.0626151 0.103173
1 0.0399207 0.359118 0.0791626 0.141257
