1 0.141793 0.730014 0.121827 0.126604
0 0.494297 0.623423 0.110486 0.110377
1 0.690793 0.631879 0.121907 0.113342
1 0.673434 0.383527 0.130611 0.122851
0 0.405328 0.537492 0.119589 0.113733
1 0.152065 0.328637 0.174592 0.197343
1 0.370613 0.732714 0.114993 0.117699
0 0.501383 0.353106 0.0717921 0.0759971
1 0.345569 0.38795 0.131518 0.12991
1 0.574954 0.428609 0.190755 0.157222
1 0.661472 0.758628 0.143303 0.135651
1 0.805384 0.471579 0.119625 0.118809
1 0.230715 0.850814 0.138591 0.130514
0 0.759029 0.559068 0.132188 0.120749
1 0.58563 0.814614 0.123295 0.0976481
1 0.0473857 0.690317 0.0846178 0.0916779
1 0.462363 0.953863 0.124585 0.0916893
0 0.44036 0.0568269 0.185557 0.112399
1 0.784822 0.710423 0.0983163 0.0945499
1 0.115475 0.975026 0.103748 0.0497775
1 0.581753 0.95267 0.0748727 0.0731813
1 0.756646 0.559557 0.126711 0.117043
1 0.513839 0.521888 0.0830419 0.0812528
0 0.575193 0.428363 0.191345 0.157015
0 0.363271 0.977597 0.0937645 0.044521
1 0.528307 0.907475 0.100892 0.109598
0 0.529517 0.906121 0.101267 0.106164
