2 0.928102 0.234332 0.140447 0.25889
1 0.629852 0.226877 0.085099 0.0964802
1 0.0646137 0.264256 0.0850841 0.129669
1 0.145284 0.052941 0.0832377 0.104428
1 0.656997 0.0498875 0.0788991 0.0989586
0 0.0418138 0.458662 0.0835337 0.0983012
1 0.147674 0.260544 0.0789245 0.124669
1 0.0620144 0.0535564 0.0882243 0.107113
1 0.230857 0.0563066 0.0877283 0.112613
1 0.739293 0.0448682 0.0853944 0.089618
1 0.217421 0.258647 0.103149 0.133791
1 0.723699 0.23357 0.0913069 0.10125
1 0.402676 0.0534766 0.0954605 0.106953
1 0.430654 0.300508 0.13093 0.18336
0 0.571372 0.0470384 0.0866203 0.0940768
1 0.487294 0.0511307 0.0718615 0.102076
3 0.983365 0.914942 0.0328995 0.106455
1 0.750962 0.335659 0.114141 0.0920689
0 0.485778 0.0526881 0.068926 0.104211
1 0.573396 0.0465753 0.0856941 0.0925499
0 0.0103058 0.266938 0.0202778 0.126134
1 0.00703589 0.0605031 0.0138828 0.121006
