1 0.718569 0.709612 0.161062 0.189962
1 0.805745 0.866747 0.118471 0.165696
1 0.793735 0.0499784 0.100721 0.0996386
1 0.542622 0.75589 0.164985 0.168344
0 0.271224 0.204908 0.0937494 0.128587
1 0.447676 0.585553 0.104195 0.127285
1 0.0568367 0.496694 0.113517 0.146324
0 0.185832 0.451706 0.101317 0.138421
0 0.61443 0.075867 0.106624 0.151184
1 0.322471 0.41495 0.104846 0.134309
0 0.260551 0.864912 0.117671 0.173883
1 0.217828 0.233248 0.108053 0.123935
1 0.0745 0.922806 0.123038 0.154056
1 0.0893579 0.274961 0.110663 0.128367
1 0.376454 0.381196 0.0885015 0.104155
1 0.568662 0.104609 0.0925744 0.119872
1 0.188809 0.668237 0.104818 0.133529
1 0.244406 0.643466 0.0999644 0.124245
1 0.0931064 0.683342 0.151879 0.164854
0 0.475123 0.146904 0.13407 0.126365
0 0.375436 0.568786 0.105925 0.167167
1 0.43444 0.357935 0.10428 0.125807
1 0.491989 0.339661 0.10303 0.132041
1 0.577181 0.310387 0.124348 0.130087
1 0.372107 0.182938 0.137744 0.117894
1 0.670459 0.278887 0.098816 0.135862
0 0.845524 0.222566 0.106092 0.118914
1 0.0381571 0.303957 0.0760307 0.128552
1 0.669936 0.92743 0.156289 0.138143
1 0.0664614 0.0711286 0.132545 0.141967
0 0.954685 0.375268 0.090121 0.163537
1 0.562974 0.542398 0.0985641 0.126141
1 0.726963 0.056703 0.0934545 0.113406
1 0.169423 0.905172 0.15923 0.178131
0 0.790208 0.267591 0.114844 0.191718
1 0.733795 0.469785 0.109758 0.139871
0 0.930079 0.209346 0.139842 0.184169
0 0.625221 0.525545 0.0813901 0.103057
1 0.459824 0.772099 0.0821865 0.0951345
1 0.355428 0.980382 0.132631 0.0386364
0 0.691308 0.0650124 0.122163 0.129228
1 0.889136 0.652997 0.178857 0.203165
1 0.844971 0.223021 0.104752 0.113885
0 0.674415 0.298582 0.109144 0.187633
0 0.568213 0.103424 0.0932393 0.118955
0 0.969316 0.811376 0.0604005 0.139169
0 0.781262 0.231179 0.0976865 0.110362
0 0.868771 0.433231 0.136492 0.134496
0 0.870633 0.857425 0.0732126 0.122194
1 0.873378 0.434202 0.129232 0.136615
1 0.775974 0.460104 0.148058 0.138045
1 0.321038 0.829188 0.115536 0.136747
1 0.25995 0.864742 0.119034 0.16797
1 0.718894 0.254788 0.0818642 0.116372
1 0.0350624 0.735881 0.0692773 0.132037
1 0.525545 0.960834 0.0892855 0.0780349
0 0.120587 0.47759 0.0987671 0.150808
0 0.527133 0.961876 0.0898914 0.075882
1 0.516202 0.563502 0.0823729 0.108502
0 0.319761 0.828293 0.117629 0.140233
