0 0.170532 0.407167 0.115822 0.153136
0 0.642554 0.716496 0.104117 0.138109
0 0.911664 0.758982 0.120996 0.192889
0 0.774381 0.542965 0.116979 0.155787
1 0.278856 0.874794 0.130866 0.103082
1 0.429874 0.454704 0.115157 0.136452
1 0.81662 0.0441777 0.096406 0.0881722
0 0.69604 0.512 0.113266 0.167083
1 0.290803 0.953712 0.130722 0.0919431
1 0.0596504 0.133979 0.0916297 0.103839
1 0.434027 0.939814 0.119629 0.109352
1 0.249985 0.415699 0.112787 0.135927
1 0.204675 0.637416 0.0949864 0.115368
0 0.511395 0.476798 0.116191 0.152428
1 0.075674 0.381806 0.120567 0.165704
1 0.0438597 0.824641 0.0875512 0.075382
0 0.466473 0.702297 0.0898397 0.114331
0 0.733802 0.726705 0.115811 0.161337
0 0.603401 0.504478 0.11203 0.159018
1 0.842849 0.979027 0.138837 0.0419453
1 0.0420971 0.589427 0.084155 0.141517
1 0.381993 0.674556 0.107092 0.115114
1 0.0541115 0.901284 0.107417 0.0915917
1 0.864251 0.551957 0.115795 0.145833
1 0.339827 0.428661 0.116379 0.154751
0 0.560678 0.694457 0.111347 0.171054
1 0.117704 0.595692 0.108511 0.165415
1 0.290792 0.652734 0.108007 0.13278
1 0.949868 0.566415 0.0985961 0.125471
0 0.966306 0.803039 0.0673877 0.16699
1 0.706924 0.967862 0.137054 0.0638689
1 0.0686325 0.972257 0.137265 0.0553753
1 0.820991 0.752308 0.108994 0.158706
1 0.608579 0.0858043 0.0661761 0.0977427
1 0.667527 0.077342 0.0683813 0.0790333
1 0.165509 0.138634 0.141242 0.139961
1 0.733974 0.726557 0.116056 0.161776
1 0.553668 0.198292 0.0481484 0.0524178
0 0.165603 0.136897 0.144112 0.141102
1 0.638978 0.0851108 0.125771 0.105907
1 0.451589 0.988935 0.090717 0.0217831
1 0.559308 0.695618 0.103701 0.164672
0 0.861504 0.551655 0.114632 0.152318
1 0.602708 0.497355 0.109938 0.14183
1 0.970009 0.803991 0.0593293 0.164537
0 0.0130279 0.11252 0.0249337 0.129771
