1 0.937275 0.208956 0.12485 0.142805
1 0.668121 0.1624 0.13051 0.115713
1 0.121484 0.4865 0.161507 0.141089
1 0.72082 0.679577 0.173265 0.127929
1 0.784965 0.526353 0.148351 0.114828
1 0.823919 0.446629 0.138958 0.11391
1 0.939887 0.569944 0.120227 0.120085
1 0.473728 0.636101 0.133764 0.115295
1 0.0438833 0.630996 0.0877666 0.100091
1 0.570164 0.411801 0.1639 0.13168
1 0.654617 0.827012 0.177255 0.127357
1 0.866618 0.743214 0.124708 0.104833
1 0.898127 0.65134 0.116001 0.0985303
0 0.532911 0.478443 0.154717 0.130235
1 0.611046 0.335513 0.137606 0.111062
1 0.448533 0.722912 0.138954 0.114962
1 0.75373 0.598232 0.140922 0.114625
1 0.757078 0.0377196 0.133382 0.0754116
1 0.789654 0.897272 0.156162 0.135584
1 0.956998 0.472664 0.0843642 0.107456
1 0.511516 0.564324 0.143134 0.111913
1 0.02819 0.825808 0.0559865 0.120562
1 0.691467 0.751465 0.157853 0.113472
1 0.625409 0.926251 0.164892 0.140297
1 0.904499 0.278054 0.159167 0.142885
1 0.706065 0.0901588 0.126338 0.127236
1 0.161276 0.311747 0.108634 0.107305
1 0.847982 0.355532 0.149401 0.139434
1 0.635861 0.258617 0.158096 0.131328
1 0.403614 0.800152 0.156175 0.125988
0 0.833617 0.816809 0.120298 0.104224
1 0.758994 0.956353 0.176612 0.0868628
0 0.311114 0.956961 0.178429 0.0856426
1 0.181697 0.234634 0.0970683 0.0830102
1 0.980227 0.129357 0.0391384 0.0978564
0 0.14343 0.39574 0.121421 0.0935773
1 0.532216 0.476473 0.153083 0.129359
1 0.0807579 0.549085 0.112545 0.107087
1 0.305255 0.960382 0.171668 0.0788116
