1 0.103161 0.403475 0.181258 0.187506
1 0.59069 0.655377 0.0994222 0.117156
1 0.908814 0.371687 0.130779 0.11573
1 0.0624765 0.072321 0.117402 0.12909
0 0.270774 0.44109 0.103219 0.0966094
1 0.528988 0.847201 0.102444 0.0682743
0 0.646657 0.148025 0.0922606 0.0953884
0 0.698145 0.960278 0.110801 0.0791787
1 0.511947 0.134005 0.13259 0.135077
1 0.222467 0.643972 0.0950035 0.139149
1 0.737641 0.0520419 0.0908644 0.104084
1 0.426051 0.421983 0.126478 0.141894
1 0.03385 0.335707 0.0673418 0.121817
0 0.273264 0.225634 0.117017 0.0873654
1 0.0302466 0.570231 0.0604932 0.0923383
1 0.973387 0.786064 0.0521239 0.150046
0 0.0303103 0.570597 0.0602065 0.0924706
1 0.405387 0.515435 0.0956737 0.0907077
