1 0.290545 0.0689173 0.142506 0.137835
2 0.699145 0.925309 0.230602 0.147945
1 0.643815 0.834847 0.0824589 0.0751863
1 0.184327 0.100509 0.121184 0.124581
1 0.888664 0.0757199 0.222672 0.150466
1 0.461356 0.0622755 0.0800239 0.0797628
1 0.525734 0.822686 0.0839394 0.0751195
2 0.49783 0.92414 0.128401 0.150876
2 0.153966 0.6836 0.306934 0.283854
0 0.390564 0.254073 0.13716 0.122286
2 0.888565 0.0768894 0.22287 0.151857
2 0.129453 0.422642 0.257104 0.32793
2 0.0629068 0.197296 0.124744 0.176613
1 0.976678 0.313449 0.046087 0.0841765
1 0.647927 0.0780665 0.0981352 0.0814591
3 0.15244 0.68731 0.303882 0.294716
1 0.938113 0.428998 0.121698 0.12602
3 0.062603 0.197189 0.123995 0.172243
