1 0.126317 0.384901 0.0880038 0.0888904
1 0.916551 0.584721 0.141279 0.149122
1 0.888125 0.926439 0.1369 0.144867
1 0.422733 0.267702 0.114327 0.110825
1 0.329294 0.784605 0.119747 0.136057
1 0.779652 0.64224 0.11989 0.138286
1 0.241286 0.409356 0.105099 0.121502
1 0.954174 0.134768 0.0911663 0.115223
1 0.215056 0.636051 0.141605 0.136738
1 0.651624 0.691768 0.133016 0.122508
1 0.670087 0.44303 0.117137 0.115969
1 0.416208 0.54018 0.114435 0.119713
1 0.0388116 0.0304639 0.0776232 0.0607068
1 0.522516 0.733484 0.102385 0.121866
0 0.292998 0.468069 0.0848812 0.0888997
0 0.331158 0.469521 0.164302 0.161551
1 0.752729 0.0690467 0.148992 0.138093
1 0.438172 0.851281 0.0675901 0.0695856
0 0.351669 0.500021 0.0895108 0.0928303
