2 0.271381 0.933629 0.357154 0.131699
1 0.429893 0.227887 0.128016 0.0866053
1 0.512376 0.588654 0.172195 0.0989268
1 0.435852 0.321012 0.134336 0.0912946
1 0.427121 0.129113 0.184201 0.0993114
1 0.227215 0.751222 0.146916 0.119909
1 0.458544 0.415652 0.141437 0.0954842
1 0.590216 0.853732 0.156741 0.106578
1 0.481634 0.506767 0.183335 0.102884
1 0.901459 0.918553 0.193597 0.135365
2 0.0400239 0.189417 0.0790481 0.372987
1 0.486448 0.687897 0.118875 0.0954176
1 0.438693 0.0376698 0.143471 0.0751619
1 0.606106 0.940278 0.175765 0.116817
0 0.480407 0.509554 0.172755 0.0936016
1 0.641261 0.985031 0.139578 0.0295874
0 0.877522 0.835315 0.193721 0.104857
1 0.915294 0.97481 0.166282 0.0497401
0 0.604552 0.941832 0.178822 0.113469
