2 0.210655 0.920581 0.17934 0.158007
1 0.538506 0.905128 0.143 0.155781
1 0.198326 0.199621 0.104404 0.0816621
0 0.732745 0.939878 0.159337 0.119623
1 0.349133 0.099387 0.133383 0.136743
1 0.47904 0.81416 0.0989507 0.101869
1 0.495759 0.661701 0.172767 0.190268
1 0.313923 0.830048 0.170298 0.158307
0 0.546351 0.106027 0.131155 0.140899
1 0.711829 0.484065 0.0971372 0.0882484
1 0.888132 0.722939 0.171076 0.154208
2 0.900534 0.418337 0.182246 0.197786
2 0.417965 0.763103 0.198661 0.200699
0 0.887697 0.721194 0.16732 0.154477
1 0.634155 0.0400419 0.138221 0.0796449
1 0.424949 0.766039 0.219134 0.209777
0 0.819807 0.97971 0.0987428 0.0401728
1 0.0239217 0.114642 0.0475095 0.0989452
2 0.314071 0.834129 0.172177 0.164967
0 0.959892 0.499434 0.0797622 0.0959854
2 0.496939 0.661934 0.171318 0.195462
