1 0.880552 0.447892 0.190659 0.168679
1 0.913899 0.889979 0.172202 0.199294
0 0.478475 0.712287 0.150725 0.171004
1 0.519893 0.57343 0.158984 0.151797
1 0.417856 0.144989 0.143922 0.126497
1 0.903914 0.663497 0.139574 0.145762
1 0.342705 0.928703 0.17437 0.140794
2 0.244558 0.439099 0.118488 0.166894
2 0.0767825 0.690058 0.15261 0.273191
1 0.854768 0.0555841 0.130342 0.110295
1 0.476314 0.0642831 0.14291 0.124089
1 0.582893 0.928952 0.18578 0.14027
1 0.701431 0.681542 0.168168 0.153442
1 0.802691 0.160163 0.22186 0.219034
1 0.781781 0.372923 0.175649 0.143606
1 0.375479 0.798786 0.13626 0.145586
1 0.29711 0.0281761 0.109059 0.0561396
0 0.62487 0.776825 0.203101 0.171174
1 0.959883 0.29557 0.0798213 0.1939
1 0.261856 0.0777867 0.150852 0.130641
2 0.0761292 0.621015 0.15129 0.134434
1 0.212965 0.145308 0.109762 0.105324
1 0.538027 0.0294324 0.120487 0.0586655
2 0.13446 0.521959 0.183265 0.192972
2 0.25772 0.115289 0.205784 0.2138
0 0.650547 0.300757 0.166294 0.169994
1 0.6488 0.30031 0.166527 0.169399
1 0.528468 0.987957 0.0817739 0.0240831
1 0.3889 0.227882 0.143945 0.134009
