1 0.288065 0.208432 0.128657 0.122462
1 0.94826 0.122402 0.103365 0.110866
1 0.29383 0.475478 0.059769 0.102157
2 0.806435 0.533114 0.0975676 0.221102
0 0.640089 0.796576 0.0840297 0.114045
1 0.819813 0.191073 0.112565 0.118765
1 0.40692 0.626023 0.109386 0.128783
0 0.716422 0.7885 0.0936643 0.103102
0 0.938866 0.5412 0.078841 0.064266
1 0.555895 0.807365 0.082669 0.128003
1 0.479288 0.770408 0.0669217 0.0713859
0 0.426079 0.165118 0.122681 0.154248
3 0.061859 0.574985 0.122628 0.118932
1 0.385468 0.464909 0.0614971 0.0889046
1 0.534596 0.955506 0.137569 0.0878298
1 0.396851 0.808804 0.101874 0.122619
0 0.927336 0.398736 0.0735013 0.115328
1 0.647722 0.948825 0.0835288 0.080008
1 0.934755 0.801288 0.08109 0.0932767
0 0.934155 0.80083 0.083544 0.094644
0 0.501695 0.423608 0.0799296 0.154927
1 0.98585 0.411734 0.0276712 0.0696596
2 0.0193828 0.16621 0.0381903 0.224794
