0 0.166117 0.736102 0.129564 0.164116
1 0.526083 0.800719 0.107633 0.109257
1 0.153332 0.31872 0.12727 0.150436
1 0.31484 0.514006 0.11613 0.127744
1 0.116855 0.479618 0.112723 0.116613
1 0.751834 0.203427 0.115178 0.119805
1 0.694024 0.0570701 0.118797 0.113828
1 0.34983 0.359922 0.113652 0.130054
1 0.435095 0.788544 0.110879 0.128641
1 0.870569 0.891745 0.112879 0.137806
1 0.307456 0.936277 0.105583 0.112369
1 0.836481 0.215333 0.106763 0.124946
1 0.288159 0.102399 0.10965 0.117708
0 0.399172 0.536156 0.103776 0.130297
1 0.874829 0.0678293 0.121823 0.125133
1 0.205983 0.500603 0.11106 0.13611
1 0.572764 0.572276 0.110776 0.142157
1 0.785981 0.464727 0.108732 0.142844
1 0.834138 0.643424 0.0984118 0.110145
1 0.920341 0.238847 0.108754 0.127042
0 0.58066 0.953997 0.101737 0.0916281
1 0.197007 0.0760024 0.122962 0.144496
1 0.608119 0.828408 0.0994496 0.116253
1 0.378747 0.116846 0.108692 0.144458
1 0.0997404 0.0590848 0.116358 0.112647
1 0.241717 0.344623 0.116713 0.151926
1 0.469331 0.141344 0.111283 0.123
0 0.793375 0.0484978 0.107507 0.0956783
1 0.434029 0.385208 0.111275 0.158199
1 0.12789 0.914094 0.130831 0.140277
1 0.227662 0.924855 0.102894 0.119646
1 0.743601 0.624474 0.0989213 0.0981345
1 0.0405895 0.446564 0.081179 0.130015
1 0.874845 0.466291 0.0949583 0.147465
1 0.692482 0.853787 0.0903704 0.122958
1 0.661888 0.183498 0.111454 0.116443
1 0.950363 0.908838 0.0986773 0.132093
1 0.34467 0.775161 0.11751 0.143341
1 0.782997 0.8806 0.114289 0.148162
1 0.562388 0.158368 0.12618 0.131256
0 0.658658 0.595319 0.105031 0.124292
1 0.9513 0.0884183 0.0971252 0.142039
0 0.690443 0.442932 0.105693 0.146759
1 0.261929 0.758198 0.118233 0.161942
1 0.483151 0.556662 0.103144 0.127911
1 0.919515 0.661597 0.0968411 0.110673
0 0.606034 0.426563 0.120981 0.156202
0 0.590397 0.0410991 0.105779 0.0805915
1 0.66934 0.968655 0.0973338 0.0622997
1 0.492841 0.945779 0.100809 0.108443
1 0.025168 0.675966 0.050336 0.0879121
1 0.0335265 0.0399662 0.0665477 0.0799324
1 0.606112 0.427867 0.119869 0.15598
1 0.512397 0.404432 0.103957 0.157183
1 0.0658298 0.26648 0.0963561 0.105499
1 0.589845 0.0395637 0.106663 0.0785476
0 0.977232 0.261424 0.0453568 0.11039
1 0.398797 0.946177 0.111206 0.106798
0 0.954374 0.504565 0.0907435 0.153769
1 0.0168214 0.249988 0.0335298 0.0892087
0 0.494077 0.945609 0.10158 0.108783
0 0.410531 0.0209376 0.112623 0.0417694
1 0.977305 0.260891 0.0452511 0.107563
0 0.660143 0.183201 0.111589 0.119465
0 0.97739 0.639911 0.0449653 0.182014
0 0.951617 0.0898098 0.0964901 0.146246
1 0.660642 0.59573 0.103748 0.129833
