2 0.578306 0.0627028 0.217185 0.124617
1 0.124004 0.17184 0.151013 0.148205
1 0.499491 0.85751 0.123931 0.147426
1 0.235914 0.136591 0.172562 0.200952
1 0.82557 0.684747 0.119058 0.143654
1 0.0665614 0.887425 0.133123 0.142144
1 0.58126 0.819815 0.138186 0.143336
1 0.341278 0.943238 0.124513 0.113523
1 0.719874 0.952831 0.116333 0.0937941
1 0.799639 0.92197 0.164703 0.154392
1 0.0447683 0.218295 0.0895367 0.12058
2 0.909443 0.645282 0.14921 0.150255
1 0.318686 0.0750342 0.147318 0.149812
2 0.610104 0.611422 0.192066 0.227155
1 0.354128 0.315191 0.127516 0.161071
1 0.453969 0.896512 0.125329 0.131494
1 0.892379 0.889806 0.126182 0.178398
1 0.385259 0.781049 0.0823314 0.0761292
1 0.381631 0.686539 0.167034 0.140514
1 0.247493 0.967127 0.154931 0.0657468
1 0.169894 0.841678 0.189405 0.204217
2 0.763961 0.492881 0.302778 0.208488
2 0.95538 0.394253 0.0886199 0.179763
1 0.539173 0.221424 0.175124 0.181685
1 0.910555 0.645588 0.148084 0.148962
0 0.749227 0.570356 0.0935224 0.0900228
2 0.538651 0.220125 0.17831 0.182343
2 0.170839 0.841917 0.189161 0.204068
1 0.0500502 0.490296 0.1001 0.160802
2 0.201665 0.398146 0.245907 0.229717
1 0.286722 0.835479 0.0835688 0.0883446
1 0.0300688 0.943915 0.0583737 0.11217
2 0.380016 0.688757 0.165622 0.142116
1 0.200792 0.391987 0.247356 0.214915
1 0.411168 0.0605115 0.140847 0.120579
2 0.681336 0.763428 0.171361 0.145399
1 0.682619 0.762357 0.171703 0.145273
1 0.641505 0.172352 0.149092 0.160079
1 0.143623 0.427441 0.127574 0.167218
1 0.769546 0.722138 0.108279 0.126725
