1 0.287383 0.652267 0.106091 0.164318
1 0.602137 0.547869 0.172821 0.144851
1 0.64469 0.828305 0.149946 0.123537
1 0.620356 0.698046 0.140223 0.131709
1 0.871846 0.655697 0.131912 0.16493
1 0.890188 0.803576 0.152092 0.137892
1 0.536114 0.245039 0.160932 0.122115
1 0.784198 0.0624742 0.126087 0.122813
1 0.797025 0.201132 0.141556 0.0955977
1 0.847933 0.498261 0.121812 0.110796
1 0.23453 0.0946459 0.124163 0.117261
1 0.81513 0.374404 0.122245 0.126729
1 0.185769 0.349358 0.145354 0.140099
1 0.570655 0.418323 0.130408 0.0924594
1 0.0590656 0.362931 0.117575 0.101156
0 0.34601 0.334261 0.0989702 0.118741
0 0.018959 0.102495 0.0377886 0.0984492
1 0.344887 0.33457 0.0955923 0.11869
