1 0.796265 0.634932 0.116746 0.114854
1 0.383111 0.696713 0.103063 0.0957906
1 0.667212 0.426704 0.109091 0.113963
1 0.328974 0.946648 0.140691 0.106705
1 0.424355 0.278035 0.126498 0.132588
1 0.090786 0.295974 0.123704 0.127351
1 0.578557 0.907629 0.108096 0.0987775
1 0.15372 0.352823 0.140711 0.156559
1 0.961224 0.847492 0.0775529 0.0913076
1 0.285484 0.179113 0.120251 0.133379
1 0.70224 0.746477 0.10958 0.0990928
1 0.798684 0.833345 0.103291 0.106427
1 0.953628 0.447726 0.092743 0.105444
1 0.673633 0.972229 0.092423 0.0550818
1 0.410335 0.6503 0.090354 0.0880969
1 0.170087 0.599295 0.134764 0.1428
1 0.834896 0.0987697 0.0956165 0.0884222
1 0.221888 0.404368 0.130927 0.129843
1 0.886467 0.285366 0.0924914 0.0875738
1 0.213807 0.121781 0.119197 0.132138
1 0.631927 0.821644 0.0943344 0.0785476
1 0.0392228 0.248557 0.0782577 0.129532
1 0.111902 0.535835 0.104029 0.105301
1 0.622692 0.631904 0.0960383 0.0874157
1 0.527815 0.731275 0.111136 0.106879
1 0.891809 0.602496 0.106422 0.117323
1 0.349573 0.739941 0.106027 0.110951
1 0.939691 0.88989 0.101748 0.0959638
1 0.346293 0.230762 0.136373 0.140287
1 0.895373 0.723757 0.10084 0.0988411
1 0.574616 0.454125 0.137156 0.143977
1 0.592569 0.66759 0.0911667 0.090241
1 0.495883 0.77411 0.116368 0.10427
1 0.650024 0.591218 0.106226 0.102188
1 0.511798 0.546984 0.116754 0.111592
0 0.763805 0.294126 0.093052 0.100826
1 0.409164 0.895921 0.0822482 0.0923272
1 0.44978 0.618113 0.125842 0.110518
1 0.765395 0.184595 0.0892866 0.0787604
1 0.892007 0.0567514 0.141401 0.112232
1 0.282669 0.793365 0.0827893 0.0749848
1 0.976047 0.798256 0.0479065 0.0763805
1 0.710707 0.469815 0.112279 0.128376
1 0.906077 0.918777 0.0899704 0.0866168
1 0.522791 0.0723051 0.133325 0.14461
1 0.600795 0.859913 0.0904939 0.0819299
1 0.414732 0.0431754 0.123573 0.0863508
1 0.715985 0.956681 0.0777955 0.0762143
1 0.598089 0.355344 0.0896294 0.093756
1 0.126432 0.974777 0.0933939 0.0500712
1 0.673903 0.54823 0.100462 0.0945805
1 0.477672 0.579144 0.0977923 0.0936999
1 0.364462 0.919385 0.122036 0.107476
1 0.0546711 0.78075 0.109342 0.153082
1 0.852586 0.35526 0.0737529 0.0764367
0 0.150584 0.0720574 0.110422 0.114281
1 0.759078 0.869331 0.11777 0.107259
1 0.274983 0.87446 0.108528 0.101606
1 0.457356 0.0710841 0.0890067 0.0967749
1 0.735254 0.716384 0.110529 0.0966812
1 0.748798 0.925088 0.0864738 0.0811009
1 0.93149 0.236185 0.131862 0.120453
1 0.539522 0.137023 0.0910493 0.101356
1 0.830517 0.780779 0.128584 0.123451
1 0.83255 0.552714 0.124187 0.142054
1 0.445466 0.865541 0.0917343 0.0873504
1 0.240005 0.826998 0.0618876 0.0609953
1 0.534071 0.946669 0.135031 0.105266
1 0.166585 0.953374 0.10528 0.0928408
1 0.936996 0.62318 0.0887452 0.0909925
1 0.319074 0.76007 0.0920948 0.0873294
0 0.476691 0.335935 0.128735 0.149598
1 0.941104 0.647486 0.117226 0.135089
1 0.469229 0.817854 0.0967482 0.0935142
1 0.0965911 0.821941 0.102663 0.106645
1 0.558235 0.697997 0.0930727 0.0869946
1 0.864428 0.563743 0.0872579 0.0853707
0 0.797448 0.32951 0.101981 0.107555
1 0.730878 0.0228935 0.0926614 0.0456693
1 0.757704 0.672715 0.107092 0.0968606
1 0.071824 0.0438725 0.141987 0.0875918
1 0.291822 0.978503 0.0937727 0.042474
1 0.467241 0.633207 0.0881193 0.0774913
1 0.260297 0.612063 0.0784152 0.081218
1 0.151851 0.0711213 0.112218 0.112362
1 0.852892 0.759765 0.116135 0.104669
1 0.0238616 0.417268 0.0474432 0.0989463
1 0.976304 0.967442 0.0471556 0.0642598
1 0.474598 0.98618 0.0568219 0.0276401
1 0.207522 0.92843 0.110413 0.108029
1 0.558413 0.517561 0.101792 0.0924906
1 0.0213955 0.708721 0.0425777 0.0926406
1 0.839714 0.807135 0.0842212 0.0738481
1 0.475145 0.335598 0.126149 0.153151
