0 0.326764 0.120982 0.107571 0.150294
1 0.688233 0.907873 0.121897 0.153457
1 0.564778 0.0720312 0.108758 0.143738
1 0.765789 0.895567 0.0989794 0.142611
1 0.40002 0.101121 0.107681 0.149615
1 0.489451 0.0715842 0.0985242 0.120396
1 0.0912858 0.367216 0.0960686 0.121407
1 0.708692 0.4576 0.095675 0.125062
1 0.742341 0.218199 0.106547 0.123914
1 0.0765993 0.80312 0.100616 0.113814
1 0.240693 0.147468 0.109805 0.158824
1 0.832735 0.196612 0.129015 0.129261
1 0.217054 0.595131 0.104235 0.157673
1 0.363015 0.949189 0.0917448 0.101339
1 0.492122 0.712912 0.0975311 0.115956
1 0.162661 0.159249 0.111362 0.153697
1 0.164748 0.783278 0.0941176 0.115798
1 0.275045 0.966828 0.0911627 0.0660951
1 0.0545836 0.630228 0.109167 0.143009
1 0.572805 0.692966 0.0898647 0.11499
1 0.654177 0.0516956 0.101393 0.103391
1 0.730874 0.645671 0.113652 0.141038
1 0.852807 0.865773 0.102601 0.134082
1 0.543392 0.509518 0.108308 0.155599
0 0.245499 0.322927 0.103547 0.141568
1 0.530414 0.935836 0.101229 0.127326
1 0.139032 0.598199 0.0977358 0.136629
1 0.239929 0.767716 0.0990009 0.133938
0 0.966892 0.401593 0.0634105 0.0886843
1 0.0721776 0.175157 0.107057 0.140783
1 0.462001 0.526065 0.109631 0.152621
1 0.654041 0.648875 0.0998861 0.146047
1 0.610169 0.935228 0.101635 0.12398
1 0.573338 0.237518 0.109157 0.161808
1 0.199908 0.974967 0.0843953 0.0500646
1 0.621003 0.484031 0.102069 0.135141
1 0.305446 0.57267 0.110718 0.167454
1 0.44436 0.94602 0.096422 0.106405
1 0.166652 0.351031 0.0969032 0.12345
1 0.332546 0.30603 0.0854231 0.119863
0 0.899603 0.0330845 0.0841169 0.0660823
1 0.958151 0.575708 0.0830309 0.0911382
1 0.0244673 0.381691 0.0489131 0.109365
1 0.404436 0.723678 0.105487 0.137913
1 0.0225463 0.172004 0.0450926 0.12239
0 0.501726 0.271305 0.0959444 0.13934
1 0.329045 0.754387 0.0963867 0.133571
1 0.0229676 0.821573 0.0458275 0.114474
1 0.377314 0.550855 0.0986007 0.155001
1 0.967191 0.486403 0.0640794 0.102625
1 0.729023 0.0392975 0.0936227 0.0779412
1 0.406597 0.286001 0.103043 0.135259
0 0.665184 0.229508 0.099093 0.108757
1 0.946422 0.672054 0.106799 0.126428
1 0.664563 0.229932 0.0981197 0.108235
0 0.814593 0.0477638 0.0941796 0.0953801
0 0.918045 0.971902 0.123583 0.0549572
1 0.111833 0.98155 0.0942718 0.036473
1 0.940357 0.72933 0.117837 0.137315
0 0.403676 0.722923 0.104817 0.138392
1 0.814789 0.0472568 0.092638 0.0945136
0 0.329529 0.751789 0.096965 0.129215
1 0.917832 0.972441 0.12595 0.0547613
0 0.406144 0.283637 0.100112 0.130916
