1 0.332919 0.576541 0.168878 0.117472
1 0.0730352 0.559959 0.143471 0.119119
1 0.191941 0.871193 0.130217 0.114733
1 0.409011 0.811636 0.143314 0.12206
1 0.804521 0.899447 0.129516 0.127849
1 0.894824 0.798774 0.156044 0.159687
1 0.237989 0.336833 0.169894 0.125531
1 0.268279 0.41894 0.164668 0.123796
1 0.302544 0.498359 0.159058 0.120989
1 0.360252 0.647387 0.172843 0.127812
1 0.232212 0.94704 0.136004 0.104345
1 0.710231 0.229032 0.142253 0.104702
1 0.838055 0.964751 0.124154 0.0702779
1 0.792607 0.517604 0.159827 0.136361
1 0.756093 0.811345 0.133643 0.121788
2 0.57969 0.0453686 0.140546 0.0905679
1 0.828171 0.601997 0.16143 0.134189
1 0.15492 0.791461 0.155905 0.126207
1 0.387106 0.725403 0.181201 0.13992
1 0.705162 0.677973 0.169939 0.21748
1 0.572102 0.237583 0.13938 0.102884
1 0.46663 0.875401 0.174427 0.146823
1 0.851723 0.695337 0.167504 0.126455
0 0.227891 0.245373 0.206586 0.150553
0 0.0313379 0.38807 0.0626758 0.114797
1 0.11013 0.678007 0.201 0.202629
1 0.227527 0.243555 0.212967 0.149192
1 0.0314685 0.388007 0.062937 0.11454
0 0.853529 0.695001 0.165883 0.132269
1 0.270198 0.985585 0.104415 0.0283041
1 0.580284 0.0458702 0.14036 0.0903609
1 0.742715 0.429541 0.152222 0.135931
1 0.964172 0.87199 0.0708156 0.125633
