1 0.788018 0.459461 0.173679 0.147578
1 0.584826 0.299077 0.162318 0.144244
1 0.246446 0.763058 0.166819 0.153259
1 0.643055 0.616161 0.181057 0.177028
1 0.886422 0.601231 0.170534 0.139566
1 0.757285 0.110727 0.103375 0.108301
1 0.737635 0.533638 0.167593 0.138586
1 0.0797067 0.660859 0.139147 0.125611
1 0.691631 0.167618 0.146739 0.12968
1 0.53599 0.364057 0.141625 0.13306
1 0.333931 0.632807 0.144761 0.128053
1 0.852959 0.396962 0.172006 0.154889
1 0.800978 0.953565 0.113806 0.0918875
1 0.947029 0.219285 0.105943 0.128627
1 0.438512 0.493118 0.144038 0.136929
1 0.746056 0.787039 0.162505 0.126168
1 0.94463 0.937914 0.109975 0.107496
1 0.304736 0.348782 0.131109 0.129705
1 0.909439 0.686469 0.179974 0.122996
1 0.179515 0.833138 0.174049 0.13884
1 0.408308 0.569111 0.136898 0.116871
1 0.586947 0.193331 0.1091 0.107616
2 0.0919017 0.245542 0.183803 0.183549
0 0.874184 0.0267755 0.102044 0.0532411
1 0.708134 0.711579 0.12637 0.108983
1 0.665016 0.248061 0.136556 0.118443
0 0.767041 0.883012 0.141839 0.114718
0 0.432765 0.955373 0.137707 0.0892532
1 0.347729 0.266467 0.146021 0.123457
1 0.397738 0.195942 0.113952 0.100157
1 0.129058 0.927871 0.158078 0.143492
1 0.0233281 0.394051 0.0463448 0.0946027
1 0.939031 0.777029 0.114502 0.0937691
1 0.489501 0.418465 0.13476 0.12387
1 0.0226487 0.85872 0.0450296 0.0852042
0 0.125861 0.580665 0.123698 0.134167
1 0.090676 0.239419 0.181352 0.182505
0 0.443719 0.103341 0.10751 0.103386
1 0.163057 0.183072 0.132261 0.121872
1 0.569469 0.0160223 0.0655754 0.0320446
1 0.766622 0.881803 0.14258 0.113495
1 0.872227 0.0265635 0.100322 0.0531269
0 0.806239 0.0557934 0.151819 0.111057
1 0.807984 0.0571842 0.154248 0.112724
1 0.952517 0.990781 0.0949661 0.0181224
