1 0.677108 0.655512 0.133691 0.13109
1 0.254297 0.838372 0.109036 0.113421
1 0.132148 0.745955 0.127283 0.140626
1 0.546518 0.134924 0.118071 0.118667
1 0.874445 0.101948 0.124026 0.123587
1 0.826618 0.751891 0.130005 0.127009
1 0.17205 0.950891 0.118583 0.0972576
1 0.0849042 0.394636 0.141157 0.143442
1 0.742594 0.0479146 0.132582 0.0954048
1 0.604022 0.61535 0.124657 0.128744
1 0.926246 0.428076 0.146951 0.176993
1 0.405943 0.632272 0.1147 0.132375
1 0.72465 0.890871 0.141133 0.130521
1 0.779313 0.823951 0.143607 0.141076
1 0.938317 0.161392 0.123365 0.148545
1 0.764208 0.469489 0.132907 0.135775
1 0.887149 0.557825 0.131872 0.142697
1 0.417784 0.488846 0.143553 0.149471
1 0.189802 0.793279 0.133288 0.141465
1 0.480947 0.531563 0.128451 0.136818
1 0.333668 0.605837 0.0951754 0.0917934
1 0.514638 0.297816 0.117877 0.128784
1 0.532018 0.717594 0.129629 0.134809
1 0.457879 0.245227 0.145179 0.139777
1 0.0451719 0.344021 0.0895937 0.131741
1 0.675214 0.216208 0.110823 0.110635
1 0.302104 0.388618 0.125868 0.133647
1 0.589952 0.33529 0.144299 0.136404
1 0.232031 0.342762 0.132758 0.136657
1 0.448257 0.946021 0.136652 0.107323
1 0.422055 0.0527995 0.129145 0.104889
0 0.786428 0.326562 0.137807 0.147887
1 0.96698 0.869014 0.0642395 0.124211
1 0.0624083 0.196929 0.124817 0.119645
1 0.159004 0.452054 0.128925 0.134963
1 0.854358 0.350855 0.0953293 0.0921794
1 0.325719 0.870785 0.13613 0.146905
1 0.81229 0.0675433 0.141145 0.135087
1 0.263042 0.0843947 0.125629 0.133796
1 0.473807 0.0902826 0.138892 0.133456
1 0.946766 0.627856 0.106468 0.115772
1 0.832959 0.507614 0.123593 0.118211
1 0.537902 0.582001 0.133998 0.129983
1 0.2069 0.0538471 0.139761 0.10665
1 0.280778 0.544846 0.14635 0.152285
1 0.0578036 0.863182 0.115607 0.158435
1 0.388259 0.188811 0.140207 0.145993
1 0.901278 0.978335 0.0990914 0.0428538
1 0.10653 0.241745 0.136366 0.138932
1 0.353147 0.440856 0.140751 0.14979
1 0.062263 0.694651 0.124526 0.157877
1 0.94451 0.943102 0.110979 0.113797
1 0.642855 0.815869 0.131351 0.137136
1 0.322503 0.143026 0.104558 0.104405
1 0.942839 0.039569 0.108477 0.0786696
1 0.698988 0.429137 0.106224 0.103229
1 0.67036 0.0254372 0.0992544 0.0506001
1 0.466317 0.671551 0.125803 0.132545
1 0.20125 0.507857 0.152324 0.159256
1 0.0306447 0.12201 0.0612894 0.115805
1 0.0301119 0.629545 0.0597023 0.122398
1 0.125237 0.0258057 0.097773 0.0514522
1 0.739033 0.696505 0.0920315 0.0991499
1 0.612328 0.167216 0.104945 0.104644
1 0.637414 0.374438 0.141366 0.138472
1 0.726549 0.272894 0.116653 0.134019
1 0.346394 0.0273171 0.087172 0.0543804
1 0.967047 0.208245 0.0650458 0.134017
1 0.173954 0.293539 0.118565 0.106529
1 0.875407 0.0120535 0.0567431 0.0241071
1 0.583932 0.760013 0.112858 0.124149
