1 0.557212 0.247976 0.125617 0.0822081
1 0.325835 0.37039 0.131918 0.0874397
1 0.18131 0.0644536 0.128297 0.0807698
1 0.711083 0.41882 0.13959 0.0807701
1 0.544998 0.592986 0.112443 0.0828518
1 0.559338 0.422032 0.137156 0.0874951
1 0.554536 0.336657 0.111751 0.0825016
1 0.92903 0.292341 0.108181 0.0766832
1 0.555725 0.163939 0.129711 0.08187
1 0.540401 0.511643 0.11615 0.0727855
1 0.930289 0.217924 0.124527 0.0704238
1 0.696535 0.252114 0.142416 0.0782515
1 0.537262 0.682403 0.1098 0.0715969
1 0.713025 0.160104 0.113544 0.0807553
1 0.328264 0.681075 0.112865 0.0773864
1 0.175829 0.68292 0.15547 0.0740653
2 0.923882 0.488045 0.150079 0.132458
2 0.24034 0.657958 0.325712 0.487535
1 0.926545 0.379784 0.146061 0.086979
1 0.175266 0.142937 0.115785 0.0644239
1 0.321263 0.0677643 0.140051 0.0784596
2 0.165166 0.373047 0.157329 0.0781018
2 0.175481 0.682012 0.152959 0.0725768
2 0.331406 0.520202 0.126248 0.207847
3 0.906827 0.796511 0.0932242 0.149524
1 0.339404 0.794104 0.0920643 0.115298
2 0.907991 0.794406 0.093668 0.150654
1 0.166272 0.288203 0.170836 0.0875746
2 0.323783 0.37071 0.132991 0.0876059
1 0.164285 0.371781 0.158364 0.0763626
2 0.164043 0.480026 0.14503 0.135345
2 0.32013 0.193551 0.145532 0.10697
1 0.712933 0.590912 0.116943 0.0838406
2 0.931262 0.217341 0.130836 0.0693772
2 0.326757 0.0674281 0.154398 0.0764459
0 0.532052 0.0666886 0.128157 0.0656053
