1 0.631806 0.300974 0.143453 0.149856
1 0.338929 0.0730803 0.14053 0.134451
1 0.227628 0.811642 0.133366 0.139992
1 0.192873 0.26168 0.13829 0.133494
1 0.295765 0.856529 0.132462 0.123238
1 0.30931 0.567416 0.13297 0.133386
1 0.732351 0.169566 0.129214 0.126501
1 0.940804 0.420988 0.117193 0.125146
1 0.556803 0.255118 0.135522 0.134616
1 0.121112 0.934575 0.134628 0.12851
1 0.108066 0.2047 0.160515 0.178059
1 0.788355 0.237321 0.154234 0.166354
1 0.653494 0.126773 0.153385 0.160404
1 0.456682 0.676111 0.167907 0.157489
1 0.75343 0.675776 0.145967 0.151805
1 0.853026 0.743073 0.112425 0.1159
1 0.49158 0.191 0.148903 0.161439
1 0.880487 0.513446 0.140447 0.140603
1 0.813461 0.588505 0.128003 0.12088
1 0.16972 0.444486 0.155202 0.178254
1 0.0878879 0.692189 0.148846 0.145607
1 0.152972 0.745347 0.139266 0.149866
1 0.266761 0.313441 0.12081 0.127275
1 0.916322 0.669344 0.116946 0.125381
1 0.0536534 0.137645 0.107158 0.143344
1 0.0577729 0.885462 0.115546 0.124778
1 0.22926 0.508513 0.118433 0.134819
1 0.416709 0.430465 0.112023 0.116119
1 0.510417 0.522214 0.203548 0.195868
1 0.0877485 0.389461 0.114125 0.13075
1 0.408379 0.139793 0.134231 0.138746
1 0.579576 0.0734836 0.146942 0.146967
1 0.0414549 0.6476 0.0829098 0.0981486
1 0.363793 0.614375 0.0962517 0.0964735
1 0.544878 0.546861 0.131653 0.135132
1 0.905754 0.0467032 0.164302 0.0933809
1 0.0415922 0.332352 0.082917 0.164057
1 0.975766 0.326054 0.0481796 0.0917668
1 0.340637 0.359191 0.132784 0.11277
1 0.509335 0.0285533 0.0999923 0.056963
1 0.0268141 0.816428 0.0533592 0.119154
1 0.65339 0.897022 0.227159 0.205955
2 0.653486 0.896505 0.228371 0.206989
1 0.483515 0.493277 0.140548 0.137905
0 0.716308 0.347735 0.151245 0.162593
1 0.244739 0.0515247 0.161813 0.102096
1 0.986656 0.868096 0.0263789 0.0577841
1 0.0154452 0.0756435 0.0306339 0.0608322
