1 0.907883 0.174022 0.152574 0.13217
1 0.795898 0.755839 0.0628755 0.0718513
1 0.699429 0.158552 0.148013 0.127496
1 0.698717 0.254335 0.167224 0.110157
1 0.328878 0.667709 0.1056 0.0846943
1 0.712728 0.0602293 0.127631 0.112971
1 0.924232 0.0720733 0.13135 0.104585
1 0.856078 0.271674 0.133492 0.108649
1 0.824461 0.84886 0.0633672 0.0872896
1 0.47683 0.599225 0.108921 0.106451
0 0.264897 0.934651 0.124147 0.106344
1 0.576094 0.878605 0.105438 0.09816
2 0.269139 0.506868 0.179629 0.143323
2 0.414701 0.299013 0.182569 0.223257
1 0.34696 0.545571 0.113896 0.0958469
2 0.733377 0.507331 0.144062 0.15518
1 0.809715 0.631279 0.0786705 0.0685489
2 0.317992 0.332952 0.199023 0.185686
1 0.690354 0.328138 0.101936 0.0894214
2 0.240972 0.374191 0.112819 0.12391
1 0.318233 0.331313 0.201217 0.175563
1 0.41547 0.301794 0.185943 0.223855
1 0.26916 0.0464399 0.170135 0.0919942
0 0.446579 0.791461 0.0707055 0.0630434
0 0.584753 0.973786 0.122815 0.0517899
1 0.696834 0.873555 0.0777957 0.0812526
1 0.0536324 0.067404 0.106135 0.117247
0 0.654161 0.757815 0.0966761 0.083238
