1 0.711335 0.0751267 0.143111 0.131446
1 0.552852 0.146055 0.141343 0.123572
1 0.288209 0.128932 0.133325 0.112578
1 0.834324 0.648924 0.0885667 0.112594
1 0.713779 0.532927 0.121585 0.120047
1 0.944763 0.854013 0.0951846 0.121141
1 0.30807 0.221092 0.132802 0.124208
1 0.817781 0.50872 0.0934546 0.115669
1 0.749108 0.659689 0.0896491 0.099844
1 0.921542 0.644177 0.0800159 0.0948977
1 0.909761 0.497205 0.0965977 0.119837
1 0.860564 0.867875 0.100587 0.115947
1 0.770021 0.876127 0.0856867 0.112995
1 0.956134 0.961013 0.0863173 0.0771871
1 0.975598 0.494891 0.0485582 0.110689
1 0.266125 0.0435384 0.171809 0.0867133
1 0.527971 0.0501621 0.115794 0.0987783
0 0.406209 0.691155 0.131109 0.138186
1 0.871836 0.978884 0.0898045 0.0417907
1 0.648724 0.0204533 0.117921 0.0408229
1 0.966323 0.285916 0.0657349 0.120147
0 0.530062 0.0492182 0.11446 0.0984363
1 0.985644 0.647024 0.0280926 0.0955856
1 0.785384 0.98633 0.090678 0.0269861
1 0.992321 0.825177 0.0148571 0.089555
0 0.442877 0.046676 0.0749741 0.0904932
1 0.0065996 0.0826154 0.0127182 0.0511107
3 0.168959 0.875948 0.322206 0.225352
1 0.644187 0.104341 0.100924 0.106472
