2 0.250608 0.788694 0.193618 0.260879
1 0.524289 0.156893 0.139396 0.150946
2 0.947897 0.905442 0.10331 0.177982
1 0.635606 0.0860639 0.148615 0.155525
1 0.435047 0.232516 0.150212 0.15291
1 0.152998 0.236995 0.119167 0.140542
1 0.353689 0.307958 0.147766 0.137467
0 0.183402 0.0892496 0.0938818 0.122979
1 0.0734815 0.217827 0.0959476 0.144682
1 0.341368 0.0794818 0.0688058 0.0609479
1 0.0511606 0.454806 0.101689 0.143656
1 0.269251 0.516318 0.155833 0.147174
2 0.933295 0.254129 0.132541 0.142394
1 0.0657275 0.853248 0.131195 0.153575
1 0.292886 0.399496 0.107954 0.108975
1 0.0728877 0.625968 0.0903179 0.11482
0 0.257086 0.106373 0.090451 0.145396
2 0.307548 0.413794 0.258783 0.35875
0 0.0399649 0.0551915 0.0799298 0.108651
1 0.0895232 0.968979 0.179046 0.061254
1 0.744313 0.0501356 0.146162 0.0992162
1 0.9434 0.0778884 0.0962582 0.0960058
3 0.883213 0.360051 0.229058 0.367714
1 0.0197568 0.204919 0.0392192 0.134482
2 0.477841 0.692088 0.24343 0.204045
2 0.883111 0.360937 0.226331 0.368597
1 0.0256253 0.607663 0.0509527 0.131324
