1 0.206647 0.599401 0.124718 0.127936
0 0.687915 0.68901 0.126328 0.154736
1 0.2167 0.210639 0.142542 0.164868
0 0.575096 0.656419 0.108254 0.112054
1 0.203381 0.809627 0.158365 0.168325
1 0.396957 0.801592 0.11571 0.136491
1 0.763753 0.297755 0.139422 0.14118
1 0.231667 0.0405492 0.139457 0.0810984
1 0.395098 0.390042 0.110628 0.138581
1 0.462826 0.649416 0.103231 0.11278
1 0.225547 0.401245 0.144333 0.140549
1 0.908167 0.727977 0.146038 0.149063
1 0.348432 0.627113 0.111712 0.110226
1 0.530697 0.402396 0.10849 0.12738
0 0.67574 0.833579 0.144561 0.157494
1 0.378223 0.229104 0.107244 0.105744
0 0.674504 0.0473255 0.107704 0.0944155
0 0.946818 0.0682296 0.102526 0.132839
1 0.787326 0.451892 0.145069 0.14316
1 0.909543 0.317939 0.121155 0.1344
1 0.898023 0.88366 0.14184 0.167593
1 0.639176 0.279418 0.116537 0.124818
1 0.66279 0.441306 0.110166 0.123099
0 0.927776 0.474742 0.140252 0.138444
0 0.911385 0.317377 0.120369 0.132612
1 0.928486 0.473236 0.142513 0.136112
0 0.549402 0.0378479 0.0784831 0.0748273
1 0.67187 0.851642 0.132349 0.118092
1 0.49197 0.254272 0.140806 0.133051
0 0.493287 0.254744 0.142048 0.133638
1 0.989792 0.895592 0.0201808 0.0854619
0 0.804956 0.0568878 0.147902 0.112507
1 0.990734 0.318448 0.0182763 0.079164
0 0.89862 0.883079 0.14346 0.173242
1 0.408651 0.0300973 0.1283 0.0599675
0 0.909722 0.730419 0.145374 0.150195
1 0.937579 0.0710126 0.0817659 0.121984
