0 0.167689 0.106924 0.118189 0.120537
0 0.907259 0.265647 0.107682 0.0950427
1 0.396639 0.137997 0.105163 0.121043
1 0.699649 0.217994 0.121246 0.109052
1 0.398739 0.699289 0.144619 0.131524
1 0.0908125 0.0665978 0.0974183 0.107767
0 0.665589 0.343499 0.126088 0.108263
0 0.519219 0.48332 0.107532 0.103179
1 0.518593 0.483053 0.108532 0.102287
1 0.649756 0.512652 0.107298 0.0976821
1 0.66541 0.342524 0.128532 0.110814
2 0.944133 0.0568011 0.11082 0.112335
0 0.648713 0.514233 0.107899 0.100073
1 0.959936 0.0442305 0.0798235 0.086864
