1 0.620622 0.0997076 0.110786 0.111702
1 0.950605 0.167132 0.0982642 0.111563
1 0.881943 0.281093 0.134992 0.131205
1 0.79297 0.230306 0.132361 0.12749
1 0.661855 0.419583 0.148382 0.148754
1 0.945866 0.330398 0.108268 0.144572
1 0.868611 0.119927 0.121359 0.113444
0 0.28252 0.958414 0.154684 0.0831723
1 0.499325 0.0574678 0.165098 0.1129
1 0.381761 0.200126 0.15749 0.145517
1 0.901813 0.58216 0.122074 0.134363
0 0.481552 0.277177 0.162944 0.180769
1 0.754623 0.476349 0.135089 0.14673
1 0.552453 0.751107 0.116131 0.114707
1 0.558439 0.932798 0.129603 0.133195
1 0.780155 0.924335 0.129552 0.140137
1 0.595571 0.511688 0.153252 0.153607
0 0.597714 0.513057 0.153521 0.15514
0 0.635594 0.820704 0.110428 0.123119
1 0.960407 0.618734 0.0785153 0.145483
1 0.668818 0.0502847 0.152939 0.0999441
1 0.68329 0.584245 0.128796 0.146678
1 0.837531 0.678996 0.136472 0.147485
0 0.685157 0.580353 0.123879 0.138646
1 0.827429 0.509857 0.134825 0.127566
0 0.863233 0.950788 0.129484 0.0984232
1 0.985853 0.393028 0.0278424 0.0664178
