1 0.888679 0.44786 0.152654 0.148267
1 0.474909 0.716567 0.14362 0.149475
1 0.239924 0.670844 0.141169 0.138023
1 0.930768 0.180583 0.138465 0.14685
1 0.601959 0.246115 0.139689 0.136972
1 0.52858 0.860422 0.13669 0.123816
1 0.735325 0.419464 0.15599 0.151514
1 0.679658 0.482563 0.148504 0.145805
1 0.546558 0.322985 0.123008 0.123641
1 0.592815 0.0459417 0.11743 0.0917564
1 0.270592 0.0895154 0.14104 0.139996
1 0.394585 0.493797 0.125902 0.121729
1 0.78211 0.57235 0.120635 0.12096
1 0.160078 0.200489 0.136513 0.130781
1 0.115424 0.268763 0.147476 0.148552
1 0.938303 0.382789 0.123251 0.136918
1 0.443097 0.442807 0.125254 0.119619
1 0.385773 0.27886 0.151554 0.136859
1 0.284725 0.39791 0.1384 0.135352
1 0.738817 0.645396 0.0997152 0.0929601
1 0.821676 0.325086 0.182068 0.194417
1 0.428501 0.228931 0.135468 0.136517
1 0.24665 0.951033 0.128603 0.0975325
1 0.190401 0.727691 0.113175 0.113733
1 0.090695 0.852403 0.11591 0.122068
1 0.220328 0.150779 0.140521 0.131171
1 0.686911 0.701496 0.104954 0.107746
1 0.530876 0.65768 0.127664 0.130515
1 0.421739 0.792281 0.120205 0.121492
1 0.626085 0.741337 0.140692 0.136452
1 0.574475 0.800824 0.129483 0.120921
1 0.642751 0.178217 0.129741 0.119156
1 0.335074 0.555479 0.121463 0.119393
1 0.0659073 0.149556 0.131713 0.195975
1 0.0789497 0.538327 0.10505 0.110105
1 0.827756 0.823927 0.113297 0.119242
1 0.369901 0.844235 0.124121 0.115519
1 0.285318 0.604122 0.140842 0.139294
1 0.224816 0.443545 0.111076 0.12067
1 0.61432 0.536353 0.133788 0.128707
1 0.831143 0.509264 0.127231 0.123338
1 0.959286 0.8585 0.0808244 0.119319
1 0.0535475 0.927107 0.107095 0.123139
1 0.742648 0.94862 0.126594 0.10276
1 0.54649 0.100666 0.141891 0.139731
1 0.965145 0.646913 0.0686995 0.106383
1 0.890977 0.775766 0.142684 0.139141
1 0.328772 0.330627 0.138015 0.126794
1 0.488587 0.160416 0.127762 0.138217
1 0.792767 0.904946 0.131414 0.13766
1 0.0555279 0.321806 0.111056 0.125534
1 0.948275 0.931918 0.103147 0.112013
1 0.488666 0.372297 0.116248 0.119843
1 0.434152 0.960792 0.134766 0.0772722
1 0.705692 0.128462 0.119513 0.119854
1 0.159043 0.49934 0.11274 0.117365
1 0.902258 0.962533 0.116981 0.0745325
1 0.47691 0.918838 0.145829 0.139076
1 0.897467 0.244053 0.134308 0.135589
1 0.114307 0.0636738 0.135238 0.126605
1 0.0442354 0.600194 0.0884708 0.142116
1 0.135453 0.781631 0.133642 0.131279
1 0.574332 0.605844 0.147015 0.136624
1 0.935004 0.716523 0.129441 0.140466
1 0.162772 0.0303715 0.10037 0.0607429
1 0.669666 0.978085 0.0912949 0.0435736
1 0.760974 0.0769142 0.114137 0.113077
1 0.789261 0.0346973 0.112248 0.0693462
1 0.347495 0.0417696 0.113275 0.0831969
1 0.0217314 0.989024 0.0423445 0.0219507
1 0.845055 0.0186419 0.0827689 0.0372838
1 0.196348 0.986367 0.0631959 0.0272593
