0 0.230614 0.685243 0.115856 0.124389
1 0.554789 0.550562 0.129598 0.118113
0 0.166485 0.242612 0.0977904 0.135599
1 0.115368 0.792327 0.12961 0.119393
1 0.161145 0.0878048 0.110728 0.133829
1 0.209889 0.405371 0.11807 0.107384
1 0.326463 0.802083 0.112052 0.114157
1 0.420854 0.947795 0.12204 0.104409
1 0.039328 0.387207 0.0782799 0.0917077
1 0.19414 0.956852 0.120124 0.0856117
1 0.0401732 0.256033 0.0613145 0.0830029
1 0.0410874 0.465143 0.0821749 0.0713159
1 0.467476 0.0130656 0.0956187 0.0261312
