2 0.573615 0.529178 0.20123 0.372902
1 0.067927 0.425217 0.120322 0.140514
1 0.342013 0.54231 0.165414 0.156991
1 0.0714418 0.820132 0.142884 0.189089
1 0.253095 0.61404 0.103554 0.100679
1 0.173438 0.0498494 0.103565 0.0994698
1 0.744548 0.25652 0.169729 0.152249
1 0.0836384 0.0422004 0.102905 0.0841908
1 0.397817 0.458106 0.16445 0.166765
1 0.509735 0.169542 0.155681 0.141269
1 0.273736 0.0511802 0.0866884 0.0959573
1 0.130153 0.742221 0.144089 0.137977
0 0.51045 0.168291 0.15777 0.14305
1 0.758339 0.135713 0.213075 0.152855
1 0.0281763 0.26735 0.055646 0.115024
1 0.20833 0.302999 0.110206 0.119135
1 0.190306 0.666778 0.123807 0.121487
2 0.831729 0.915715 0.173447 0.164415
1 0.831287 0.914996 0.170717 0.16381
1 0.099202 0.257633 0.0882595 0.091344
1 0.794416 0.0603674 0.21635 0.118891
