1 0.0589269 0.677799 0.117854 0.103889
1 0.116227 0.293213 0.114553 0.118232
0 0.560067 0.446496 0.0834234 0.100613
1 0.217508 0.22249 0.1432 0.113891
0 0.693477 0.0797247 0.140431 0.131613
1 0.204027 0.325032 0.111337 0.122353
1 0.395012 0.401165 0.12977 0.117219
0 0.286739 0.634197 0.1568 0.156881
1 0.261561 0.747651 0.146276 0.115991
1 0.200129 0.928039 0.138323 0.118433
1 0.101079 0.53704 0.116563 0.140723
0 0.663567 0.473647 0.0975227 0.105092
1 0.398847 0.862293 0.147918 0.108309
1 0.040349 0.51152 0.080698 0.11527
1 0.758389 0.514211 0.132741 0.118775
1 0.177977 0.060267 0.126618 0.120534
1 0.457835 0.231928 0.113141 0.0904967
0 0.795976 0.367057 0.0826302 0.103803
1 0.225104 0.837669 0.129763 0.106602
1 0.0368261 0.272257 0.0736523 0.0994563
0 0.941369 0.160318 0.0984094 0.116548
2 0.802207 0.772234 0.395587 0.444206
0 0.505093 0.430878 0.0897685 0.107719
1 0.352509 0.0336873 0.090103 0.0668473
1 0.069347 0.170042 0.116308 0.10276
1 0.500834 0.159678 0.10299 0.0978854
1 0.505303 0.429817 0.0866462 0.104741
0 0.829549 0.123147 0.0937159 0.112257
1 0.150535 0.971604 0.120491 0.0565863
1 0.855707 0.380401 0.0764257 0.101195
0 0.574988 0.305161 0.0843275 0.116139
1 0.534664 0.0669607 0.117084 0.125969
0 0.890073 0.133576 0.0781231 0.107706
0 0.040518 0.749175 0.0807535 0.0879879
0 0.615101 0.458984 0.0832372 0.105016
1 0.0314941 0.827817 0.0628745 0.0982972
0 0.534818 0.0668292 0.113206 0.125943
0 0.377456 0.946006 0.114688 0.106446
0 0.857905 0.378915 0.0787952 0.104377
1 0.86449 0.0136699 0.122362 0.027272
2 0.960218 0.953032 0.0782921 0.093935
0 0.445434 0.0452524 0.119167 0.0901763
0 0.423909 0.665758 0.136327 0.139349
1 0.422712 0.664759 0.133463 0.137891
1 0.780113 0.0999484 0.0775455 0.100312
1 0.042474 0.750088 0.0846732 0.0862838
1 0.434199 0.303337 0.124845 0.100302
1 0.44568 0.045858 0.124753 0.0912296
0 0.713018 0.344375 0.132771 0.121805
1 0.714277 0.342995 0.131449 0.119551
