2 0.0914552 0.786459 0.181934 0.340008
1 0.0885551 0.313483 0.165218 0.176546
2 0.584088 0.729313 0.251261 0.253097
2 0.735658 0.8846 0.236811 0.230801
1 0.855265 0.657052 0.185622 0.195972
1 0.936275 0.105457 0.118503 0.130113
1 0.0785176 0.0606754 0.156608 0.121096
1 0.391747 0.549031 0.18505 0.185125
1 0.232566 0.498838 0.115854 0.124743
3 0.251349 0.897472 0.167479 0.157659
3 0.567767 0.485509 0.384609 0.354311
3 0.254154 0.208045 0.247046 0.235873
1 0.0451072 0.176959 0.0902144 0.130433
2 0.390894 0.548178 0.185819 0.186205
1 0.256252 0.20587 0.24532 0.236458
1 0.962343 0.975469 0.0745419 0.0490621
1 0.847057 0.924164 0.175811 0.151059
