1 0.191174 0.667026 0.144278 0.119936
1 0.769684 0.829232 0.149016 0.122057
1 0.367675 0.572277 0.140684 0.120985
0 0.71768 0.47176 0.157556 0.129433
1 0.836472 0.660899 0.178033 0.133887
1 0.807625 0.22896 0.145056 0.108223
0 0.958044 0.325907 0.080915 0.127105
1 0.50123 0.794978 0.134924 0.112644
1 0.332343 0.500512 0.136416 0.12149
1 0.317206 0.900971 0.15823 0.131197
1 0.523302 0.866684 0.168217 0.114921
1 0.0631794 0.435656 0.126359 0.122609
1 0.774125 0.309806 0.131253 0.112465
0 0.368472 0.084506 0.155275 0.142482
1 0.14379 0.586981 0.157573 0.137159
1 0.438774 0.725082 0.177634 0.128916
1 0.883541 0.571425 0.135775 0.1085
1 0.17573 0.194287 0.133176 0.126657
1 0.283891 0.81743 0.170488 0.139638
1 0.920743 0.493862 0.123627 0.106265
1 0.254984 0.348696 0.122532 0.110565
1 0.67549 0.649258 0.158244 0.124203
1 0.293536 0.427967 0.133288 0.116871
0 0.891282 0.0866402 0.18026 0.142676
1 0.406988 0.647682 0.128916 0.116533
1 0.372082 0.195009 0.0883874 0.0853645
1 0.235612 0.738542 0.156431 0.136367
1 0.679218 0.545736 0.142828 0.111997
1 0.752508 0.393168 0.164291 0.126029
1 0.223807 0.268415 0.130052 0.0977393
1 0.100357 0.513022 0.133107 0.113559
1 0.804589 0.745642 0.171062 0.131539
0 0.613273 0.11559 0.16156 0.132364
1 0.704706 0.973125 0.120831 0.0534445
1 0.85202 0.15848 0.155294 0.130239
1 0.534924 0.285308 0.134105 0.120264
1 0.944393 0.413152 0.110782 0.122479
1 0.583152 0.205953 0.124719 0.10982
1 0.0613896 0.0572733 0.122342 0.114205
0 0.9459 0.940352 0.107859 0.118085
1 0.109269 0.981832 0.0974705 0.0358381
0 0.0355088 0.25878 0.0703944 0.101058
1 0.555185 0.9422 0.138064 0.114822
0 0.0676625 0.934973 0.133819 0.123367
1 0.636912 0.0506546 0.16189 0.100491
0 0.360705 0.958736 0.140661 0.0809195
1 0.0662342 0.935181 0.132468 0.121937
1 0.975269 0.80187 0.0491605 0.127533
0 0.1199 0.126593 0.134459 0.113492
1 0.363786 0.957766 0.148273 0.0844682
