1 0.208363 0.739424 0.172871 0.185333
1 0.69974 0.289305 0.102238 0.101262
1 0.927725 0.301273 0.14455 0.161631
1 0.282153 0.441346 0.210511 0.178202
1 0.0703765 0.548946 0.140753 0.138203
1 0.369963 0.855543 0.141524 0.142284
1 0.583015 0.547846 0.167056 0.167327
1 0.140343 0.178329 0.118008 0.143309
1 0.804981 0.656784 0.139207 0.132503
1 0.235115 0.166432 0.110891 0.13255
1 0.749978 0.842215 0.137677 0.128914
1 0.292129 0.790696 0.140246 0.131998
1 0.0348976 0.454035 0.0697953 0.116497
1 0.128737 0.637387 0.152879 0.149845
1 0.527884 0.122373 0.118495 0.189765
1 0.0650946 0.935439 0.129898 0.128003
1 0.433552 0.604391 0.0895649 0.0885999
1 0.192068 0.335998 0.0927453 0.109775
1 0.445117 0.910773 0.148654 0.146548
1 0.906103 0.937264 0.161512 0.123126
1 0.838134 0.350669 0.11952 0.113081
1 0.335895 0.14274 0.11859 0.132841
1 0.66469 0.804499 0.139784 0.154369
1 0.818275 0.907527 0.13165 0.127258
1 0.37874 0.509086 0.137649 0.147196
1 0.909358 0.0733458 0.115238 0.143554
1 0.766454 0.248977 0.0877664 0.0787189
1 0.511869 0.628193 0.149553 0.142888
1 0.72218 0.108622 0.104421 0.11957
0 0.428447 0.147433 0.11924 0.187571
1 0.965883 0.584908 0.0674522 0.153897
1 0.747951 0.405325 0.14933 0.149239
1 0.256199 0.313629 0.113967 0.0992227
1 0.90612 0.61525 0.178387 0.193941
1 0.966068 0.962545 0.0672688 0.074526
0 0.62277 0.0880189 0.119979 0.12697
1 0.124713 0.886015 0.0762104 0.074986
1 0.530706 0.937747 0.180976 0.122976
1 0.620967 0.0870495 0.116717 0.126852
1 0.818422 0.0710468 0.0844281 0.14168
0 0.820992 0.0719131 0.0903389 0.14213
1 0.712604 0.721483 0.116674 0.119371
1 0.427926 0.148203 0.113264 0.185114
0 0.528183 0.121563 0.117352 0.187808
1 0.62778 0.436244 0.0978718 0.0967302
1 0.134587 0.967359 0.0935428 0.0648723
1 0.662076 0.470179 0.17195 0.175828
