1 0.579342 0.591938 0.19463 0.197191
0 0.633707 0.0540732 0.196601 0.107103
0 0.80349 0.772065 0.0938604 0.0817302
0 0.869277 0.605065 0.172755 0.169451
1 0.745297 0.225359 0.16624 0.144067
1 0.408201 0.798042 0.230574 0.186714
1 0.784215 0.13517 0.190303 0.141724
1 0.681512 0.965231 0.146389 0.0692182
0 0.716825 0.840723 0.146459 0.178549
0 0.935206 0.378029 0.128726 0.140243
1 0.378911 0.96828 0.187337 0.0626745
1 0.955924 0.279876 0.0874543 0.127511
1 0.0536808 0.760964 0.105813 0.173295
1 0.0862879 0.925342 0.172576 0.148791
2 0.235962 0.471857 0.241143 0.244354
0 0.820815 0.856648 0.122367 0.123433
1 0.237536 0.471019 0.239359 0.242119
1 0.99064 0.825971 0.0187204 0.085768
1 0.81568 0.855906 0.120283 0.111758
1 0.96804 0.0335334 0.0634869 0.0663897
2 0.0864092 0.928338 0.172612 0.142293
1 0.982289 0.932215 0.0351121 0.103172
