0 0.478023 0.173612 0.0942525 0.115491
1 0.769535 0.539962 0.0776176 0.110414
1 0.600183 0.534548 0.080192 0.0993367
1 0.118198 0.27472 0.101902 0.0786214
1 0.127984 0.616087 0.162604 0.0827219
1 0.492007 0.318686 0.0897047 0.110313
1 0.690787 0.911188 0.0755622 0.0898259
1 0.134921 0.440531 0.149284 0.0851996
1 0.312114 0.957489 0.129674 0.0837344
1 0.136088 0.52826 0.15125 0.0881276
1 0.158964 0.96093 0.142404 0.0777371
1 0.602452 0.924592 0.0808878 0.133476
1 0.933293 0.158665 0.08855 0.112237
1 0.946399 0.528728 0.0849483 0.0963635
1 0.512004 0.547076 0.0793097 0.107023
1 0.107854 0.358711 0.106908 0.0800542
1 0.776509 0.91806 0.0848624 0.0966333
1 0.140909 0.789729 0.143361 0.0803165
1 0.934185 0.316676 0.0821372 0.108938
1 0.579276 0.313853 0.0839881 0.121881
1 0.957896 0.919464 0.0835828 0.12403
1 0.857073 0.533681 0.0875561 0.100389
1 0.843985 0.326161 0.0882242 0.118109
1 0.688018 0.551307 0.0749755 0.117726
1 0.842224 0.162749 0.079253 0.133702
1 0.860203 0.689546 0.0839825 0.130505
1 0.752724 0.304882 0.0839705 0.132548
1 0.426215 0.563952 0.0837689 0.130801
1 0.314941 0.875793 0.105962 0.0771544
1 0.693254 0.688213 0.0928245 0.129923
1 0.776992 0.692918 0.0821311 0.13095
1 0.520455 0.703034 0.0730358 0.110194
1 0.86433 0.930261 0.0891736 0.137321
1 0.264737 0.545406 0.0939826 0.118514
1 0.288877 0.353761 0.127481 0.0831138
1 0.146926 0.875085 0.149662 0.0815904
1 0.666305 0.169514 0.0896894 0.130322
1 0.114471 0.174589 0.0871609 0.0840749
1 0.602048 0.698983 0.0856909 0.115985
1 0.145847 0.706043 0.135107 0.0847411
1 0.950089 0.683792 0.088864 0.132376
1 0.753387 0.170085 0.0840175 0.132364
1 0.436584 0.691467 0.0807624 0.116798
1 0.506934 0.929534 0.108313 0.118473
0 0.318298 0.761664 0.123319 0.113909
1 0.276732 0.161453 0.110842 0.0882801
0 0.344122 0.56071 0.0829227 0.122977
1 0.285059 0.263754 0.109169 0.0805311
1 0.317763 0.760821 0.125407 0.112915
0 0.575438 0.178632 0.0880313 0.143337
1 0.575974 0.176132 0.0856812 0.141331
1 0.666664 0.316729 0.0905235 0.133555
1 0.987398 0.311687 0.0247526 0.104111
1 0.348446 0.560176 0.0693599 0.11938
