2 0.342706 0.826682 0.44763 0.346637
1 0.0860596 0.466492 0.124308 0.111097
2 0.416342 0.463114 0.159682 0.165422
1 0.843633 0.216864 0.0990968 0.130265
1 0.15151 0.300088 0.152958 0.137467
1 0.785223 0.0405975 0.0938745 0.0811949
1 0.657435 0.16554 0.119668 0.127966
1 0.10846 0.375036 0.136781 0.140512
1 0.756602 0.189308 0.103864 0.146021
1 0.926515 0.221821 0.0872109 0.142162
1 0.0533472 0.564106 0.106694 0.136623
1 0.0800217 0.20598 0.153608 0.170736
1 0.518936 0.0303179 0.153451 0.0606357
1 0.948529 0.0597183 0.0984788 0.117913
1 0.871968 0.0419474 0.0836389 0.0838948
1 0.508104 0.105518 0.169381 0.107788
0 0.975766 0.229832 0.0481054 0.152077
0 0.336151 0.622247 0.0870025 0.106045
1 0.625587 0.937274 0.0717301 0.0660658
1 0.20064 0.233466 0.120992 0.113146
2 0.668236 0.51623 0.112776 0.267506
1 0.0413722 0.0975735 0.0827444 0.0971889
1 0.585971 0.580594 0.108731 0.0838513
