2 0.747743 0.141142 0.249566 0.12637
2 0.711035 0.341537 0.233034 0.120478
0 0.359671 0.746769 0.103616 0.123478
0 0.885795 0.861371 0.114149 0.137682
1 0.446073 0.771087 0.100613 0.13745
1 0.792774 0.858813 0.0871273 0.0916824
1 0.243456 0.938015 0.106871 0.123145
0 0.274365 0.723837 0.11323 0.143596
0 0.70852 0.820807 0.10392 0.158668
0 0.172526 0.703861 0.0672294 0.0921564
3 0.105707 0.219761 0.0859151 0.171548
1 0.412318 0.96075 0.0914047 0.0775928
1 0.534483 0.774483 0.105437 0.145331
1 0.0320897 0.664895 0.0641794 0.114235
0 0.686666 0.504934 0.118174 0.157659
1 0.0385128 0.963788 0.0768509 0.0718638
1 0.971603 0.893973 0.056566 0.091491
1 0.626318 0.804684 0.0986977 0.136077
3 0.434336 0.147017 0.30935 0.206231
1 0.0987467 0.691497 0.0920995 0.113045
0 0.0976399 0.691375 0.0885664 0.110687
1 0.609937 0.985851 0.119069 0.0280306
2 0.334222 0.408626 0.667167 0.196922
0 0.0318919 0.665842 0.0637837 0.114733
1 0.282933 0.398857 0.10085 0.0896916
