1 0.337222 0.2284 0.15027 0.106033
1 0.835163 0.812007 0.144287 0.107231
1 0.537584 0.566525 0.131427 0.106828
1 0.744855 0.255105 0.143057 0.107983
1 0.910782 0.328086 0.129468 0.102824
1 0.767897 0.43108 0.134109 0.0942503
1 0.93408 0.595089 0.131445 0.0940493
1 0.791324 0.616231 0.125407 0.0992401
1 0.326635 0.133926 0.156277 0.106398
1 0.370646 0.497143 0.134692 0.10695
1 0.837031 0.908432 0.135672 0.102321
1 0.412246 0.770775 0.135153 0.112456
1 0.783969 0.526377 0.132841 0.110009
1 0.570607 0.738297 0.145445 0.088779
1 0.300869 0.0508109 0.133217 0.09504
1 0.384919 0.586758 0.136823 0.106437
1 0.160171 0.711746 0.150408 0.100574
1 0.577831 0.85529 0.129559 0.095093
1 0.5597 0.653154 0.150709 0.11005
1 0.358743 0.405132 0.150736 0.106081
1 0.905562 0.235201 0.121788 0.0942006
1 0.0830421 0.172021 0.153519 0.0943986
1 0.170573 0.915622 0.126469 0.0965173
1 0.470238 0.114353 0.132035 0.101575
1 0.497266 0.204805 0.142656 0.0936659
1 0.879772 0.140776 0.128948 0.0869826
1 0.705627 0.0865498 0.11495 0.0878585
1 0.953934 0.787173 0.0910568 0.0844879
1 0.177468 0.807601 0.154658 0.111185
1 0.153547 0.624553 0.145756 0.0953023
1 0.0396501 0.830628 0.0791231 0.103684
1 0.0334889 0.728496 0.0669778 0.0877231
1 0.812227 0.70373 0.131489 0.101523
1 0.0712636 0.0915682 0.142527 0.0881937
1 0.719813 0.169127 0.11267 0.0882983
1 0.0853776 0.258698 0.149441 0.100705
1 0.851829 0.972286 0.126112 0.0552402
1 0.436421 0.956966 0.143024 0.0857522
1 0.0294927 0.640179 0.0589853 0.0867636
1 0.487963 0.294509 0.119917 0.089049
1 0.0819707 0.352372 0.147011 0.100482
1 0.460997 0.0364413 0.109961 0.0727778
1 0.929791 0.50119 0.114167 0.0923243
1 0.121203 0.536549 0.153042 0.107342
1 0.386519 0.678764 0.167142 0.106662
1 0.506752 0.382674 0.123065 0.0976784
1 0.967106 0.963986 0.0645132 0.0706513
1 0.342913 0.315124 0.142149 0.101769
1 0.754588 0.349389 0.140486 0.0922199
1 0.849256 0.0454192 0.147961 0.0889628
1 0.0338452 0.925675 0.0676903 0.0766639
1 0.915215 0.417891 0.127907 0.085472
1 0.423285 0.871761 0.13678 0.0867077
1 0.511762 0.467362 0.151013 0.0925693
1 0.0550228 0.0265503 0.110046 0.0527833
1 0.94025 0.688381 0.118394 0.121849
1 0.697822 0.0183856 0.121133 0.0364303
1 0.180643 0.972731 0.128392 0.0540428
1 0.024989 0.548744 0.0496285 0.0940523
1 0.105516 0.42265 0.11079 0.0592334
1 0.013487 0.459721 0.0267609 0.0913196
1 0.587894 0.941533 0.143958 0.100612
0 0.954258 0.876319 0.0907011 0.10716
1 0.954377 0.876561 0.0908316 0.109088
1 0.106619 0.447379 0.164122 0.109169
1 0.63292 0.98503 0.082823 0.0299393
