0 0.903831 0.515633 0.0774159 0.08943
0 0.80755 0.30557 0.117185 0.112653
1 0.896325 0.707679 0.115374 0.0848919
1 0.908497 0.789309 0.110639 0.0833991
0 0.078924 0.224326 0.0977356 0.114909
1 0.269957 0.0433526 0.115989 0.086694
0 0.67438 0.0455628 0.154816 0.0907182
0 0.48657 0.152922 0.100532 0.10382
0 0.906763 0.891645 0.116405 0.0924232
0 0.343094 0.924711 0.135578 0.149888
1 0.0745548 0.688514 0.116471 0.106156
1 0.59935 0.912292 0.069679 0.06566
0 0.551323 0.827948 0.0983374 0.0923865
0 0.646284 0.165268 0.11891 0.122624
0 0.712962 0.802272 0.10675 0.129056
1 0.899319 0.617716 0.100172 0.0860922
1 0.667661 0.417127 0.103008 0.0824887
1 0.57886 0.266906 0.0988059 0.101299
1 0.785289 0.97463 0.116247 0.0504026
1 0.632947 0.837575 0.0985107 0.125889
1 0.48368 0.864257 0.0948274 0.0983895
1 0.713307 0.803041 0.112105 0.133924
1 0.962639 0.200739 0.0740923 0.132133
0 0.483287 0.86822 0.10154 0.107749
0 0.899759 0.615452 0.0965202 0.0915642
0 0.633969 0.8376 0.0944598 0.125932
0 0.963601 0.200082 0.070858 0.129028
0 0.706255 0.658384 0.099982 0.0996273
1 0.031212 0.96504 0.0614097 0.0695803
