2 0.548641 0.302826 0.184907 0.237928
2 0.314861 0.628737 0.246163 0.194598
3 0.787203 0.34671 0.3212 0.171521
0 0.0941481 0.117132 0.131269 0.160419
1 0.283954 0.394117 0.144655 0.146923
0 0.12969 0.392958 0.160479 0.111089
1 0.340173 0.215508 0.155104 0.143524
2 0.935887 0.509023 0.124239 0.41911
2 0.0648378 0.721079 0.12877 0.237918
0 0.0440622 0.32608 0.0869364 0.11451
0 0.217737 0.109758 0.137643 0.127539
2 0.284504 0.394849 0.146436 0.146446
2 0.338911 0.213691 0.157626 0.143075
1 0.0958588 0.117946 0.133122 0.162166
3 0.934549 0.508232 0.130901 0.426136
1 0.688211 0.23209 0.0698769 0.0696011
3 0.707448 0.473972 0.517704 0.424568
2 0.708538 0.553927 0.521742 0.23669
