0 0.293444 0.409763 0.121705 0.0959908
1 0.313164 0.23013 0.131955 0.0877421
1 0.88174 0.0701505 0.156523 0.109746
1 0.612346 0.22349 0.134491 0.100007
1 0.312539 0.32488 0.128012 0.102636
1 0.0480271 0.560669 0.0960542 0.122599
1 0.828832 0.317524 0.162932 0.107643
1 0.845532 0.150905 0.122172 0.100546
1 0.596666 0.303056 0.130769 0.077324
1 0.0715824 0.33396 0.142645 0.117929
1 0.311705 0.135242 0.121055 0.085312
1 0.835298 0.228166 0.147999 0.0859542
1 0.562408 0.0724617 0.0997587 0.119416
0 0.0591495 0.831612 0.115404 0.124863
1 0.235684 0.523508 0.137579 0.139136
3 0.138218 0.88755 0.123909 0.161115
1 0.563615 0.474429 0.126819 0.0869256
0 0.234123 0.523202 0.132762 0.13673
1 0.641437 0.0883912 0.113282 0.120635
1 0.776744 0.515845 0.132907 0.102513
1 0.366231 0.606422 0.0622286 0.0574657
1 0.100029 0.138364 0.11805 0.116405
0 0.290601 0.0397776 0.126657 0.0781479
0 0.574492 0.389966 0.117252 0.0906161
1 0.774079 0.561853 0.142998 0.197806
2 0.100195 0.138277 0.120295 0.116654
0 0.554871 0.549063 0.132962 0.0966065
0 0.773613 0.594743 0.14646 0.138099
0 0.250753 0.0149636 0.116244 0.0297306
1 0.573864 0.392301 0.115025 0.0918568
