1 0.11337 0.584544 0.17139 0.146823
1 0.504027 0.898117 0.194881 0.196504
1 0.188437 0.167949 0.19066 0.188057
1 0.457358 0.313281 0.184076 0.193032
1 0.774611 0.444073 0.147707 0.18049
1 0.729279 0.0662951 0.198591 0.131097
1 0.323716 0.0717954 0.148649 0.143591
1 0.122548 0.790859 0.233879 0.184771
1 0.867726 0.764575 0.157316 0.148655
0 0.427054 0.743311 0.158795 0.195762
1 0.269614 0.116615 0.131524 0.119604
1 0.135914 0.203386 0.202735 0.210853
0 0.926838 0.45638 0.145644 0.147899
1 0.678558 0.654878 0.181036 0.175065
1 0.702974 0.471282 0.0940531 0.137141
1 0.584481 0.184615 0.201823 0.217878
1 0.978538 0.744433 0.0426104 0.130666
1 0.130373 0.249467 0.122251 0.124168
1 0.923145 0.157043 0.0993445 0.105606
1 0.895288 0.173486 0.202221 0.18044
0 0.30737 0.972913 0.132584 0.0537366
1 0.936511 0.970132 0.120274 0.059375
0 0.0316806 0.307543 0.0627674 0.116313
1 0.97969 0.155705 0.0398937 0.0623569
1 0.182106 0.31696 0.103705 0.100422
1 0.425692 0.743493 0.152315 0.193717
0 0.978923 0.748269 0.0418929 0.122755
1 0.951772 0.265681 0.065152 0.0662823
