1 0.614552 0.90891 0.144463 0.10836
1 0.578718 0.632775 0.142946 0.115754
1 0.494306 0.151652 0.146084 0.0983349
1 0.14713 0.629515 0.126096 0.0975221
1 0.605276 0.728967 0.129223 0.0916851
1 0.405929 0.850044 0.143761 0.100968
1 0.160106 0.723984 0.132434 0.0962193
1 0.824034 0.629951 0.127707 0.0903685
1 0.136298 0.454608 0.103171 0.0916999
1 0.0385722 0.939319 0.0771444 0.119274
1 0.74448 0.380106 0.13317 0.135784
1 0.182699 0.89968 0.121328 0.101899
1 0.418776 0.937683 0.141683 0.0946037
1 0.676419 0.43933 0.120468 0.133503
1 0.597527 0.816946 0.158288 0.102074
1 0.488894 0.0609805 0.115333 0.0908184
1 0.363169 0.493975 0.121796 0.0897593
1 0.370561 0.671682 0.130632 0.0875385
1 0.172236 0.806367 0.106178 0.0894823
1 0.347941 0.39921 0.122028 0.0994609
1 0.144186 0.542067 0.0957533 0.0831301
0 0.326131 0.294577 0.187368 0.143143
1 0.374673 0.58394 0.166472 0.0972779
1 0.690461 0.214876 0.0951102 0.12705
1 0.0829828 0.252565 0.0889516 0.122378
1 0.848069 0.797165 0.13789 0.0815034
1 0.181881 0.975416 0.134883 0.0489714
1 0.945676 0.169891 0.0952259 0.111908
0 0.862721 0.379543 0.11958 0.187472
1 0.550495 0.239489 0.18028 0.0923072
1 0.863262 0.380354 0.119558 0.185171
1 0.970716 0.598215 0.0580128 0.0886712
1 0.863127 0.172897 0.0931562 0.115012
1 0.174734 0.244719 0.107086 0.110413
1 0.847938 0.880657 0.139496 0.0846806
1 0.387068 0.762999 0.158945 0.0881721
1 0.826146 0.692147 0.12688 0.0470355
1 0.859203 0.981064 0.130306 0.0374745
1 0.780016 0.190574 0.0918818 0.115238
1 0.363838 0.291494 0.110888 0.0926107
0 0.779362 0.190084 0.094568 0.116596
1 0.616354 0.981473 0.121874 0.0369861
