1 0.766881 0.0619765 0.152073 0.0966385
1 0.938313 0.163942 0.120519 0.0839831
1 0.442359 0.235203 0.0851035 0.125288
1 0.437986 0.656868 0.117235 0.128847
1 0.0392103 0.63974 0.0774551 0.145451
1 0.962058 0.813752 0.0748907 0.111335
1 0.0444594 0.395029 0.0877896 0.124232
1 0.130726 0.649472 0.0979947 0.139439
1 0.435268 0.401319 0.0898178 0.13493
1 0.763891 0.158711 0.148007 0.0849716
1 0.241814 0.236679 0.103141 0.13853
1 0.67526 0.809736 0.0731432 0.11593
1 0.532621 0.399601 0.0966259 0.152249
1 0.0379349 0.806782 0.0758699 0.137606
1 0.938652 0.0680921 0.109853 0.1058
1 0.749488 0.813489 0.0716641 0.11936
1 0.928667 0.250924 0.11202 0.0866291
1 0.706791 0.656382 0.0739645 0.114254
1 0.139377 0.406626 0.0977348 0.132751
1 0.902574 0.411 0.0899665 0.130659
1 0.325473 0.657564 0.107866 0.166671
1 0.714224 0.399212 0.0931814 0.147381
1 0.630306 0.399539 0.0979991 0.155046
1 0.416859 0.81589 0.101277 0.105066
1 0.0498221 0.227803 0.0969363 0.154298
1 0.312991 0.812817 0.0922104 0.140027
1 0.538958 0.228938 0.10535 0.1155
1 0.35158 0.0282969 0.112444 0.0560928
1 0.351841 0.236582 0.110019 0.139547
1 0.825744 0.679643 0.0592022 0.0890005
1 0.119019 0.812952 0.0837426 0.117831
1 0.810327 0.400913 0.0883119 0.14403
1 0.634154 0.664689 0.0800946 0.166021
1 0.0554229 0.026006 0.109181 0.051679
1 0.452489 0.0279986 0.0971022 0.0553975
1 0.343608 0.389589 0.100007 0.157089
1 0.14104 0.232676 0.0929651 0.145943
1 0.549055 0.0276941 0.0831195 0.0549588
1 0.22788 0.647952 0.0902594 0.163767
1 0.818054 0.811082 0.0750757 0.112426
0 0.555044 0.669333 0.0906036 0.156488
0 0.218491 0.812082 0.0909663 0.133618
0 0.22593 0.649754 0.0921483 0.167855
1 0.980082 0.663509 0.0394282 0.126997
1 0.906773 0.671295 0.0872833 0.117719
0 0.761681 0.252596 0.161025 0.106312
1 0.239843 0.388105 0.10971 0.149288
0 0.907715 0.670698 0.0863166 0.117852
1 0.761613 0.249792 0.157093 0.100003
1 0.250029 0.0279991 0.105514 0.0558475
1 0.973084 0.427479 0.0532705 0.106305
0 0.817386 0.810845 0.0730717 0.111591
0 0.344464 0.390736 0.0988227 0.158368
0 0.765787 0.983792 0.137234 0.0322417
