1 0.343367 0.889142 0.126307 0.137743
1 0.390789 0.473559 0.0728636 0.0675265
1 0.582993 0.168356 0.189034 0.179901
1 0.692839 0.615572 0.100446 0.105729
1 0.431697 0.227706 0.122347 0.117331
0 0.629785 0.475038 0.139528 0.147302
1 0.70138 0.303795 0.117212 0.108448
0 0.540092 0.0190545 0.119693 0.0377892
1 0.666908 0.740635 0.134611 0.127849
1 0.351384 0.566878 0.112221 0.109266
0 0.852702 0.970211 0.0921254 0.0595789
1 0.494742 0.734178 0.124629 0.134807
1 0.599288 0.820463 0.0803233 0.0660747
1 0.936629 0.68143 0.0966618 0.115237
1 0.842819 0.384376 0.129021 0.120133
1 0.494091 0.933396 0.0851669 0.110064
1 0.800799 0.717382 0.0383927 0.0673512
0 0.56066 0.584386 0.115067 0.112014
1 0.55988 0.583272 0.112046 0.115266
0 0.93864 0.682018 0.0966504 0.115426
1 0.0175492 0.322805 0.0348896 0.0969679
0 0.801417 0.529171 0.138235 0.14769
