2 0.406475 0.0704611 0.303204 0.140922
0 0.510564 0.372496 0.057794 0.0639399
0 0.139411 0.646633 0.114247 0.13037
0 0.781967 0.245566 0.143314 0.110241
1 0.237739 0.388944 0.148029 0.144019
0 0.828647 0.184171 0.054914 0.0671164
1 0.492086 0.480077 0.152107 0.146869
1 0.611145 0.36008 0.0981793 0.0957236
1 0.98276 0.0781143 0.0338951 0.0854794
0 0.217194 0.589048 0.0691589 0.0571703
0 0.175608 0.220423 0.114606 0.111057
0 0.612233 0.359458 0.0978544 0.0974423
1 0.174953 0.221215 0.113238 0.111015
2 0.237073 0.387868 0.146329 0.146886
