2 0.863304 0.908613 0.273393 0.181421
1 0.182006 0.0735467 0.0958595 0.116439
1 0.725958 0.582251 0.0796193 0.0934578
1 0.326286 0.201 0.0944881 0.113958
1 0.711081 0.244981 0.100767 0.0811393
1 0.879255 0.134375 0.0897708 0.123054
1 0.544171 0.102571 0.0965374 0.118623
1 0.878779 0.322578 0.131693 0.0677633
1 0.863618 0.411659 0.150074 0.0956606
0 0.740516 0.090982 0.100549 0.11677
1 0.704431 0.346733 0.1337 0.0903741
1 0.340938 0.0776225 0.0841501 0.127456
1 0.943483 0.14368 0.0870204 0.140938
1 0.826123 0.115847 0.0723431 0.0930913
2 0.222483 0.843608 0.202726 0.13148
1 0.541645 0.222163 0.0829911 0.113752
1 0.740577 0.0910397 0.0980861 0.117879
1 0.162594 0.184806 0.126122 0.116518
3 0.224829 0.844818 0.202546 0.129612
