2 0.0835817 0.138508 0.167163 0.231028
2 0.66911 0.584186 0.184754 0.168324
1 0.836273 0.529245 0.182338 0.155696
1 0.059521 0.799227 0.118634 0.137609
2 0.315261 0.350485 0.187006 0.156935
2 0.780992 0.944683 0.19059 0.109168
1 0.908515 0.0833727 0.177955 0.165944
1 0.925955 0.763425 0.146655 0.140865
1 0.715245 0.698998 0.194895 0.159252
2 0.592861 0.370324 0.186006 0.196088
1 0.745632 0.316563 0.215122 0.177473
1 0.881056 0.65228 0.199251 0.161116
1 0.512119 0.912072 0.163026 0.15432
1 0.115151 0.964766 0.134452 0.0704688
1 0.94085 0.256353 0.118301 0.167049
2 0.348488 0.471589 0.194212 0.172307
1 0.18262 0.507084 0.226712 0.223893
1 0.0947198 0.272198 0.168546 0.106625
1 0.112812 0.33327 0.173849 0.115882
1 0.247821 0.750195 0.172698 0.156232
1 0.668187 0.582621 0.185123 0.167616
1 0.732525 0.208988 0.13006 0.0893207
1 0.466847 0.812783 0.177372 0.121592
1 0.427414 0.683437 0.178553 0.160973
1 0.679832 0.0664898 0.142149 0.115286
1 0.282046 0.85486 0.169065 0.149926
1 0.593425 0.369798 0.187033 0.196901
2 0.424929 0.686558 0.171375 0.165995
0 0.466416 0.812526 0.178954 0.122885
1 0.976136 0.471547 0.0472019 0.155639
1 0.140054 0.387009 0.178442 0.103186
1 0.740425 0.794819 0.199552 0.108898
0 0.710622 0.37589 0.0916009 0.0974614
1 0.558938 0.987642 0.0965708 0.024627
1 0.158301 0.457634 0.179325 0.110568
1 0.711688 0.374474 0.0921538 0.0980711
1 0.514895 0.153136 0.221208 0.229307
0 0.940416 0.254756 0.118305 0.165746
1 0.0211606 0.980991 0.0417086 0.038018
2 0.514427 0.153537 0.217373 0.231134
1 0.362446 0.950198 0.148111 0.0969936
