1 0.487445 0.522595 0.0885993 0.0809774
1 0.464949 0.839832 0.144776 0.0997384
1 0.744921 0.606565 0.1469 0.0987856
2 0.88915 0.0421482 0.221514 0.0842963
1 0.229934 0.940169 0.147804 0.119662
0 0.182914 0.182181 0.110947 0.140694
1 0.735275 0.501103 0.16074 0.11587
1 0.29958 0.867622 0.115318 0.0812308
1 0.0678149 0.661554 0.135088 0.108538
1 0.377082 0.542335 0.118247 0.125419
1 0.0708463 0.928269 0.140716 0.142919
1 0.488444 0.75897 0.115861 0.0991307
0 0.0975774 0.420188 0.101779 0.124469
0 0.348006 0.255371 0.134612 0.160723
1 0.726133 0.712586 0.139405 0.115045
1 0.0374088 0.382674 0.0748177 0.131486
0 0.70506 0.406206 0.157757 0.11562
1 0.488155 0.677243 0.162432 0.110098
0 0.0409254 0.109253 0.0818508 0.147365
1 0.706133 0.406787 0.153132 0.116337
1 0.413256 0.293522 0.126128 0.143658
1 0.0601174 0.560242 0.113102 0.0654743
1 0.311379 0.77349 0.152969 0.11681
2 0.0713237 0.92801 0.141807 0.142992
0 0.287044 0.514224 0.0944742 0.121113
0 0.098176 0.1649 0.0960663 0.120516
2 0.723218 0.714797 0.137871 0.115996
1 0.449053 0.925657 0.112395 0.0768905
1 0.423114 0.975248 0.158635 0.049088
0 0.413297 0.294154 0.130968 0.147989
1 0.095967 0.419819 0.105847 0.122456
1 0.165264 0.95985 0.0886836 0.0798333
1 0.262003 0.242438 0.142785 0.179238
1 0.309963 0.640888 0.0842884 0.0430281
1 0.0377638 0.843054 0.0755276 0.102937
0 0.263031 0.236572 0.13586 0.172287
2 0.928693 0.86992 0.141732 0.256517
0 0.482231 0.673369 0.149712 0.102429
0 0.708549 0.80263 0.131852 0.0982682
2 0.735289 0.499806 0.161154 0.11725
