0 0.730536 0.102458 0.116836 0.097604
2 0.189987 0.918339 0.379974 0.162328
1 0.81768 0.202605 0.1059 0.11591
1 0.746439 0.247299 0.0938094 0.114438
1 0.85836 0.615793 0.15535 0.133084
1 0.519377 0.0458806 0.108603 0.0916626
1 0.957554 0.134298 0.0843695 0.0829981
1 0.79838 0.519563 0.13563 0.113622
1 0.86997 0.324723 0.0955316 0.0840654
1 0.91209 0.670168 0.117774 0.102081
1 0.944217 0.721548 0.111567 0.111984
1 0.642854 0.226127 0.0877371 0.0817478
1 0.93448 0.460881 0.131041 0.119779
1 0.600762 0.0396582 0.0856667 0.0791616
1 0.668387 0.436641 0.128268 0.125892
1 0.76758 0.327247 0.118021 0.0902467
0 0.618616 0.335242 0.151605 0.131591
0 0.53477 0.181712 0.115028 0.112123
1 0.565784 0.258611 0.132252 0.123783
1 0.976245 0.247861 0.0471281 0.0772021
1 0.89591 0.166939 0.0883347 0.113753
1 0.806594 0.376256 0.0894514 0.0803672
1 0.935604 0.272342 0.0734942 0.0761492
1 0.959527 0.518682 0.0805638 0.0837148
0 0.932418 0.0387231 0.116099 0.0772037
1 0.933868 0.0394211 0.115963 0.0777514
0 0.685765 0.0411721 0.104815 0.0809531
1 0.971282 0.587181 0.0569692 0.106806
1 0.978162 0.768427 0.0431411 0.0915509
1 0.625492 0.333356 0.148981 0.12578
1 0.84318 0.0643342 0.0852654 0.0932029
1 0.455013 0.0797378 0.097093 0.153004
