2 0.114278 0.875522 0.164994 0.235586
1 0.425329 0.90201 0.123072 0.107853
0 0.217524 0.329227 0.101973 0.108946
1 0.210163 0.190112 0.108071 0.0602725
0 0.101541 0.31742 0.122566 0.129794
1 0.418971 0.641482 0.140283 0.114844
1 0.42795 0.507888 0.12138 0.099095
2 0.0751745 0.634602 0.141571 0.222743
1 0.537367 0.848909 0.0813211 0.094105
2 0.532934 0.460359 0.934132 0.91583
1 0.521838 0.61122 0.059686 0.0601268
2 0.42022 0.644145 0.135114 0.117441
2 0.152728 0.63414 0.299068 0.224977
0 0.380999 0.126296 0.0884482 0.0581616
1 0.127868 0.012318 0.104761 0.024636
1 0.376273 0.292745 0.0989802 0.105112
1 0.0821936 0.503158 0.112663 0.0543729
