0 0.233547 0.313336 0.085519 0.100953
1 0.498848 0.0777353 0.102398 0.107857
1 0.341927 0.507335 0.0917284 0.13232
1 0.343784 0.286569 0.0781612 0.101404
0 0.68385 0.501961 0.0926138 0.143377
0 0.808783 0.0672404 0.098237 0.121764
1 0.474302 0.488558 0.122582 0.136179
1 0.789532 0.583975 0.0960542 0.106522
0 0.209047 0.177217 0.0968274 0.109634
1 0.300161 0.0487506 0.117236 0.0949807
1 0.0938497 0.0381381 0.0799892 0.0761867
1 0.938588 0.191332 0.121695 0.158692
0 0.210974 0.598841 0.103468 0.124079
0 0.417208 0.34536 0.124004 0.11338
1 0.419915 0.343103 0.135761 0.115438
1 0.211485 0.597157 0.101184 0.112732
0 0.298685 0.0496319 0.119473 0.0989336
