1 0.706483 0.69622 0.113631 0.11492
1 0.629844 0.139462 0.158129 0.145864
1 0.743572 0.925679 0.157382 0.140813
1 0.855954 0.0918994 0.13302 0.129427
1 0.410179 0.766907 0.130682 0.13036
1 0.345119 0.509345 0.137999 0.122793
1 0.91576 0.416439 0.134947 0.128905
1 0.0814606 0.741328 0.101729 0.117249
1 0.478359 0.604327 0.137151 0.129292
1 0.666581 0.0616349 0.100513 0.0904908
1 0.810667 0.166088 0.122197 0.111661
1 0.854888 0.643517 0.145769 0.141498
1 0.211905 0.277526 0.153215 0.175308
1 0.2979 0.584568 0.108669 0.114778
1 0.251266 0.661756 0.124882 0.128932
1 0.462774 0.39088 0.143636 0.130418
1 0.840198 0.793156 0.135192 0.127246
1 0.0669369 0.487316 0.133874 0.157037
1 0.449546 0.688575 0.102912 0.102836
1 0.790545 0.854876 0.135823 0.132243
1 0.588449 0.210446 0.149316 0.126075
0 0.539138 0.533979 0.158643 0.136405
1 0.230398 0.865143 0.11456 0.125865
1 0.522602 0.954906 0.171119 0.0901886
1 0.777005 0.243288 0.120755 0.115622
1 0.905177 0.0423019 0.120319 0.0846038
0 0.531756 0.458799 0.0682792 0.0670823
1 0.918984 0.694418 0.12518 0.146876
1 0.727918 0.307739 0.11855 0.109147
1 0.568958 0.901634 0.133421 0.113684
1 0.766742 0.593413 0.127208 0.129687
1 0.947898 0.349211 0.104131 0.132631
1 0.607463 0.486934 0.113954 0.125777
0 0.178359 0.722645 0.142538 0.153693
1 0.395169 0.456286 0.108339 0.126622
1 0.491516 0.0337715 0.0832045 0.0673309
1 0.0240593 0.758301 0.0477954 0.0938524
1 0.658971 0.768332 0.12919 0.122559
1 0.41425 0.976182 0.0886344 0.0473151
1 0.608047 0.834224 0.102005 0.100829
1 0.0736839 0.938969 0.0880164 0.0966854
1 0.727682 0.0319158 0.134764 0.0638316
0 0.966045 0.250334 0.0672761 0.132729
1 0.699431 0.970212 0.115324 0.0592782
1 0.96605 0.249103 0.0678993 0.129724
1 0.125151 0.253854 0.126299 0.135965
0 0.145306 0.912603 0.119732 0.140127
1 0.95365 0.976916 0.0882791 0.0459417
1 0.328104 0.830231 0.100459 0.103544
0 0.609158 0.832022 0.102023 0.097682
