2 0.193826 0.483181 0.213189 0.174278
2 0.415736 0.133715 0.113827 0.254173
1 0.583409 0.532796 0.0962303 0.0976465
2 0.696263 0.407972 0.415136 0.224002
2 0.804369 0.127312 0.166842 0.227033
2 0.178 0.0784821 0.195766 0.151998
2 0.18129 0.195175 0.357751 0.390351
2 0.847792 0.401808 0.107816 0.213047
2 0.802489 0.605758 0.288769 0.111044
1 0.504408 0.72332 0.0775903 0.089154
2 0.629256 0.235564 0.236125 0.142445
2 0.0720642 0.232349 0.140563 0.201085
1 0.567795 0.623224 0.0871725 0.0939173
2 0.18107 0.66662 0.156397 0.0914028
2 0.604567 0.914407 0.236873 0.106806
3 0.248605 0.892845 0.233883 0.106544
0 0.426477 0.523076 0.125715 0.147482
0 0.924004 0.878412 0.151312 0.1014
3 0.375676 0.662137 0.239937 0.100382
