1 0.0788377 0.416145 0.144498 0.117998
1 0.0481934 0.722833 0.0834156 0.107306
1 0.424104 0.139863 0.123695 0.153628
0 0.228366 0.938032 0.143982 0.123935
1 0.296289 0.351237 0.101631 0.114909
1 0.217783 0.140203 0.106337 0.126013
1 0.0423118 0.173414 0.0846235 0.0961719
1 0.378972 0.343814 0.11967 0.13802
1 0.099379 0.505293 0.103604 0.0798597
0 0.369994 0.471491 0.158023 0.125615
1 0.0762879 0.33347 0.118351 0.0865036
1 0.0298416 0.077473 0.0596833 0.0943488
1 0.169724 0.675071 0.129526 0.0876811
1 0.197902 0.750322 0.106309 0.0849752
1 0.315638 0.137755 0.137091 0.16078
1 0.465377 0.28891 0.106622 0.13128
1 0.390405 0.650533 0.138571 0.110012
1 0.384708 0.568204 0.150929 0.113219
1 0.330991 0.0310975 0.195866 0.0621004
1 0.127216 0.986317 0.0921993 0.0270329
1 0.193681 0.0213179 0.0691856 0.0423667
