1 0.940199 0.696688 0.118512 0.14941
1 0.135956 0.917433 0.110155 0.115841
1 0.323319 0.782501 0.116687 0.106381
1 0.562107 0.615729 0.167298 0.170749
1 0.189125 0.502219 0.113315 0.137059
0 0.347683 0.0590979 0.181776 0.116837
1 0.199495 0.763502 0.119998 0.146849
1 0.0752978 0.496403 0.117854 0.116822
1 0.358357 0.157003 0.160207 0.129246
1 0.451361 0.479564 0.130603 0.144852
1 0.260686 0.944553 0.147482 0.110895
1 0.884993 0.559533 0.143845 0.142872
0 0.950985 0.810594 0.0972888 0.107741
1 0.0747138 0.0809159 0.128801 0.139972
1 0.387729 0.27096 0.181908 0.140393
1 0.143814 0.339068 0.107241 0.108432
0 0.390471 0.270114 0.180943 0.145177
0 0.459389 0.350753 0.276909 0.189129
1 0.318298 0.855111 0.111639 0.0618581
0 0.0432646 0.903885 0.0855809 0.152661
0 0.0430902 0.333814 0.0856454 0.14339
1 0.0573582 0.748908 0.110872 0.138898
0 0.14367 0.340833 0.107804 0.110987
1 0.0422165 0.902414 0.0842727 0.151473
1 0.0426412 0.332435 0.0852825 0.143227
1 0.95102 0.813075 0.0975413 0.108976
0 0.0588613 0.748153 0.108532 0.143491
1 0.35462 0.989813 0.0933548 0.0203735
