1 0.890205 0.157963 0.137342 0.121624
1 0.172377 0.353298 0.118117 0.117339
1 0.594266 0.637788 0.12989 0.126972
1 0.207971 0.740355 0.114866 0.12866
0 0.221782 0.940846 0.167404 0.118308
1 0.361989 0.299868 0.113074 0.113031
1 0.919274 0.250644 0.142249 0.123549
1 0.493126 0.672407 0.114846 0.133052
1 0.858151 0.0589742 0.121623 0.117335
1 0.69173 0.285664 0.156362 0.124248
1 0.312952 0.47386 0.123939 0.121808
1 0.626196 0.76816 0.130413 0.145981
1 0.402995 0.0561032 0.126376 0.110169
1 0.769567 0.568828 0.0896282 0.0953571
0 0.671894 0.192883 0.138983 0.113685
1 0.538263 0.819139 0.133389 0.148132
1 0.267947 0.339865 0.11591 0.129236
1 0.300376 0.719053 0.119308 0.122391
1 0.680969 0.601535 0.113556 0.124417
1 0.111961 0.769177 0.118221 0.132124
1 0.303841 0.0725704 0.120526 0.14267
1 0.824594 0.732826 0.10547 0.101871
1 0.11958 0.14342 0.124756 0.129496
1 0.503876 0.417425 0.121164 0.114935
1 0.712808 0.370097 0.12689 0.107998
1 0.875834 0.937173 0.0838842 0.118245
1 0.444688 0.857499 0.116516 0.117992
1 0.600649 0.397623 0.118209 0.098565
1 0.405721 0.435798 0.129122 0.144049
1 0.461552 0.265616 0.126501 0.136688
1 0.960917 0.0399058 0.0777004 0.0788855
1 0.217969 0.5061 0.106368 0.122691
1 0.399638 0.699807 0.125518 0.14073
1 0.669485 0.972471 0.101075 0.0546236
1 0.971535 0.121906 0.0562437 0.115227
1 0.553847 0.251431 0.117694 0.156634
0 0.0790192 0.0317978 0.10475 0.063243
0 0.95551 0.459144 0.0883486 0.121903
1 0.34889 0.913628 0.125154 0.110811
1 0.0802111 0.393727 0.130782 0.152085
1 0.723235 0.742812 0.117639 0.119044
1 0.940501 0.344459 0.118999 0.120684
0 0.221853 0.108387 0.0985573 0.104809
1 0.502263 0.0560088 0.118052 0.111374
1 0.971032 0.560099 0.0570972 0.111218
0 0.938091 0.342602 0.123087 0.12677
0 0.332045 0.866516 0.138522 0.167153
0 0.111461 0.514658 0.129282 0.147086
1 0.786409 0.955966 0.120774 0.0870378
1 0.0313067 0.548759 0.0622308 0.124863
0 0.0304335 0.547606 0.060867 0.122396
1 0.0404218 0.171637 0.0808436 0.0908089
1 0.109625 0.515039 0.133327 0.142539
0 0.0406039 0.171773 0.0809936 0.0904585
1 0.956358 0.45935 0.0866547 0.124281
0 0.616253 0.0234188 0.0837135 0.0465367
1 0.042349 0.811633 0.0841111 0.210941
0 0.0812993 0.393002 0.133424 0.154427
0 0.501729 0.0587369 0.118833 0.11685
1 0.827026 0.0107095 0.0779519 0.021419
1 0.0173418 0.407386 0.0344606 0.0941513
