1 0.384422 0.565838 0.144981 0.108371
1 0.539532 0.524832 0.129957 0.100102
1 0.564079 0.617934 0.107857 0.0932035
1 0.54668 0.237322 0.140247 0.100805
1 0.378908 0.200703 0.116806 0.0798544
1 0.374794 0.383022 0.13124 0.0919586
1 0.602153 0.83306 0.140085 0.125196
1 0.374326 0.292332 0.125494 0.0932294
1 0.408958 0.0399284 0.125286 0.0790715
1 0.168727 0.721234 0.109769 0.0922289
0 0.135727 0.262381 0.142212 0.0764841
1 0.866805 0.890723 0.140471 0.11909
1 0.387379 0.114006 0.111559 0.101583
1 0.139742 0.541905 0.113751 0.0887122
1 0.636218 0.918424 0.145487 0.133202
1 0.434804 0.848593 0.148182 0.129078
1 0.121024 0.354221 0.131842 0.0961264
1 0.534134 0.331071 0.157477 0.0965049
1 0.152387 0.634698 0.103399 0.108698
1 0.90929 0.956681 0.151448 0.0862025
1 0.789519 0.0903758 0.0835094 0.0806355
1 0.809011 0.71941 0.121388 0.117106
1 0.414635 0.758375 0.146168 0.120311
1 0.398229 0.661929 0.140535 0.116056
1 0.546982 0.144309 0.147764 0.0940347
1 0.122637 0.450715 0.14774 0.0903105
1 0.151145 0.178277 0.107535 0.0942021
1 0.536251 0.42382 0.110634 0.0888413
1 0.0262071 0.065007 0.0524141 0.0888588
1 0.946198 0.69075 0.107319 0.120863
1 0.576864 0.741425 0.144233 0.126905
1 0.496815 0.978311 0.13109 0.0430262
1 0.46964 0.935526 0.156215 0.115534
1 0.15507 0.0827956 0.130805 0.117009
1 0.555315 0.0525132 0.144198 0.104399
1 0.658184 0.973063 0.151661 0.053368
1 0.793451 0.453987 0.0949223 0.0896653
1 0.368862 0.474741 0.133034 0.0804483
1 0.033702 0.89843 0.067404 0.12361
1 0.0805307 0.939771 0.160335 0.119053
1 0.0606224 0.965301 0.12047 0.0688412
0 0.366519 0.473539 0.131701 0.0753971
1 0.970521 0.785725 0.0585808 0.105584
1 0.160233 0.0184915 0.13577 0.0365967
