1 0.225401 0.0815741 0.0760716 0.0854245
1 0.31139 0.088053 0.0873707 0.107735
1 0.893404 0.474134 0.0779525 0.0845455
1 0.459772 0.487768 0.0868553 0.123253
1 0.550452 0.805032 0.076003 0.100392
0 0.565657 0.0713204 0.086648 0.122689
1 0.146699 0.305943 0.0826434 0.0937669
1 0.401282 0.0941391 0.0828583 0.109024
0 0.815038 0.786477 0.0977759 0.134436
1 0.375948 0.515986 0.0804082 0.124235
1 0.229586 0.30433 0.0730841 0.102919
1 0.660129 0.0731108 0.08266 0.110911
0 0.978849 0.0916083 0.0417533 0.1581
0 0.967995 0.503035 0.0619011 0.129354
1 0.751742 0.273517 0.0840058 0.132647
1 0.734838 0.976969 0.0898521 0.0456793
1 0.478367 0.0811009 0.0891561 0.127721
0 0.144026 0.0999599 0.0849724 0.12623
1 0.114156 0.508472 0.0843242 0.0958393
0 0.120583 0.867691 0.166245 0.145994
0 0.636429 0.978256 0.0837436 0.0433846
1 0.491074 0.304935 0.0732632 0.0848433
1 0.633578 0.50765 0.088403 0.132522
1 0.404241 0.2717 0.0919685 0.166218
1 0.0378615 0.532577 0.0749748 0.126764
1 0.551236 0.976394 0.0840814 0.0468411
1 0.551886 0.487949 0.0735384 0.084745
0 0.967389 0.799078 0.0641346 0.0935557
1 0.744425 0.070951 0.0789082 0.0992452
1 0.720556 0.779533 0.0892165 0.151347
1 0.8266 0.0967427 0.0864868 0.16514
0 0.93982 0.265743 0.117812 0.167409
1 0.296365 0.824914 0.0894623 0.117286
1 0.725703 0.477835 0.0695792 0.0837193
1 0.112422 0.954186 0.129493 0.0910517
1 0.630578 0.806974 0.0842201 0.110995
1 0.0625373 0.309341 0.0819423 0.106615
1 0.909111 0.0704516 0.0712368 0.112707
1 0.374042 0.829202 0.0786707 0.102268
0 0.83567 0.26288 0.0889373 0.143329
0 0.820589 0.976497 0.0491579 0.0459222
0 0.373871 0.827986 0.0795306 0.099982
1 0.208388 0.535394 0.0972657 0.163697
1 0.287958 0.505195 0.0792926 0.111072
0 0.305194 0.278628 0.104948 0.170909
1 0.194834 0.809175 0.0992001 0.0840368
1 0.571231 0.294298 0.0839736 0.112052
1 0.144999 0.10294 0.0836241 0.128038
0 0.72034 0.781508 0.0895401 0.150682
1 0.804081 0.485886 0.0862556 0.105559
0 0.911607 0.0929303 0.080384 0.163146
1 0.0520575 0.0929101 0.0831792 0.0956805
1 0.459482 0.813454 0.0903944 0.102524
1 0.122375 0.874209 0.16155 0.134889
0 0.476411 0.981269 0.0627815 0.0372634
0 0.459588 0.813823 0.0904856 0.103377
0 0.976157 0.261679 0.0471848 0.157061
1 0.657768 0.260658 0.0892892 0.159466
1 0.721524 0.513755 0.0832589 0.15707
0 0.0508776 0.118627 0.100052 0.154824
1 0.476642 0.981212 0.0626003 0.0373585
