1 0.194118 0.631023 0.0806971 0.112898
1 0.884731 0.612635 0.0785794 0.0985191
0 0.433683 0.235102 0.0912352 0.140409
1 0.661129 0.84846 0.0804639 0.104528
1 0.464788 0.844347 0.0781401 0.0923549
1 0.720963 0.469673 0.0867946 0.120169
1 0.532871 0.46622 0.081728 0.107475
1 0.69059 0.096592 0.086133 0.12596
1 0.0736533 0.0984958 0.0863176 0.119015
1 0.603228 0.232721 0.088357 0.130335
1 0.106266 0.485992 0.0797326 0.119288
1 0.629465 0.47799 0.0934725 0.131019
1 0.71801 0.61222 0.0819438 0.13622
1 0.797024 0.242544 0.125557 0.0930012
1 0.802685 0.603317 0.0868087 0.122055
1 0.818095 0.159714 0.129156 0.0748163
1 0.429358 0.097013 0.0791847 0.118501
1 0.843025 0.841456 0.0948131 0.10576
1 0.088129 0.950271 0.0787013 0.0621363
1 0.191414 0.486872 0.0857531 0.135038
1 0.338037 0.110379 0.0914276 0.129665
1 0.359679 0.485321 0.0845748 0.13223
1 0.599775 0.0886197 0.081759 0.104571
1 0.281797 0.855364 0.0759804 0.115658
1 0.250534 0.0961831 0.0793408 0.12313
1 0.285101 0.627476 0.0891261 0.134214
1 0.927981 0.457781 0.124237 0.168006
1 0.111548 0.629594 0.0799278 0.116072
1 0.312039 0.96505 0.125893 0.0696037
1 0.276603 0.482015 0.0793128 0.142207
1 0.814743 0.0657477 0.12625 0.0810279
1 0.0482508 0.248865 0.0963271 0.132288
1 0.0274952 0.47795 0.0549903 0.0992361
1 0.678091 0.961504 0.106756 0.0769229
1 0.543637 0.632453 0.0858171 0.132429
1 0.344678 0.251424 0.0847812 0.113063
1 0.0329242 0.625451 0.0658484 0.121253
1 0.818003 0.462771 0.0899204 0.123843
1 0.835621 0.956559 0.144539 0.0830743
1 0.3721 0.843339 0.0919304 0.11752
1 0.516462 0.246629 0.0733752 0.107685
1 0.510674 0.089603 0.076047 0.114034
1 0.151631 0.251417 0.110856 0.152423
1 0.449583 0.471703 0.0863743 0.1337
1 0.460088 0.62084 0.0828646 0.145814
1 0.629797 0.62382 0.0792196 0.115222
1 0.255203 0.247238 0.0883759 0.138653
1 0.754232 0.846277 0.0809469 0.111978
0 0.369148 0.627503 0.0771587 0.115248
1 0.012943 0.100888 0.0256614 0.114266
1 0.456825 0.963343 0.114736 0.0732784
1 0.0750532 0.851297 0.106446 0.0765226
0 0.075908 0.850675 0.104728 0.0766082
0 0.159822 0.0880215 0.0771812 0.105848
1 0.692695 0.224383 0.0822361 0.132169
1 0.159358 0.0872448 0.0776096 0.104999
1 0.368884 0.628444 0.0755181 0.113003
1 0.0799962 0.993571 0.107296 0.0125837
