1 0.617502 0.222912 0.153114 0.153391
1 0.497927 0.811104 0.143986 0.0986164
1 0.546695 0.497242 0.163425 0.112231
1 0.405514 0.637115 0.155053 0.115698
1 0.132587 0.777485 0.169296 0.207232
1 0.888136 0.0863302 0.213008 0.156394
1 0.561233 0.600085 0.112417 0.127528
1 0.126785 0.538471 0.128492 0.198875
1 0.929196 0.241438 0.140737 0.161418
0 0.390643 0.32236 0.202881 0.165192
0 0.770564 0.783919 0.134766 0.156351
1 0.554881 0.284681 0.0986469 0.102296
1 0.944694 0.401158 0.110394 0.119886
1 0.72014 0.461692 0.145978 0.11559
1 0.953857 0.5701 0.0922855 0.142208
1 0.521791 0.0784603 0.220076 0.156076
1 0.395377 0.805599 0.120215 0.175454
1 0.402505 0.538116 0.111646 0.103799
3 0.39048 0.323379 0.203564 0.167279
2 0.520647 0.0786667 0.216355 0.155323
2 0.0192095 0.145376 0.038117 0.118946
0 0.954015 0.568921 0.0900548 0.140683
