1 0.191245 0.941469 0.146615 0.117061
1 0.761324 0.246971 0.13955 0.0795544
1 0.385115 0.557127 0.150544 0.15055
1 0.450008 0.625013 0.156471 0.150158
1 0.0928198 0.193092 0.133873 0.128886
1 0.0585729 0.129288 0.117146 0.125383
1 0.317431 0.726782 0.135721 0.132257
1 0.431075 0.844579 0.157357 0.152177
1 0.212705 0.349638 0.156477 0.136985
1 0.780805 0.621241 0.13059 0.131182
1 0.942228 0.505617 0.111983 0.0857744
1 0.762566 0.16191 0.1428 0.0865382
1 0.627854 0.81303 0.154025 0.150408
1 0.272596 0.413956 0.132562 0.132397
1 0.210454 0.590284 0.153123 0.132211
1 0.501085 0.920735 0.136955 0.144686
1 0.755236 0.0815118 0.145675 0.0850389
1 0.763957 0.338621 0.157021 0.107949
1 0.755036 0.925653 0.137092 0.132877
1 0.256794 0.653471 0.131902 0.120405
1 0.913217 0.151302 0.143823 0.0810331
1 0.570021 0.740239 0.140761 0.132839
1 0.754845 0.0193565 0.133286 0.0382841
1 0.951984 0.760369 0.0955814 0.0904903
1 0.933128 0.593404 0.130464 0.0876036
1 0.922406 0.0644557 0.147985 0.0943523
1 0.510031 0.685687 0.145879 0.147573
1 0.824902 0.95495 0.153298 0.0895596
1 0.903364 0.290402 0.129821 0.153944
1 0.323986 0.484571 0.151455 0.132203
1 0.932892 0.672411 0.134216 0.0975051
1 0.90495 0.246474 0.13049 0.0926585
1 0.0804279 0.443397 0.141696 0.134645
1 0.249087 0.0617762 0.150703 0.122567
1 0.677074 0.874641 0.156995 0.152976
1 0.136066 0.527545 0.156769 0.128947
1 0.495676 0.192986 0.148078 0.111316
1 0.0298544 0.0535598 0.0594084 0.10464
1 0.0318479 0.269818 0.0631629 0.102705
0 0.139853 0.524166 0.157859 0.13469
0 0.324605 0.484273 0.154693 0.131279
0 0.496695 0.173273 0.150665 0.151695
1 0.037888 0.757107 0.075736 0.137132
1 0.14042 0.987215 0.0632208 0.0254614
1 0.647299 0.983536 0.0791466 0.0328052
0 0.374844 0.782458 0.139528 0.139518
1 0.555111 0.96452 0.120116 0.0703722
1 0.112916 0.878152 0.119376 0.107314
