1 0.285066 0.0601925 0.13017 0.116158
1 0.323259 0.457117 0.179015 0.152163
1 0.200575 0.622013 0.173784 0.153745
1 0.887804 0.807418 0.144967 0.122438
1 0.493303 0.220038 0.16405 0.160665
1 0.629274 0.0781277 0.175865 0.156181
1 0.0609627 0.34591 0.12109 0.174374
1 0.0867627 0.756571 0.137771 0.130396
1 0.923648 0.746146 0.152704 0.131646
1 0.450349 0.305586 0.134543 0.138055
1 0.238381 0.130139 0.126311 0.113732
1 0.247635 0.506089 0.102164 0.10536
1 0.84372 0.866678 0.149671 0.132219
1 0.68331 0.385242 0.168737 0.159178
1 0.171165 0.208338 0.118454 0.128344
0 0.927148 0.412014 0.145705 0.151214
1 0.872911 0.152216 0.14633 0.126223
1 0.0961173 0.259021 0.156802 0.168008
1 0.369845 0.37059 0.134621 0.118551
0 0.507319 0.945177 0.157463 0.109646
1 0.607593 0.528552 0.105167 0.10248
1 0.921985 0.0989739 0.152039 0.151825
0 0.576755 0.153814 0.199533 0.18103
0 0.369179 0.784345 0.160493 0.157848
1 0.969074 0.974942 0.0614939 0.0498666
1 0.0577205 0.0245111 0.107181 0.0487491
1 0.692079 0.0565107 0.150609 0.112357
1 0.97482 0.576784 0.0499837 0.0828907
1 0.0205816 0.913342 0.0407339 0.0911362
1 0.433747 0.704604 0.148902 0.123617
1 0.96289 0.0479921 0.0738809 0.0934719
1 0.155571 0.0921136 0.0727273 0.0887108
1 0.026691 0.444275 0.0530627 0.114269
1 0.785736 0.611462 0.151213 0.124782
1 0.87594 0.471045 0.13318 0.127621
1 0.0283067 0.0807122 0.0560002 0.118098
1 0.409403 0.737692 0.151722 0.128655
1 0.97603 0.277553 0.0478776 0.0662097
1 0.486733 0.670629 0.133768 0.125283
0 0.87588 0.471467 0.131877 0.130516
1 0.0439443 0.137857 0.06961 0.0715353
1 0.371731 0.783498 0.159123 0.157333
1 0.427667 0.979172 0.0897428 0.0413792
1 0.460637 0.723537 0.0920396 0.0837595
1 0.960957 0.330906 0.0768387 0.0819317
1 0.935289 0.677605 0.129422 0.171524
1 0.130697 0.668126 0.128577 0.138937
