0 0.497397 0.369504 0.110582 0.110798
2 0.4999 0.926325 0.148443 0.146104
0 0.953018 0.901437 0.0935874 0.12156
1 0.828872 0.621666 0.107895 0.141233
1 0.361186 0.59836 0.158943 0.17634
2 0.264604 0.430082 0.216808 0.330334
2 0.780608 0.395145 0.438783 0.787086
0 0.968137 0.663456 0.0621402 0.145165
1 0.578374 0.56785 0.0970075 0.119027
1 0.460343 0.537386 0.131889 0.140527
1 0.74446 0.616277 0.103868 0.130102
1 0.86703 0.873381 0.101489 0.118572
2 0.362375 0.597676 0.160727 0.178709
1 0.795814 0.853963 0.0987318 0.115491
1 0.665659 0.580173 0.0923526 0.126023
2 0.600015 0.859367 0.339903 0.278779
2 0.577969 0.566883 0.0987433 0.123444
2 0.0637693 0.352774 0.126542 0.107308
1 0.229573 0.59513 0.141137 0.117315
1 0.0623886 0.354265 0.120477 0.110231
1 0.0805438 0.273062 0.123781 0.102496
