0 0.0920852 0.92693 0.0988991 0.138438
0 0.245908 0.901052 0.0802822 0.149381
0 0.704637 0.847017 0.111912 0.105308
0 0.167968 0.919451 0.08675 0.151286
0 0.336014 0.894511 0.0978977 0.137705
1 0.903261 0.819572 0.106189 0.120224
0 0.804267 0.839919 0.104153 0.0941449
1 0.505123 0.87391 0.10895 0.115189
0 0.0257545 0.932998 0.0515089 0.126654
0 0.409135 0.881603 0.0839604 0.136593
0 0.609776 0.860145 0.111909 0.111036
1 0.608912 0.860739 0.111624 0.109149
1 0.972888 0.811395 0.0538785 0.10532
0 0.505243 0.874792 0.111658 0.115124
1 0.336791 0.896981 0.0988153 0.139548
1 0.410882 0.88421 0.0856804 0.13946
