1 0.478715 0.149905 0.111813 0.0994152
1 0.390637 0.578916 0.123037 0.144217
1 0.212666 0.223702 0.102149 0.117049
1 0.671014 0.101596 0.112914 0.10604
1 0.427716 0.329307 0.120329 0.12262
1 0.0641865 0.807034 0.123766 0.117101
2 0.950052 0.825605 0.0995947 0.237878
1 0.812264 0.223097 0.124269 0.144501
1 0.295993 0.606966 0.117583 0.121257
1 0.144399 0.389933 0.11114 0.14278
1 0.778029 0.464849 0.0912664 0.0927719
1 0.952192 0.420002 0.0954176 0.149198
1 0.260074 0.770859 0.114413 0.142315
1 0.715629 0.630158 0.121255 0.139954
1 0.578139 0.514115 0.118097 0.118654
1 0.814776 0.61598 0.111349 0.107517
1 0.672852 0.506685 0.111705 0.128912
1 0.213557 0.634342 0.0957988 0.139143
1 0.069995 0.895914 0.103882 0.0901325
1 0.714722 0.250079 0.111644 0.124287
1 0.434702 0.724579 0.103511 0.0965106
1 0.768696 0.074299 0.113986 0.10262
1 0.521363 0.287133 0.123426 0.161449
1 0.618621 0.262894 0.12709 0.143136
1 0.29347 0.204593 0.110459 0.119833
1 0.0934984 0.249815 0.127674 0.114025
1 0.335184 0.362023 0.118504 0.136627
1 0.240966 0.386135 0.122265 0.144229
1 0.389452 0.170445 0.0821292 0.108922
1 0.485499 0.55543 0.115391 0.137486
0 0.358343 0.951235 0.132998 0.097531
1 0.914353 0.201748 0.137656 0.146542
1 0.877884 0.0469659 0.10926 0.0939318
1 0.529767 0.694165 0.118942 0.106163
1 0.587781 0.945592 0.12357 0.108016
1 0.582283 0.114977 0.0864863 0.0919917
1 0.909727 0.578715 0.123484 0.142809
1 0.0775298 0.97228 0.15506 0.0552342
1 0.866982 0.446063 0.117734 0.123649
0 0.86794 0.447358 0.121654 0.124233
1 0.96279 0.0406656 0.0737089 0.0807412
1 0.598507 0.659673 0.0867038 0.132975
1 0.969635 0.553552 0.0599735 0.147352
0 0.909217 0.578034 0.124428 0.14293
0 0.916159 0.202187 0.139611 0.153409
0 0.0355355 0.71074 0.0709039 0.102831
0 0.970587 0.564715 0.0583286 0.155036
1 0.344217 0.753229 0.0899754 0.0977905
1 0.0382159 0.710326 0.0758008 0.103374
0 0.982378 0.178413 0.0345535 0.084736
0 0.617693 0.260627 0.128324 0.150227
0 0.613873 0.660195 0.118238 0.134014
1 0.692163 0.895128 0.162225 0.14981
1 0.0184448 0.596858 0.0367264 0.0770289
