1 0.111522 0.63984 0.187268 0.168361
1 0.693833 0.676882 0.128354 0.139379
1 0.608841 0.307048 0.200886 0.187034
1 0.441185 0.398562 0.157309 0.157718
1 0.841461 0.508845 0.202957 0.219109
1 0.959411 0.403942 0.0810181 0.14514
1 0.308524 0.119502 0.22371 0.203683
1 0.481588 0.703405 0.134552 0.112639
1 0.687994 0.043512 0.106837 0.0864876
0 0.0470946 0.764786 0.0941892 0.117865
1 0.910167 0.121428 0.168802 0.194531
1 0.964767 0.0683094 0.0691209 0.136619
1 0.562372 0.728981 0.131541 0.123044
1 0.750669 0.208864 0.191828 0.241891
0 0.953886 0.669911 0.0913508 0.145955
0 0.840249 0.508416 0.200746 0.215551
1 0.233517 0.96454 0.102268 0.070919
0 0.440459 0.397322 0.158494 0.161091
0 0.151853 0.301672 0.194375 0.173352
1 0.952084 0.671694 0.0953002 0.143726
0 0.233058 0.964208 0.10657 0.0715383
1 0.678169 0.583734 0.16739 0.125742
1 0.375946 0.950392 0.136636 0.0854025
1 0.349669 0.403065 0.0988023 0.115941
1 0.344179 0.682789 0.073662 0.0627928
1 0.99223 0.83215 0.0153766 0.0781267
0 0.268361 0.584235 0.204828 0.171738
