1 0.0979808 0.0723819 0.129677 0.127381
1 0.838565 0.917487 0.131032 0.129317
1 0.0946445 0.27199 0.140591 0.143677
1 0.21879 0.465775 0.168012 0.154029
1 0.480591 0.868389 0.128595 0.133353
1 0.532586 0.20285 0.152593 0.163208
1 0.113083 0.585847 0.141021 0.143476
1 0.887537 0.156918 0.129813 0.135206
1 0.51125 0.367202 0.122278 0.13095
1 0.205294 0.923664 0.109488 0.123701
1 0.432499 0.302968 0.151717 0.154851
1 0.834878 0.409255 0.136871 0.133676
1 0.0567739 0.331443 0.113548 0.15748
1 0.736027 0.525754 0.144323 0.153828
1 0.296956 0.0907378 0.152161 0.158182
1 0.808374 0.0985951 0.132094 0.134373
1 0.601657 0.731797 0.139186 0.14673
1 0.412424 0.805293 0.150231 0.161788
1 0.879999 0.840107 0.131935 0.138703
1 0.687786 0.310002 0.143407 0.153108
1 0.0481098 0.131494 0.0962196 0.128835
1 0.579435 0.417269 0.137688 0.144368
1 0.732519 0.0544271 0.149269 0.108854
1 0.952663 0.215289 0.094383 0.13386
1 0.330868 0.757622 0.137688 0.135195
1 0.370162 0.0560099 0.133207 0.11202
1 0.298994 0.529159 0.14355 0.154514
1 0.762004 0.359284 0.129845 0.134239
1 0.952637 0.0444528 0.0947253 0.0873116
1 0.233908 0.167633 0.140824 0.143502
1 0.173826 0.22307 0.129688 0.137985
1 0.611492 0.258514 0.149658 0.156836
1 0.375348 0.577425 0.149675 0.154825
1 0.908784 0.464544 0.117641 0.12367
1 0.288941 0.963699 0.108398 0.0723684
1 0.517952 0.665592 0.102986 0.116829
1 0.193704 0.643001 0.151334 0.171148
1 0.665426 0.789505 0.158695 0.158413
1 0.0577164 0.829852 0.115346 0.156972
1 0.13074 0.877615 0.12851 0.128826
1 0.556984 0.921 0.12271 0.131506
1 0.661677 0.480759 0.145236 0.155795
1 0.809735 0.598197 0.147702 0.162777
1 0.933043 0.7779 0.133291 0.13625
1 0.26086 0.70816 0.148401 0.151259
1 0.16004 0.0376256 0.119125 0.0746213
1 0.0220161 0.401643 0.0439356 0.0979511
0 0.446619 0.632085 0.130864 0.157314
1 0.872524 0.0229409 0.084317 0.0457751
0 0.954923 0.696562 0.0896916 0.131356
0 0.809367 0.599127 0.149066 0.161052
1 0.985672 0.0879144 0.0282443 0.0634047
1 0.987868 0.282256 0.0237286 0.0601981
1 0.968917 0.935316 0.0615771 0.106199
