1 0.0553036 0.179211 0.110607 0.113097
1 0.149048 0.346376 0.12605 0.120495
1 0.326143 0.485672 0.128961 0.123278
1 0.421427 0.347022 0.123844 0.122185
1 0.542819 0.0946597 0.107101 0.114556
1 0.625897 0.384322 0.113189 0.110104
1 0.114034 0.430923 0.174828 0.151925
1 0.627051 0.120606 0.140339 0.144498
1 0.313396 0.156964 0.131164 0.116546
1 0.372793 0.412781 0.133789 0.123783
1 0.913795 0.0439253 0.118468 0.0878507
1 0.583239 0.45573 0.137227 0.124113
1 0.205564 0.288533 0.12099 0.11681
1 0.441843 0.0360783 0.116411 0.0721565
1 0.775304 0.553497 0.118678 0.106751
1 0.500053 0.602893 0.165936 0.138429
1 0.899311 0.336653 0.151839 0.13536
1 0.298019 0.875593 0.152699 0.159631
1 0.247353 0.212481 0.0951287 0.0970459
1 0.536703 0.529153 0.155276 0.145596
1 0.968001 0.703714 0.0630484 0.0981348
1 0.254144 0.535343 0.156101 0.136302
1 0.793379 0.461779 0.183822 0.154866
1 0.830113 0.86659 0.103366 0.0861496
1 0.937084 0.765321 0.125833 0.127925
1 0.133328 0.813815 0.135191 0.137093
1 0.0994829 0.11239 0.0886982 0.0933351
1 0.862749 0.414212 0.096499 0.0986906
1 0.0243315 0.248088 0.0484365 0.0985646
0 0.21852 0.837205 0.112935 0.103712
1 0.665919 0.69249 0.110038 0.100017
0 0.579087 0.793845 0.118782 0.0932286
1 0.788193 0.925734 0.142585 0.145059
1 0.699782 0.298186 0.116591 0.0780746
1 0.452214 0.262678 0.133308 0.126266
1 0.984308 0.629346 0.0308878 0.060837
1 0.863622 0.952834 0.0915127 0.0900259
1 0.793815 0.0489483 0.103876 0.0968357
1 0.846374 0.810856 0.0836488 0.091457
0 0.467767 0.265965 0.112754 0.115749
1 0.98287 0.19127 0.0340271 0.0739816
1 0.0257717 0.9454 0.0510565 0.0862093
1 0.412857 0.663543 0.0981504 0.087337
0 0.960232 0.27373 0.0767238 0.0809656
1 0.896308 0.829694 0.182331 0.144254
0 0.040123 0.674711 0.0794022 0.14729
1 0.45959 0.7007 0.0917747 0.112877
1 0.058278 0.779254 0.111894 0.0964725
1 0.153769 0.0395139 0.0867958 0.0762006
