1 0.758159 0.324539 0.148042 0.150564
1 0.379967 0.933854 0.0998694 0.116971
1 0.582478 0.634882 0.108261 0.12672
1 0.0408947 0.211558 0.0817893 0.127511
1 0.456994 0.24458 0.110429 0.133227
1 0.329035 0.526913 0.167711 0.167764
1 0.326517 0.0745673 0.145341 0.148144
1 0.138969 0.840772 0.109197 0.124025
1 0.57721 0.868822 0.181851 0.200297
1 0.710363 0.783051 0.103847 0.125936
1 0.890362 0.292528 0.161573 0.17426
1 0.116939 0.16711 0.151099 0.144862
0 0.200237 0.809249 0.10977 0.125955
1 0.804628 0.0935213 0.144006 0.151609
1 0.67953 0.363919 0.0992625 0.11329
1 0.436573 0.913975 0.0843673 0.11037
1 0.324567 0.949402 0.0864633 0.0981953
1 0.0786357 0.860722 0.11189 0.141513
1 0.235594 0.572426 0.12612 0.174323
1 0.249425 0.120773 0.124923 0.15905
1 0.174645 0.592913 0.115414 0.147735
1 0.0398279 0.89207 0.0796559 0.119264
1 0.943499 0.699718 0.110864 0.183028
1 0.496709 0.656488 0.159222 0.178168
1 0.196756 0.136788 0.115429 0.140561
1 0.193082 0.976297 0.0929121 0.0471337
1 0.928045 0.445989 0.143723 0.183131
1 0.481618 0.899141 0.105677 0.151618
1 0.682455 0.14865 0.105264 0.119906
1 0.441507 0.488348 0.154721 0.193609
0 0.635018 0.597856 0.111566 0.138408
2 0.836884 0.895891 0.325527 0.208218
1 0.659613 0.825046 0.122851 0.15967
1 0.59754 0.175198 0.1529 0.141778
1 0.858765 0.512505 0.101198 0.125035
1 0.175591 0.379667 0.209426 0.172551
0 0.301125 0.756121 0.117376 0.149536
1 0.822686 0.763446 0.107485 0.16593
1 0.300679 0.754683 0.121607 0.149606
0 0.957665 0.0503269 0.0839483 0.0997507
1 0.530319 0.43225 0.144486 0.16433
0 0.17518 0.378416 0.218664 0.177414
1 0.281118 0.958243 0.109104 0.0835135
1 0.318516 0.301569 0.163016 0.166279
0 0.822083 0.769841 0.10822 0.159297
1 0.764372 0.766239 0.110655 0.145784
0 0.0319665 0.455996 0.0632406 0.135525
1 0.802299 0.519616 0.119993 0.161213
1 0.482251 0.0963958 0.139536 0.0914631
0 0.0610051 0.0381468 0.12201 0.0758371
