1 0.241233 0.382416 0.139848 0.13366
1 0.566191 0.575449 0.151037 0.14
1 0.897702 0.380455 0.133981 0.11321
1 0.645771 0.381457 0.133467 0.131384
1 0.225425 0.628417 0.155608 0.149837
1 0.350663 0.326192 0.130343 0.116245
1 0.674427 0.508513 0.126673 0.119858
1 0.323629 0.558717 0.121048 0.109764
1 0.331781 0.713999 0.145702 0.117757
0 0.763241 0.0848702 0.134815 0.107857
1 0.747651 0.314545 0.145033 0.142852
1 0.451755 0.900153 0.126125 0.175109
1 0.579425 0.804368 0.126246 0.134043
1 0.436425 0.495335 0.135318 0.11745
1 0.538494 0.434881 0.12451 0.108709
1 0.681724 0.756617 0.0959804 0.105087
1 0.0508141 0.507014 0.101385 0.14609
1 0.107787 0.163799 0.134771 0.150748
0 0.965202 0.322407 0.0686719 0.117865
1 0.941425 0.188881 0.115937 0.129709
1 0.142062 0.443469 0.140688 0.128204
1 0.458517 0.639401 0.153951 0.156353
1 0.848372 0.253708 0.142392 0.134136
3 0.908583 0.841349 0.181135 0.314716
1 0.964359 0.321355 0.0710531 0.114492
