1 0.555997 0.687486 0.132484 0.130283
1 0.642217 0.385481 0.14374 0.136966
1 0.797656 0.951149 0.125271 0.0977029
1 0.812637 0.539705 0.188425 0.179926
1 0.458968 0.882859 0.117722 0.110816
1 0.918582 0.332127 0.162835 0.148235
1 0.0414151 0.839842 0.0822938 0.122677
1 0.763773 0.794618 0.135838 0.148519
1 0.0753226 0.302979 0.145141 0.121969
1 0.42677 0.359292 0.109994 0.105469
1 0.357949 0.953625 0.123602 0.0922825
1 0.891436 0.668268 0.149227 0.15996
1 0.429878 0.208575 0.134584 0.125806
1 0.416989 0.61378 0.121043 0.122791
0 0.29861 0.55032 0.102999 0.0995743
1 0.762993 0.421011 0.100625 0.103791
1 0.039472 0.104979 0.078944 0.0820822
1 0.439667 0.463066 0.132324 0.117921
1 0.798276 0.464606 0.120985 0.118805
1 0.557323 0.798349 0.0893558 0.0819478
1 0.206092 0.416427 0.126652 0.168023
1 0.0158095 0.728214 0.0315102 0.090654
1 0.84337 0.248996 0.104423 0.10464
1 0.297733 0.550895 0.101772 0.100281
0 0.415086 0.613945 0.127352 0.123891
0 0.878544 0.887989 0.14489 0.132504
