1 0.823835 0.440669 0.128823 0.14195
1 0.215866 0.542119 0.159018 0.149853
1 0.885226 0.346859 0.0885381 0.0816491
1 0.936942 0.877336 0.119436 0.122298
1 0.391492 0.651034 0.131149 0.14591
1 0.678017 0.383819 0.129202 0.147883
1 0.848088 0.0597059 0.143059 0.119412
1 0.113585 0.213217 0.134415 0.133934
1 0.498893 0.495308 0.129794 0.139311
1 0.705315 0.651405 0.141269 0.149505
1 0.481773 0.947361 0.122325 0.105275
1 0.445249 0.191356 0.137365 0.13323
1 0.941687 0.283878 0.116626 0.123798
1 0.254464 0.303899 0.129744 0.153315
1 0.783393 0.692324 0.12102 0.124922
1 0.0396086 0.160485 0.0792173 0.0884072
1 0.278407 0.808665 0.131174 0.137479
1 0.0727884 0.418204 0.100499 0.0935119
1 0.631485 0.594012 0.137339 0.132447
1 0.178681 0.27992 0.112598 0.111782
1 0.401937 0.0284188 0.117032 0.0565826
1 0.794528 0.961984 0.114064 0.0752296
1 0.0523016 0.905916 0.103596 0.165993
1 0.790545 0.110687 0.149886 0.144881
0 0.423378 0.433136 0.135364 0.165181
1 0.344957 0.0954445 0.136374 0.104658
1 0.531712 0.754225 0.123191 0.128567
0 0.760394 0.20887 0.132139 0.121897
1 0.324804 0.597414 0.0924027 0.0776585
1 0.109471 0.696612 0.195278 0.171295
1 0.332461 0.350815 0.150487 0.163691
1 0.135919 0.482923 0.119016 0.114568
1 0.467326 0.699522 0.0933788 0.0904295
1 0.611373 0.103369 0.163574 0.137547
1 0.638472 0.0291351 0.0998619 0.0582702
1 0.592588 0.807444 0.129949 0.127262
1 0.897451 0.951437 0.118089 0.095418
0 0.264447 0.121173 0.0874465 0.0870146
1 0.967138 0.203739 0.0640996 0.110236
1 0.934872 0.762427 0.124613 0.110362
1 0.208435 0.771805 0.0964553 0.0999699
1 0.112142 0.933712 0.125157 0.121542
1 0.0493566 0.631213 0.0979985 0.132389
1 0.502755 0.285379 0.184213 0.188107
1 0.339109 0.863881 0.122258 0.120975
1 0.418002 0.915775 0.150138 0.15289
1 0.60923 0.32962 0.114263 0.114738
0 0.128439 0.0488857 0.133476 0.0974204
1 0.563045 0.543931 0.0884798 0.0847137
1 0.905296 0.0216126 0.0926085 0.0431009
1 0.759786 0.205472 0.128228 0.120981
0 0.652512 0.869677 0.140735 0.116553
1 0.0116838 0.839952 0.0227358 0.0526876
1 0.227687 0.022515 0.0952584 0.0448073
0 0.337198 0.862736 0.114465 0.119285
1 0.647426 0.984443 0.065915 0.0307724
1 0.905648 0.689915 0.0561934 0.0516098
1 0.513912 0.244285 0.11285 0.10385
