1 0.0642437 0.588015 0.128487 0.155082
1 0.328618 0.275692 0.122774 0.12434
1 0.0976242 0.841645 0.134412 0.14224
1 0.0548641 0.21642 0.10895 0.122729
1 0.237727 0.940383 0.12728 0.119234
1 0.138662 0.0534717 0.141214 0.106943
0 0.840798 0.836427 0.122355 0.146474
1 0.225287 0.415451 0.146418 0.148965
1 0.435098 0.89178 0.130987 0.148744
1 0.368701 0.823934 0.126018 0.124459
1 0.801438 0.1468 0.11735 0.11379
1 0.703811 0.571771 0.126251 0.132684
1 0.239658 0.209314 0.165832 0.155058
1 0.606065 0.952557 0.109125 0.0948861
1 0.189901 0.124057 0.170008 0.152884
1 0.718551 0.0945819 0.142661 0.152026
1 0.856206 0.380433 0.130574 0.136458
1 0.107227 0.28822 0.150374 0.135084
1 0.450468 0.60849 0.122325 0.125596
1 0.456793 0.409799 0.163829 0.172547
1 0.878125 0.215367 0.142698 0.151493
1 0.42183 0.0572838 0.128931 0.112557
1 0.28258 0.775369 0.131835 0.140546
0 0.939106 0.42451 0.116493 0.134922
1 0.609749 0.534813 0.154452 0.166671
1 0.547893 0.185432 0.137039 0.135097
1 0.511591 0.928944 0.139256 0.142112
1 0.875132 0.663724 0.144072 0.155536
1 0.158087 0.358698 0.128946 0.118645
1 0.481919 0.11962 0.128919 0.126204
1 0.195985 0.720048 0.15961 0.164768
0 0.677199 0.744129 0.112406 0.123931
1 0.621825 0.235431 0.125975 0.129481
1 0.364503 0.553486 0.130679 0.121442
1 0.945749 0.262888 0.108503 0.155897
1 0.287029 0.500123 0.155225 0.155015
1 0.763694 0.783879 0.122693 0.132121
1 0.390023 0.340768 0.144655 0.154137
1 0.16235 0.896915 0.131111 0.137509
1 0.698122 0.28981 0.139657 0.153318
1 0.539278 0.479212 0.142701 0.159544
1 0.336209 0.95791 0.153279 0.0832932
1 0.630499 0.0498223 0.167124 0.0990029
1 0.786073 0.620072 0.140515 0.151888
1 0.523526 0.645982 0.145569 0.152258
1 0.688727 0.969795 0.0921611 0.0600817
1 0.590762 0.713953 0.132614 0.124514
1 0.55781 0.0221602 0.0797255 0.0443205
0 0.957155 0.684144 0.0855525 0.139545
1 0.776475 0.337526 0.10149 0.119156
1 0.968603 0.0389044 0.0626167 0.0773039
1 0.0339454 0.496114 0.0674414 0.12154
1 0.0347922 0.126061 0.0686171 0.128936
1 0.939451 0.850277 0.116029 0.143564
0 0.982216 0.43646 0.035233 0.125221
0 0.94003 0.849865 0.115703 0.144851
1 0.983472 0.438334 0.0326411 0.122736
