1 0.621551 0.192475 0.133522 0.0874784
1 0.624288 0.101101 0.123857 0.087127
1 0.252209 0.0971591 0.138163 0.0807498
1 0.386696 0.438862 0.135453 0.0830337
1 0.407061 0.0956756 0.126052 0.0817797
1 0.237939 0.267188 0.126535 0.0758701
1 0.378802 0.179708 0.139923 0.0826276
1 0.757336 0.352974 0.146094 0.0774297
1 0.381224 0.266772 0.131535 0.0888243
1 0.0337842 0.2232 0.0675685 0.0841749
1 0.961608 0.593444 0.0762169 0.0866032
1 0.765728 0.532494 0.108483 0.080795
1 0.243203 0.183317 0.132629 0.0835707
1 0.243527 0.0272667 0.140196 0.0545334
1 0.760116 0.18319 0.135616 0.0801007
1 0.960071 0.0545076 0.0790799 0.0756928
1 0.616867 0.272855 0.138751 0.0834504
1 0.756953 0.617209 0.125858 0.0829693
1 0.0390894 0.139009 0.0781326 0.0821006
1 0.960581 0.513696 0.0778961 0.0712741
1 0.040839 0.050024 0.081678 0.0919557
1 0.240335 0.348892 0.116686 0.0954952
1 0.96454 0.169337 0.0694251 0.109975
1 0.616022 0.360445 0.13761 0.0802351
1 0.60802 0.611725 0.136866 0.0827711
1 0.831348 0.958436 0.112886 0.0828259
1 0.391063 0.360636 0.113504 0.0642127
1 0.764277 0.0241314 0.146432 0.0480064
1 0.615713 0.0268014 0.116551 0.0532773
1 0.767 0.260956 0.0943143 0.0785649
1 0.370039 0.524135 0.182069 0.0891695
0 0.596691 0.698715 0.124454 0.0774601
1 0.776696 0.0920722 0.0981965 0.0863473
1 0.606545 0.441833 0.15888 0.0751991
1 0.404853 0.0222413 0.137834 0.0441897
1 0.389518 0.61436 0.0991793 0.0743833
2 0.96152 0.953249 0.0758437 0.0927936
1 0.9635 0.00770316 0.0698318 0.0154003
