1 0.548875 0.243443 0.132973 0.147091
2 0.674545 0.461872 0.243645 0.255677
1 0.191137 0.530971 0.145602 0.150906
0 0.137874 0.221856 0.0921407 0.135502
1 0.128523 0.575401 0.143597 0.156982
1 0.229454 0.153235 0.111669 0.114221
1 0.171132 0.941188 0.126664 0.109518
1 0.111824 0.874815 0.113772 0.115913
1 0.116722 0.341832 0.105253 0.0783343
1 0.245597 0.464839 0.151986 0.168288
1 0.472087 0.297358 0.123328 0.136032
1 0.254996 0.338912 0.0975839 0.0826372
1 0.370462 0.045088 0.109119 0.090176
1 0.300921 0.0852324 0.118883 0.116645
2 0.549529 0.730359 0.477892 0.493839
1 0.207574 0.302116 0.0723262 0.069222
1 0.381375 0.397952 0.162147 0.203268
1 0.0356161 0.74684 0.0712323 0.129532
1 0.628783 0.200893 0.132269 0.138215
1 0.0445253 0.192856 0.0890061 0.132505
0 0.832511 0.177126 0.117336 0.133568
1 0.714257 0.165468 0.123009 0.191596
2 0.806408 0.911712 0.209413 0.172495
1 0.455316 0.028429 0.107787 0.0567206
1 0.0404729 0.974544 0.0805493 0.0506139
0 0.0322058 0.357309 0.0643113 0.115092
1 0.777117 0.0438136 0.159811 0.0876272
1 0.0573402 0.817542 0.114156 0.135557
0 0.716475 0.166642 0.124694 0.19705
1 0.325352 0.414717 0.167314 0.169229
1 0.0342991 0.358899 0.0669459 0.115943
1 0.0219371 0.110043 0.0417012 0.0656884
