1 0.808917 0.721216 0.157425 0.166674
1 0.936527 0.831791 0.125415 0.149566
0 0.903084 0.304573 0.170064 0.173393
1 0.817404 0.276469 0.113062 0.112074
1 0.0909108 0.564662 0.145318 0.15066
1 0.160849 0.62211 0.137081 0.139958
1 0.298063 0.40063 0.0992664 0.101212
1 0.655055 0.387544 0.116322 0.110012
1 0.829001 0.522577 0.120722 0.118494
1 0.600658 0.116457 0.150506 0.149651
1 0.711982 0.707614 0.0998514 0.10701
1 0.5081 0.544026 0.123185 0.12611
1 0.952271 0.372004 0.0954587 0.124216
1 0.325443 0.746921 0.130947 0.140547
1 0.759527 0.472495 0.118677 0.120168
1 0.3763 0.448073 0.130311 0.134849
1 0.0416353 0.794066 0.0832706 0.120483
1 0.570396 0.344979 0.12391 0.120849
1 0.654242 0.655738 0.117579 0.127481
1 0.508552 0.293621 0.102665 0.108597
2 0.539649 0.935486 0.133678 0.127805
1 0.671858 0.180437 0.123199 0.118531
1 0.342011 0.196209 0.147698 0.123367
1 0.862437 0.80943 0.111755 0.115364
1 0.876669 0.0668216 0.129991 0.130735
1 0.534247 0.0786604 0.112799 0.110028
1 0.461738 0.830901 0.11122 0.121015
1 0.900325 0.571599 0.108524 0.109822
1 0.16416 0.289773 0.190224 0.191016
1 0.952674 0.621171 0.0941606 0.144533
1 0.696591 0.458768 0.144501 0.169112
1 0.793212 0.0334143 0.107385 0.0666408
1 0.442357 0.496019 0.112278 0.113888
1 0.571223 0.622339 0.135088 0.134292
1 0.304503 0.0909633 0.12112 0.106405
1 0.976925 0.157632 0.0457981 0.0863367
1 0.217459 0.243 0.0823518 0.0832509
1 0.346364 0.030441 0.110114 0.0601141
1 0.762034 0.201372 0.153437 0.170205
1 0.88529 0.176068 0.0999968 0.0921282
1 0.0936856 0.206312 0.114002 0.126885
1 0.215385 0.920393 0.169887 0.158441
1 0.216626 0.35196 0.14152 0.159459
1 0.0234463 0.884715 0.0464549 0.0966512
0 0.218796 0.350928 0.151931 0.156496
1 0.98096 0.424318 0.0375645 0.0747849
0 0.215535 0.92083 0.16935 0.157022
1 0.38842 0.810065 0.142665 0.145783
1 0.0193837 0.526117 0.0384459 0.0862317
1 0.456589 0.913666 0.055537 0.0582789
