0 0.584581 0.34128 0.0944407 0.142877
1 0.240928 0.822545 0.13547 0.0869325
1 0.380484 0.899217 0.114031 0.0940549
1 0.398616 0.738849 0.105567 0.0883102
1 0.616069 0.0511649 0.0864348 0.0850474
1 0.782714 0.825982 0.147485 0.0957234
1 0.22768 0.904456 0.129964 0.0805299
1 0.628702 0.893591 0.124846 0.0826211
1 0.254358 0.652039 0.117198 0.0849154
1 0.0424001 0.582229 0.0846246 0.0831134
0 0.478767 0.0441095 0.135393 0.088219
1 0.0538763 0.374487 0.0808749 0.124045
1 0.87621 0.675908 0.137288 0.0664885
1 0.626283 0.807487 0.113034 0.082866
1 0.624122 0.966785 0.126178 0.0661913
1 0.0482409 0.662465 0.0964817 0.0836967
1 0.384605 0.819533 0.117957 0.075814
1 0.250066 0.737179 0.120219 0.0806134
1 0.265295 0.561087 0.132651 0.114256
1 0.782115 0.9129 0.156091 0.0876138
1 0.9627 0.458736 0.0744996 0.0590183
1 0.368924 0.970482 0.132053 0.059036
1 0.938414 0.572424 0.110067 0.0598207
1 0.230269 0.967875 0.136953 0.0641899
0 0.495473 0.356929 0.0879083 0.158809
0 0.406572 0.360663 0.089692 0.136925
1 0.971744 0.029398 0.0565115 0.0585469
1 0.889419 0.028944 0.0663223 0.0573522
1 0.776851 0.975863 0.146417 0.0477942
1 0.977255 0.850362 0.0454631 0.0978496
1 0.762407 0.503593 0.150499 0.125185
0 0.676891 0.336787 0.101269 0.137429
1 0.677479 0.335971 0.0991387 0.135229
1 0.667392 0.706134 0.139277 0.109319
1 0.683099 0.625465 0.147049 0.0559165
1 0.979422 0.938857 0.0407562 0.0797262
1 0.409111 0.360702 0.0917695 0.132603
1 0.404637 0.652284 0.104907 0.081372
1 0.278241 0.350172 0.166199 0.159029
1 0.856341 0.314703 0.237327 0.17066
1 0.766634 0.528726 0.134449 0.0685269
0 0.280584 0.352036 0.157102 0.155968
0 0.546861 0.0597521 0.0542744 0.0843042
1 0.236396 0.373368 0.0763485 0.108043
1 0.134409 0.354847 0.0955173 0.156336
1 0.730338 0.0371332 0.0988519 0.0677676
1 0.032946 0.823288 0.0655408 0.0879123
1 0.495323 0.352262 0.0866935 0.14615
1 0.777003 0.470591 0.0932152 0.0524725
0 0.0435446 0.744881 0.0867816 0.0905659
1 0.949664 0.514563 0.100229 0.0573886
1 0.423164 0.578294 0.090866 0.0745645
1 0.0441094 0.74601 0.0869743 0.0885646
2 0.0406425 0.0765165 0.0802089 0.152183
1 0.00793951 0.916018 0.0153224 0.0676996
1 0.919257 0.628345 0.141954 0.0626979
0 0.720997 0.58081 0.113766 0.069945
1 0.815988 0.0461786 0.0815184 0.0916167
1 0.0223256 0.915412 0.0446512 0.0845263
1 0.0184194 0.973821 0.036367 0.0520787
