1 0.891667 0.838688 0.11648 0.0986365
1 0.305298 0.713627 0.134672 0.104375
0 0.505353 0.272687 0.0569819 0.0819066
1 0.860095 0.578837 0.0970287 0.118208
1 0.114747 0.880312 0.0996296 0.0735133
1 0.706215 0.656906 0.124363 0.0932176
1 0.588425 0.405059 0.113373 0.0984583
1 0.0322048 0.768906 0.06428 0.0729054
1 0.332639 0.385942 0.107248 0.116457
1 0.140447 0.970934 0.0996248 0.0581321
1 0.629451 0.181254 0.0757898 0.050365
3 0.609173 0.0506066 0.195562 0.100444
1 0.158956 0.657048 0.0837127 0.0819635
0 0.630545 0.254004 0.0843892 0.0687169
0 0.93753 0.304414 0.0987579 0.113241
1 0.171299 0.065044 0.10706 0.102714
0 0.318003 0.260165 0.0817648 0.0812429
1 0.318401 0.259421 0.080709 0.07954
0 0.75565 0.333398 0.0828856 0.104765
3 0.966838 0.206657 0.0651555 0.227341
0 0.269948 0.290134 0.0601163 0.0504556
1 0.75476 0.333913 0.0829988 0.104159
0 0.170178 0.0656836 0.106131 0.102817
