0 0.877335 0.300907 0.130252 0.11373
1 0.618127 0.637174 0.108776 0.109007
0 0.759062 0.428698 0.137224 0.133003
1 0.480969 0.204381 0.102407 0.103822
1 0.329014 0.0883102 0.0989821 0.105384
1 0.784333 0.571537 0.123081 0.12711
1 0.412053 0.145372 0.0886732 0.0892847
1 0.125603 0.933137 0.0828286 0.097518
1 0.300243 0.958176 0.105256 0.0821905
1 0.541518 0.584697 0.11824 0.108657
1 0.75656 0.741823 0.105658 0.104824
1 0.601263 0.435875 0.128824 0.126173
0 0.1388 0.546929 0.114147 0.136699
0 0.0515001 0.525636 0.0831849 0.0928948
1 0.581318 0.234678 0.113402 0.125787
1 0.612044 0.833019 0.146378 0.149683
1 0.307494 0.586322 0.0952421 0.107832
1 0.475329 0.947979 0.13502 0.104042
1 0.199565 0.156087 0.107087 0.109596
1 0.132134 0.716443 0.0916083 0.106125
1 0.890832 0.950707 0.146964 0.0985867
1 0.664191 0.0491269 0.115545 0.0982539
1 0.0948142 0.260414 0.109909 0.11157
0 0.829546 0.189018 0.101485 0.0953685
1 0.615972 0.138617 0.107915 0.0927028
1 0.282822 0.898307 0.0699402 0.0562673
0 0.302239 0.221452 0.101555 0.14571
1 0.682565 0.697691 0.110337 0.0994127
1 0.305071 0.196452 0.0908698 0.0916097
0 0.0405194 0.678878 0.0800471 0.13635
0 0.851706 0.155579 0.147042 0.166527
1 0.52087 0.10561 0.0968636 0.0927342
0 0.682624 0.698645 0.109496 0.102103
0 0.0455651 0.0173032 0.0865827 0.0344097
0 0.34685 0.484236 0.161753 0.14308
1 0.571503 0.125497 0.199483 0.135204
1 0.346393 0.706219 0.046514 0.0307221
0 0.974122 0.556256 0.0514469 0.0972719
1 0.353907 0.660558 0.0470903 0.0444012
1 0.0463282 0.0173527 0.0885584 0.0347053
