0 0.586865 0.0850642 0.110552 0.133344
2 0.23132 0.561208 0.201472 0.397187
1 0.844728 0.176162 0.142816 0.182009
0 0.505521 0.0755051 0.124479 0.150371
0 0.670301 0.129464 0.141261 0.196513
1 0.747118 0.183289 0.162133 0.247037
2 0.899009 0.536907 0.201174 0.18225
3 0.980292 0.756203 0.0393008 0.165591
0 0.922717 0.22025 0.121956 0.154362
1 0.323213 0.0591221 0.12624 0.118244
0 0.230239 0.0340153 0.0891947 0.0680261
0 0.749318 0.181513 0.156882 0.243538
2 0.604831 0.679572 0.173053 0.340705
1 0.506228 0.0749013 0.124726 0.149803
1 0.974491 0.227596 0.0509558 0.157806
1 0.917667 0.215252 0.116908 0.147555
0 0.422529 0.0524796 0.112941 0.10264
2 0.549998 0.318271 0.269743 0.207031
1 0.325325 0.978923 0.0859526 0.0418233
0 0.77146 0.988449 0.080724 0.0228047
