1 0.929448 0.0506591 0.141104 0.101318
1 0.494573 0.69374 0.159281 0.124319
0 0.309304 0.213481 0.13313 0.114874
1 0.213478 0.568441 0.120857 0.102532
1 0.271847 0.133712 0.158333 0.131551
1 0.159584 0.921864 0.118187 0.126324
1 0.663678 0.211599 0.0881896 0.0814495
1 0.176589 0.620826 0.126809 0.107782
1 0.882294 0.493159 0.111818 0.102974
1 0.631255 0.0944172 0.12228 0.126784
1 0.794898 0.515955 0.119904 0.133302
1 0.404903 0.450287 0.150725 0.118053
1 0.0576145 0.144168 0.115229 0.119641
1 0.0534114 0.458033 0.106823 0.106313
1 0.145615 0.206503 0.0899647 0.0871794
1 0.139622 0.681843 0.126686 0.104111
1 0.912907 0.808632 0.0983343 0.0948759
1 0.138183 0.2907 0.146667 0.126717
1 0.0324125 0.208948 0.064825 0.0929305
1 0.515003 0.131687 0.116075 0.122099
1 0.736762 0.402532 0.123168 0.140645
1 0.33512 0.290348 0.141422 0.111799
1 0.565814 0.283035 0.120474 0.120507
1 0.602602 0.93336 0.158575 0.122341
1 0.0504745 0.854246 0.100949 0.135489
1 0.0365725 0.525752 0.073145 0.104558
1 0.732753 0.691144 0.127789 0.109053
1 0.819544 0.346058 0.124988 0.105289
1 0.443015 0.529115 0.175822 0.12646
1 0.875349 0.709427 0.151774 0.146383
1 0.220922 0.947196 0.125218 0.105608
1 0.778956 0.784621 0.131699 0.142198
1 0.248373 0.51219 0.129652 0.101913
1 0.912412 0.316897 0.108559 0.110531
1 0.377148 0.375972 0.161034 0.130077
1 0.949287 0.916226 0.100167 0.0981405
1 0.239154 0.057067 0.16979 0.114134
1 0.261425 0.454632 0.0786405 0.0762039
1 0.543841 0.810993 0.188942 0.198063
1 0.611844 0.361508 0.119965 0.11616
1 0.811795 0.904579 0.097579 0.103375
1 0.0993642 0.89056 0.127396 0.144706
1 0.68628 0.58111 0.129372 0.117301
1 0.95743 0.123617 0.0833399 0.104926
1 0.96663 0.451878 0.0665404 0.0844209
1 0.854226 0.962944 0.118061 0.0737489
1 0.457943 0.610466 0.152053 0.113236
1 0.0215895 0.8023 0.0428005 0.0929289
1 0.965313 0.208378 0.0689805 0.101094
1 0.0847728 0.0792833 0.158925 0.141781
1 0.837292 0.174076 0.094568 0.094409
1 0.0728651 0.400875 0.144834 0.116314
1 0.197708 0.0167565 0.0994293 0.033318
1 0.106176 0.346985 0.147514 0.135324
1 0.571759 0.854677 0.129301 0.112997
1 0.295395 0.965545 0.0987996 0.0685916
1 0.976612 0.292215 0.0463827 0.0913601
0 0.646596 0.482351 0.118036 0.120947
1 0.79414 0.0537526 0.0976804 0.106779
1 0.647388 0.477747 0.11339 0.106276
1 0.0140525 0.594169 0.0277951 0.0616241
1 0.0359367 0.980153 0.0709099 0.0396566
0 0.46008 0.0173914 0.0903047 0.0346258
