1 0.183563 0.763107 0.136666 0.128015
1 0.862513 0.250885 0.1521 0.14485
0 0.532949 0.351204 0.181685 0.152483
1 0.690019 0.0937522 0.127726 0.118762
1 0.859509 0.942943 0.176559 0.112813
1 0.959091 0.493751 0.0815698 0.131961
1 0.348724 0.558942 0.156653 0.149982
1 0.138544 0.848989 0.170592 0.145169
1 0.0681877 0.552096 0.136375 0.141224
1 0.686637 0.490737 0.133775 0.117481
1 0.63471 0.547446 0.150136 0.136102
1 0.890954 0.630185 0.160479 0.123262
1 0.354437 0.904822 0.137883 0.137748
1 0.81562 0.708635 0.126722 0.12412
1 0.415465 0.843075 0.128391 0.12111
1 0.930287 0.906925 0.139425 0.134138
1 0.158877 0.394888 0.167527 0.149842
1 0.278654 0.270737 0.125451 0.127322
1 0.807698 0.347381 0.125293 0.128419
1 0.454674 0.74982 0.186316 0.186821
1 0.235077 0.702537 0.129451 0.134349
0 0.314672 0.18005 0.165918 0.155274
0 0.574415 0.284719 0.158195 0.157379
1 0.951815 0.0600773 0.0952463 0.120155
0 0.657324 0.921457 0.132328 0.127173
0 0.383657 0.12724 0.153054 0.162123
1 0.720399 0.850538 0.14812 0.129298
1 0.643129 0.156925 0.124333 0.11166
1 0.938507 0.573601 0.122985 0.138012
1 0.0751938 0.0817938 0.145321 0.137586
1 0.534563 0.701571 0.123184 0.12134
0 0.0540107 0.428134 0.0753417 0.0777847
1 0.109514 0.471731 0.169429 0.163277
1 0.30231 0.629856 0.157904 0.150814
0 0.444154 0.0509335 0.126273 0.101867
1 0.7536 0.775627 0.102343 0.110595
1 0.222701 0.342727 0.108006 0.12445
0 0.735792 0.405528 0.17236 0.163683
1 0.0295665 0.630161 0.0587126 0.105652
0 0.0746482 0.0824259 0.145672 0.137278
1 0.65616 0.920807 0.148142 0.131105
1 0.612335 0.964442 0.133976 0.070672
1 0.585914 0.62785 0.146734 0.135475
1 0.0686181 0.917241 0.13467 0.129006
0 0.384738 0.483018 0.11581 0.110192
1 0.732397 0.407066 0.167977 0.167795
1 0.572655 0.285956 0.155224 0.156714
1 0.442822 0.0519888 0.125123 0.103978
1 0.309232 0.963663 0.112871 0.0726743
1 0.735287 0.190491 0.143096 0.142534
1 0.0441054 0.959404 0.0870346 0.0798633
1 0.839705 0.799473 0.055038 0.0482585
1 0.501837 0.0211064 0.0814116 0.0422128
0 0.132454 0.0322477 0.130108 0.0641833
1 0.77851 0.231896 0.0596212 0.0687526
0 0.104093 0.469907 0.170594 0.172462
0 0.58646 0.627672 0.150201 0.13683
0 0.2239 0.337611 0.111848 0.132505
