1 0.257914 0.107738 0.155729 0.144526
1 0.0902996 0.0713816 0.109161 0.10323
1 0.0572174 0.151583 0.113906 0.133578
1 0.0659256 0.405293 0.131851 0.135624
1 0.137888 0.32675 0.135591 0.135214
1 0.218028 0.185573 0.151376 0.129591
1 0.366572 0.934772 0.151349 0.129942
1 0.326905 0.0534517 0.11517 0.106903
1 0.140027 0.027018 0.0979182 0.0540361
1 0.182399 0.258645 0.13567 0.111974
1 0.449963 0.967329 0.135355 0.0649586
1 0.128684 0.821402 0.23622 0.170159
1 0.122892 0.702622 0.117091 0.0941639
1 0.377538 0.019609 0.0663283 0.0391247
1 0.035871 0.22407 0.0711101 0.110511
1 0.0198754 0.351608 0.0395187 0.104558
2 0.129428 0.824131 0.237626 0.171246
