1 0.746678 0.589008 0.140662 0.081351
1 0.496081 0.220954 0.138842 0.0880979
1 0.743386 0.505861 0.130888 0.0881339
1 0.90064 0.756999 0.114625 0.0935422
1 0.351179 0.398678 0.126766 0.0827782
1 0.151825 0.572057 0.136873 0.144343
1 0.492638 0.391959 0.133318 0.0828205
1 0.727174 0.178654 0.127726 0.0800798
1 0.727995 0.264156 0.123529 0.0807307
1 0.726966 0.344358 0.112167 0.0719451
1 0.303827 0.703142 0.140734 0.152792
1 0.349404 0.30227 0.125192 0.0972997
1 0.746389 0.67505 0.135847 0.0883226
1 0.107145 0.822689 0.175968 0.178323
1 0.106375 0.38817 0.146285 0.15034
1 0.897106 0.893542 0.154575 0.100972
1 0.905303 0.664775 0.112556 0.0914948
1 0.355284 0.483179 0.132412 0.0879301
1 0.498783 0.306175 0.143372 0.0882874
1 0.911124 0.971994 0.119164 0.0552995
1 0.487151 0.133967 0.125757 0.0731973
1 0.434817 0.691285 0.102035 0.116793
1 0.348982 0.212173 0.130027 0.087489
1 0.103452 0.181061 0.130759 0.0785007
1 0.108028 0.0971103 0.117282 0.0838472
1 0.502669 0.483933 0.114654 0.0978968
1 0.529681 0.685315 0.0891064 0.108785
1 0.751666 0.972947 0.134754 0.0538414
1 0.0985835 0.263195 0.142706 0.0906736
0 0.878422 0.488291 0.124286 0.0881554
1 0.879349 0.312702 0.12267 0.072539
1 0.0463427 0.708914 0.0926855 0.101847
1 0.151648 0.918671 0.107874 0.100472
1 0.858078 0.0422424 0.137865 0.0802679
1 0.489124 0.0451253 0.105846 0.0852906
1 0.747691 0.895241 0.144662 0.10994
0 0.746949 0.76596 0.148249 0.0912759
0 0.721983 0.0959923 0.118042 0.0805765
1 0.877464 0.396907 0.131505 0.0831237
1 0.887668 0.217998 0.137576 0.0876139
1 0.101929 0.0270064 0.128433 0.0530551
0 0.712047 0.026446 0.110482 0.052892
2 0.859178 0.0418947 0.141335 0.0837168
1 0.744731 0.763951 0.143432 0.0886164
1 0.711818 0.0261442 0.109019 0.0520387
