1 0.0926623 0.501456 0.135509 0.0984253
1 0.3308 0.467202 0.148124 0.118395
1 0.438643 0.175877 0.124723 0.0970808
1 0.0746216 0.414833 0.132288 0.0951132
1 0.144506 0.777331 0.113974 0.133345
1 0.314834 0.733769 0.121563 0.136094
1 0.289361 0.194515 0.137384 0.0955173
1 0.866561 0.299346 0.116563 0.119913
1 0.830649 0.556908 0.11076 0.129554
1 0.0531654 0.808496 0.106125 0.147255
1 0.459888 0.352492 0.152587 0.103527
1 0.673909 0.0484762 0.134787 0.0969525
1 0.694001 0.135367 0.140029 0.101521
1 0.319367 0.368271 0.141241 0.101141
1 0.299673 0.284187 0.138614 0.102542
1 0.261709 0.0368974 0.145855 0.0737226
1 0.0512067 0.233887 0.102413 0.0994486
1 0.410001 0.706909 0.118725 0.144295
1 0.822814 0.0395331 0.136147 0.0790662
1 0.229499 0.762521 0.110005 0.145378
1 0.885175 0.933874 0.105319 0.123556
1 0.90571 0.530763 0.1158 0.125706
1 0.851535 0.206456 0.137592 0.0915796
1 0.698633 0.220999 0.134672 0.0906368
1 0.470622 0.436768 0.132238 0.0965725
1 0.833547 0.119418 0.135475 0.0975748
1 0.0604478 0.318854 0.120896 0.0973955
0 0.500133 0.692146 0.128752 0.169084
0 0.746803 0.587711 0.114936 0.133905
1 0.639492 0.95324 0.115939 0.0935204
1 0.0461114 0.145723 0.0919109 0.0952215
1 0.549696 0.960047 0.0987577 0.0799052
1 0.71896 0.324641 0.134199 0.105008
1 0.269215 0.108731 0.111775 0.0884827
1 0.371346 0.981136 0.0906416 0.0374095
1 0.968679 0.915546 0.0616481 0.13034
1 0.966884 0.510235 0.0654973 0.142974
1 0.499091 0.691648 0.126155 0.16362
1 0.455712 0.262438 0.157088 0.0990075
1 0.428505 0.0193332 0.090116 0.038254
1 0.0378871 0.0719795 0.0749812 0.0659191
0 0.567064 0.64757 0.103986 0.120802
1 0.748233 0.589729 0.121809 0.136079
1 0.457426 0.9661 0.0804801 0.0674014
1 0.00744082 0.828502 0.014645 0.0990963
