0 0.453373 0.0423466 0.136633 0.0846933
1 0.821848 0.719942 0.0819001 0.0873668
1 0.316874 0.823663 0.111703 0.0864735
0 0.552516 0.27978 0.10019 0.09269
1 0.662987 0.599836 0.0715251 0.0873263
1 0.318144 0.544125 0.124036 0.103466
1 0.499521 0.617176 0.0998459 0.102916
1 0.195148 0.937264 0.0870097 0.123972
1 0.451691 0.427561 0.11332 0.14903
1 0.711756 0.972096 0.0548854 0.0557829
1 0.31616 0.445383 0.0946516 0.0675917
1 0.220653 0.260572 0.0756889 0.106679
1 0.347519 0.94883 0.11968 0.100451
1 0.89426 0.432935 0.0619959 0.0794548
1 0.516528 0.812281 0.116334 0.108162
1 0.637831 0.0931253 0.103585 0.0943078
1 0.040654 0.465676 0.0813081 0.0903686
1 0.573273 0.430638 0.0879068 0.103884
1 0.591506 0.652475 0.0850389 0.0587728
1 0.854371 0.961048 0.0720756 0.0686458
0 0.691884 0.757881 0.0911438 0.0637584
0 0.299173 0.270083 0.0841601 0.0854238
1 0.0830558 0.282788 0.0746081 0.109635
1 0.300476 0.269581 0.0820739 0.0875971
0 0.0186959 0.96166 0.0373918 0.0749738
0 0.574008 0.428932 0.0884967 0.102339
0 0.329615 0.689837 0.123373 0.0922242
1 0.659714 0.430922 0.0765219 0.127816
1 0.0241833 0.0789701 0.0481405 0.123434
1 0.626097 0.931438 0.0668583 0.108821
0 0.674701 0.233047 0.0597777 0.156988
0 0.42835 0.194036 0.0946743 0.122721
1 0.32907 0.69061 0.126567 0.0939503
1 0.0217434 0.312941 0.0434868 0.121906
0 0.658171 0.433864 0.0776013 0.131154
0 0.778577 0.250526 0.126147 0.0727732
1 0.20421 0.662597 0.0923907 0.0561495
1 0.722274 0.0304666 0.0646343 0.06078
