1 0.208128 0.378521 0.136334 0.149095
1 0.266259 0.160328 0.117766 0.119124
1 0.915225 0.0408676 0.123468 0.0814762
1 0.191265 0.663689 0.126441 0.11204
1 0.339335 0.670562 0.0828825 0.0890512
1 0.396642 0.714257 0.0898969 0.099689
0 0.610784 0.0476947 0.139833 0.0953893
1 0.428462 0.540016 0.102634 0.110481
1 0.214928 0.0967122 0.0930867 0.0858667
1 0.0931213 0.785673 0.152476 0.132631
1 0.13489 0.726785 0.110351 0.106685
1 0.77112 0.0478904 0.103711 0.0954874
1 0.597219 0.347239 0.121915 0.108996
0 0.222715 0.231452 0.109197 0.0968791
1 0.278785 0.41913 0.130274 0.120895
1 0.0700033 0.513635 0.139968 0.152701
1 0.799831 0.146495 0.0987678 0.0829216
1 0.862546 0.0938175 0.133632 0.138856
1 0.355875 0.473927 0.116281 0.127102
1 0.704459 0.239084 0.112423 0.103002
0 0.581535 0.440297 0.136672 0.136614
1 0.511111 0.0952388 0.137837 0.109541
1 0.376547 0.027169 0.0852322 0.054187
0 0.490743 0.476452 0.110425 0.105061
1 0.640342 0.0168731 0.0797904 0.0337462
1 0.296752 0.64344 0.0754861 0.080701
1 0.481824 0.756882 0.139047 0.120885
0 0.358037 0.470211 0.118765 0.131806
1 0.584341 0.441998 0.1417 0.135681
1 0.775336 0.2702 0.124632 0.142537
1 0.593602 0.160586 0.142211 0.114748
0 0.0247709 0.447568 0.0495418 0.097712
