1 0.858312 0.257495 0.110932 0.113341
2 0.255695 0.146219 0.322998 0.291192
1 0.758739 0.570871 0.153103 0.114857
1 0.809426 0.859175 0.0899065 0.114517
1 0.853569 0.662172 0.0855628 0.103737
1 0.660548 0.889692 0.131016 0.0990164
1 0.473432 0.690614 0.144005 0.110055
1 0.738321 0.65027 0.150289 0.107036
1 0.441127 0.855145 0.119675 0.0985663
1 0.488652 0.614661 0.146182 0.0978842
1 0.823128 0.054059 0.126338 0.108118
1 0.688752 0.141446 0.143634 0.129792
1 0.515668 0.539613 0.124676 0.0954915
1 0.701359 0.819196 0.150299 0.116248
1 0.63319 0.202504 0.112153 0.112318
1 0.885549 0.886003 0.0858829 0.10167
1 0.457143 0.77786 0.133552 0.0965765
1 0.965422 0.596826 0.0677996 0.0905837
1 0.965986 0.876559 0.066136 0.11833
1 0.772814 0.481769 0.123379 0.0918107
1 0.708415 0.733089 0.125881 0.103611
1 0.745172 0.0717835 0.117185 0.111593
2 0.116827 0.281824 0.179909 0.184435
1 0.528603 0.449428 0.144664 0.108331
1 0.937548 0.41984 0.123559 0.113973
1 0.977374 0.168215 0.0450299 0.0963143
1 0.421742 0.938033 0.16012 0.117914
1 0.772265 0.972224 0.0844176 0.0553209
1 0.9736 0.683909 0.0518351 0.0754523
1 0.937902 0.521935 0.124195 0.115769
0 0.166194 0.563435 0.143638 0.114727
1 0.858299 0.978087 0.0887311 0.043803
1 0.167024 0.564569 0.143858 0.113472
1 0.782864 0.405528 0.120725 0.0959396
1 0.61622 0.959491 0.0970864 0.0805674
0 0.892571 0.0259569 0.102757 0.0517823
1 0.895553 0.023805 0.100975 0.047521
1 0.687045 0.987162 0.0830221 0.0256753
