2 0.898308 0.155227 0.130107 0.181777
1 0.395579 0.120095 0.0861967 0.0814839
1 0.558065 0.0886146 0.144504 0.105074
2 0.112696 0.355586 0.222775 0.146529
1 0.515034 0.15777 0.120964 0.103348
0 0.302004 0.105176 0.083104 0.105844
1 0.597411 0.0319521 0.111772 0.0636756
1 0.185178 0.0844659 0.0774915 0.119049
1 0.23474 0.0930521 0.0658356 0.101557
2 0.232834 0.484711 0.459119 0.431684
2 0.0530871 0.831766 0.105311 0.239122
0 0.585657 0.0317278 0.136414 0.0632282
3 0.91273 0.590369 0.174539 0.442003
1 0.0207324 0.0672163 0.0412183 0.10082
0 0.11775 0.0746568 0.0654844 0.119867
3 0.052317 0.82414 0.103515 0.224981
3 0.684594 0.324479 0.142118 0.181315
2 0.923948 0.590945 0.151145 0.451801
1 0.118681 0.0751887 0.063318 0.119377
