1 0.395778 0.440655 0.101024 0.0949506
1 0.698658 0.33553 0.12246 0.137025
0 0.0869299 0.191392 0.110346 0.104594
0 0.226187 0.0733764 0.141373 0.144407
1 0.358882 0.277791 0.120487 0.110278
1 0.959365 0.922118 0.0805113 0.119173
1 0.196052 0.28797 0.121336 0.130664
1 0.818733 0.287763 0.100152 0.10753
1 0.710345 0.144348 0.0836234 0.0956805
1 0.917925 0.289867 0.1313 0.156097
0 0.359275 0.27868 0.119275 0.111127
0 0.0306509 0.0829396 0.0613019 0.0636025
0 0.922169 0.29443 0.142495 0.170686
0 0.820062 0.294692 0.10511 0.123628
