1 0.850197 0.328343 0.136552 0.144014
1 0.850944 0.949135 0.0986301 0.0879339
0 0.123534 0.557669 0.149947 0.131449
1 0.147164 0.859336 0.159499 0.116635
1 0.687197 0.865179 0.140219 0.141114
1 0.610409 0.911804 0.128234 0.126896
1 0.762136 0.549698 0.129651 0.149079
1 0.354991 0.500279 0.149523 0.126476
1 0.275473 0.768638 0.102053 0.100285
1 0.683349 0.155984 0.120173 0.118239
1 0.221683 0.265698 0.150723 0.133541
1 0.175181 0.62616 0.130182 0.123231
1 0.388234 0.245984 0.121397 0.108273
1 0.439942 0.320933 0.11025 0.0987886
1 0.612099 0.203794 0.129918 0.1293
1 0.765307 0.11329 0.11791 0.112961
1 0.597934 0.660317 0.148124 0.153151
1 0.0519678 0.406097 0.103736 0.124603
1 0.2628 0.355501 0.147626 0.112707
0 0.856773 0.775154 0.131775 0.154272
1 0.0304646 0.325088 0.0608363 0.0951824
1 0.706318 0.412388 0.123621 0.136184
1 0.924605 0.287617 0.137901 0.150483
1 0.842283 0.0622423 0.123856 0.122132
1 0.337046 0.180869 0.13231 0.118318
1 0.106952 0.0887019 0.152522 0.125273
1 0.84567 0.507715 0.130267 0.140499
1 0.0819217 0.482515 0.163843 0.14882
1 0.775893 0.367198 0.134133 0.147344
0 0.613169 0.0524948 0.139037 0.103681
1 0.689022 0.606294 0.103398 0.121974
1 0.760115 0.80456 0.121537 0.110357
1 0.503479 0.72214 0.139773 0.133834
1 0.101743 0.796077 0.16315 0.125193
1 0.0514029 0.728683 0.101894 0.105987
1 0.235223 0.963608 0.156204 0.0725889
0 0.316745 0.843051 0.146606 0.126747
1 0.310441 0.417717 0.141497 0.125215
1 0.404344 0.575999 0.150099 0.138138
1 0.904204 0.453632 0.130091 0.136121
1 0.936633 0.7087 0.122028 0.126879
1 0.35966 0.923419 0.167028 0.140985
1 0.177823 0.9333 0.147373 0.132086
1 0.523954 0.0634739 0.126391 0.119344
1 0.592453 0.43746 0.0782838 0.0819533
1 0.965666 0.230925 0.0684584 0.130906
1 0.455146 0.65045 0.14189 0.120776
1 0.972528 0.41653 0.0546741 0.113329
1 0.226245 0.71189 0.153392 0.118411
1 0.975005 0.847346 0.0496461 0.0833559
1 0.416431 0.96417 0.148208 0.0708687
0 0.921062 0.0384651 0.128894 0.0768975
1 0.0567081 0.0382916 0.113416 0.0761627
1 0.0298094 0.646395 0.0596187 0.103568
1 0.920152 0.0382383 0.12867 0.0761579
1 0.685529 0.982802 0.105898 0.0342295
0 0.523001 0.0636623 0.124646 0.120482
