0 0.812494 0.956344 0.135223 0.0873127
1 0.924034 0.38712 0.121225 0.141614
1 0.603708 0.30305 0.101174 0.121611
1 0.279475 0.608474 0.0847471 0.101417
1 0.294558 0.146857 0.083371 0.0631915
0 0.939558 0.708148 0.106634 0.109814
0 0.697041 0.369821 0.0938756 0.100283
1 0.971242 0.575443 0.0570347 0.131313
0 0.596253 0.839626 0.0927049 0.083262
0 0.62422 0.763151 0.0894823 0.0763223
1 0.657053 0.694053 0.11226 0.121186
0 0.0853048 0.745042 0.128584 0.11939
1 0.783903 0.419615 0.108613 0.0964
1 0.805713 0.408108 0.054028 0.0502741
1 0.696997 0.369014 0.0964315 0.0986373
