1 0.770352 0.943448 0.100179 0.110744
1 0.771451 0.707016 0.133685 0.161634
0 0.910523 0.320854 0.137793 0.164414
0 0.73579 0.271875 0.138698 0.16879
1 0.580544 0.39895 0.118546 0.107692
1 0.0996755 0.0646753 0.0810867 0.129351
1 0.852226 0.476989 0.121431 0.130774
3 0.0546418 0.733304 0.108288 0.264094
1 0.969571 0.352069 0.0599816 0.131579
0 0.646798 0.8871 0.099016 0.115916
2 0.310559 0.250479 0.296734 0.215745
2 0.226982 0.972892 0.18764 0.05266
0 0.702557 0.923798 0.0974934 0.101206
0 0.526165 0.764203 0.0889568 0.0948172
1 0.942248 0.748679 0.115504 0.136412
1 0.0244435 0.0352838 0.0486838 0.0705677
0 0.595865 0.858142 0.0898545 0.114839
1 0.624038 0.232811 0.158355 0.169595
0 0.863442 0.74215 0.110427 0.152818
1 0.821249 0.0615979 0.102761 0.115444
0 0.837244 0.284105 0.118829 0.104575
1 0.68382 0.419624 0.104931 0.132603
0 0.467709 0.742533 0.0863595 0.130811
1 0.943245 0.504377 0.111707 0.145907
0 0.963172 0.119886 0.072523 0.119897
0 0.561702 0.822168 0.0899113 0.123479
0 0.697276 0.683768 0.114849 0.16069
0 0.607477 0.637078 0.12443 0.144768
1 0.751421 0.0397102 0.120246 0.0789965
1 0.608197 0.633459 0.122146 0.134252
1 0.644177 0.887405 0.0981169 0.115843
1 0.145993 0.325404 0.177979 0.174773
1 0.507497 0.833686 0.0686756 0.0770769
0 0.782702 0.430447 0.0833645 0.0922369
2 0.211944 0.475802 0.265261 0.707655
1 0.699858 0.924205 0.0954216 0.102276
0 0.767062 0.464212 0.114227 0.163613
1 0.187214 0.0846616 0.0821032 0.0715914
