0 0.581325 0.419636 0.126461 0.110846
1 0.318773 0.409103 0.16794 0.168907
1 0.942147 0.0722314 0.115705 0.10771
1 0.371355 0.309699 0.136519 0.122353
1 0.693912 0.421799 0.0864472 0.129303
1 0.249543 0.237173 0.143426 0.129796
1 0.708037 0.961776 0.13992 0.0759246
1 0.508879 0.589141 0.0935447 0.158836
1 0.843962 0.567352 0.0962189 0.122723
1 0.0404332 0.164888 0.0804689 0.127013
1 0.261917 0.833568 0.0959527 0.0880663
1 0.591214 0.594811 0.0859975 0.119692
1 0.471724 0.148833 0.120844 0.129885
1 0.196473 0.328574 0.153976 0.138686
1 0.512243 0.0663866 0.151196 0.1307
1 0.769014 0.106063 0.13922 0.138006
1 0.44796 0.914225 0.153495 0.104622
1 0.679735 0.890061 0.129702 0.0805643
1 0.893461 0.169059 0.110008 0.102034
1 0.291824 0.16119 0.143221 0.128786
1 0.426452 0.613531 0.0922855 0.126886
1 0.338176 0.0727597 0.145461 0.127919
1 0.843923 0.783257 0.130231 0.0992485
1 0.293454 0.978877 0.113042 0.0418599
1 0.890101 0.39195 0.0941024 0.131222
1 0.682266 0.789998 0.147961 0.119855
1 0.413689 0.23253 0.14734 0.130683
1 0.724965 0.173577 0.125861 0.113028
1 0.0510679 0.475779 0.0944952 0.10958
1 0.2553 0.623719 0.0878038 0.112801
1 0.754605 0.57541 0.0863922 0.138145
1 0.440254 0.826615 0.129758 0.0845699
1 0.188386 0.61565 0.128513 0.157628
1 0.0723378 0.0728402 0.144575 0.141681
1 0.788759 0.403131 0.105476 0.117212
1 0.56884 0.0229726 0.0900922 0.0457462
1 0.277168 0.916998 0.122361 0.0916009
1 0.341511 0.606218 0.0866529 0.1424
1 0.670927 0.582375 0.0920053 0.146336
1 0.820785 0.0435168 0.137407 0.0870336
1 0.108788 0.026667 0.120536 0.0532915
1 0.854698 0.870654 0.131371 0.079988
1 0.374699 0.0308903 0.119902 0.0617806
0 0.821261 0.0405008 0.128585 0.0808447
1 0.469019 0.98999 0.119902 0.0197121
0 0.669681 0.585348 0.0930951 0.148729
1 0.877726 0.953905 0.161358 0.0866721
1 0.0297154 0.248274 0.0590646 0.093929
0 0.789673 0.4029 0.102808 0.114538
0 0.636677 0.236439 0.0776486 0.0863028
