1 0.0797624 0.778575 0.126982 0.129631
1 0.0595975 0.612119 0.119195 0.14681
1 0.304707 0.667489 0.118745 0.13511
1 0.121996 0.545489 0.170028 0.164143
1 0.31689 0.810989 0.0698672 0.075428
1 0.194847 0.709818 0.100515 0.101949
1 0.26111 0.558052 0.110515 0.110622
1 0.0691118 0.96169 0.0923361 0.0766195
1 0.62077 0.691114 0.115616 0.134893
1 0.0383338 0.364682 0.0760845 0.118118
1 0.188149 0.48114 0.142814 0.15117
0 0.0370628 0.818172 0.0741256 0.10648
1 0.0231073 0.977066 0.0454799 0.0458689
1 0.26158 0.189199 0.155864 0.128373
1 0.0704251 0.325874 0.116931 0.11198
1 0.691613 0.0520241 0.103076 0.103368
0 0.144616 0.73821 0.111094 0.116251
3 0.362475 0.321021 0.158495 0.155667
1 0.0365207 0.816322 0.0730414 0.109635
1 0.143408 0.741817 0.110411 0.109379
