1 0.494499 0.609394 0.0973749 0.135824
0 0.319145 0.587176 0.0903947 0.141767
1 0.215445 0.767063 0.0812318 0.109814
1 0.917801 0.0394609 0.0874327 0.0789218
1 0.754685 0.644165 0.110753 0.156184
0 0.443353 0.934854 0.116812 0.129023
1 0.123047 0.358676 0.106136 0.14884
1 0.647739 0.374238 0.0911473 0.128854
1 0.507975 0.861148 0.129999 0.171465
1 0.210281 0.342555 0.0998316 0.133437
0 0.685383 0.8661 0.103618 0.118418
1 0.791724 0.23262 0.09278 0.124862
0 0.378252 0.174179 0.0891024 0.146818
0 0.298926 0.16918 0.0920408 0.146822
1 0.0602083 0.870111 0.108938 0.128539
0 0.409939 0.594543 0.0970652 0.143758
1 0.124613 0.177623 0.100719 0.143138
1 0.0592941 0.607469 0.0989001 0.0964867
1 0.710404 0.217253 0.0961375 0.128036
1 0.307948 0.335959 0.0935765 0.138973
1 0.212734 0.166887 0.0862778 0.150344
1 0.628206 0.213328 0.100819 0.141464
1 0.66981 0.613874 0.107394 0.113671
0 0.546698 0.203956 0.0913222 0.159945
1 0.0407318 0.173052 0.0814636 0.0922024
1 0.583133 0.610472 0.105812 0.145639
1 0.805948 0.396404 0.0988545 0.145036
1 0.358772 0.924308 0.110892 0.15079
1 0.396367 0.349997 0.0889761 0.144292
1 0.4597 0.197896 0.083405 0.137831
0 0.328116 0.802431 0.138115 0.134782
1 0.05221 0.390506 0.10442 0.158119
1 0.732659 0.379594 0.0925915 0.140877
1 0.948957 0.761229 0.101348 0.140466
0 0.561247 0.371272 0.0893352 0.120067
1 0.892345 0.410143 0.095449 0.137358
1 0.114791 0.766797 0.126762 0.144557
1 0.774949 0.837566 0.12179 0.116539
1 0.747602 0.0315668 0.0870683 0.0628834
1 0.230831 0.559941 0.0778874 0.0692928
1 0.595842 0.849552 0.107933 0.154888
1 0.881008 0.232802 0.110522 0.145856
1 0.953485 0.266447 0.0923641 0.145834
0 0.662591 0.0225163 0.0899146 0.0447946
1 0.87193 0.809349 0.114556 0.106672
1 0.470683 0.357716 0.0713727 0.091003
0 0.0522697 0.389244 0.103918 0.157181
0 0.832364 0.0372647 0.085212 0.0743178
0 0.977065 0.0426717 0.0456952 0.0832092
0 0.595356 0.84873 0.107135 0.152099
1 0.560658 0.370984 0.0886918 0.120189
1 0.578039 0.0208165 0.0881406 0.0416331
0 0.141859 0.601435 0.103379 0.13284
0 0.773597 0.840635 0.121892 0.122533
1 0.964014 0.446922 0.0710205 0.152506
1 0.142534 0.600171 0.104041 0.133301
