1 0.259765 0.813112 0.0910884 0.122097
1 0.747671 0.553094 0.0941514 0.128444
1 0.944281 0.567163 0.0994837 0.127502
1 0.530578 0.944929 0.0942286 0.110143
0 0.748469 0.796926 0.0975796 0.13913
1 0.36074 0.802251 0.092893 0.136831
1 0.459535 0.802802 0.0900487 0.135322
1 0.555369 0.548113 0.0905857 0.132238
1 0.0989955 0.97499 0.0997958 0.049649
1 0.437303 0.959319 0.0797445 0.080884
1 0.850266 0.574154 0.093002 0.153773
1 0.932991 0.944744 0.0946958 0.110512
1 0.251632 0.566377 0.119432 0.133873
0 0.655443 0.800053 0.0821565 0.140725
1 0.832071 0.941486 0.103846 0.117028
1 0.342411 0.949601 0.0914396 0.100798
1 0.732797 0.952749 0.0854542 0.0939412
1 0.850626 0.812923 0.0802271 0.108916
1 0.460269 0.548689 0.0862106 0.129167
1 0.236033 0.955099 0.0999933 0.0892661
1 0.154754 0.817627 0.120045 0.122187
1 0.652266 0.554632 0.0895793 0.150833
1 0.627237 0.945531 0.097224 0.108544
1 0.360607 0.568418 0.0972639 0.11602
1 0.93824 0.792555 0.0962405 0.108783
3 0.594942 0.0313014 0.212954 0.0624886
0 0.363373 0.0464256 0.0823764 0.0928512
0 0.126762 0.565687 0.0717132 0.101687
0 0.559992 0.799655 0.0839834 0.136526
0 0.937744 0.792337 0.0963315 0.106775
0 0.652398 0.554791 0.0902824 0.153215
2 0.591136 0.0292597 0.221701 0.057994
