0 0.722355 0.428392 0.106754 0.0926468
2 0.237759 0.678802 0.100819 0.152705
1 0.563282 0.592289 0.139239 0.14052
1 0.506194 0.865286 0.158577 0.107671
1 0.307446 0.196711 0.155687 0.151751
0 0.506698 0.296662 0.119296 0.140227
1 0.962745 0.22581 0.0581934 0.0686563
0 0.548029 0.43028 0.0722648 0.0740023
0 0.486519 0.079193 0.0801389 0.0850471
1 0.957596 0.077487 0.0840882 0.0735723
1 0.251545 0.0357645 0.0780154 0.0712153
0 0.307888 0.196542 0.154955 0.151383
1 0.496833 0.986745 0.0956315 0.02651
1 0.981039 0.138355 0.0372615 0.0642057
0 0.0323908 0.295002 0.0647815 0.106945
0 0.975272 0.138833 0.0486069 0.066936
