1 0.175917 0.0571582 0.114746 0.113468
1 0.0836154 0.0802809 0.150694 0.160521
2 0.928142 0.32568 0.141371 0.17877
1 0.424019 0.241056 0.101887 0.0873899
1 0.204229 0.352847 0.0905147 0.0884438
1 0.0502525 0.385889 0.0997957 0.11445
1 0.26628 0.0349505 0.108833 0.0691291
1 0.290684 0.2359 0.0997685 0.103174
2 0.963776 0.880181 0.0711913 0.231776
3 0.725031 0.511552 0.417132 0.555918
0 0.315434 0.440995 0.0983227 0.0806829
0 0.303592 0.385712 0.100103 0.0819072
2 0.587996 0.181023 0.116657 0.0906069
3 0.878076 0.799546 0.094239 0.236697
2 0.87839 0.800723 0.0945666 0.239989
1 0.590366 0.179592 0.115314 0.0806882
3 0.9439 0.511929 0.11097 0.143791
0 0.309715 0.412903 0.116558 0.141087
