1 0.930048 0.187381 0.139904 0.121152
1 0.686685 0.665926 0.135797 0.127271
1 0.938944 0.303978 0.122112 0.137114
1 0.723671 0.771646 0.155468 0.10972
1 0.510847 0.85819 0.108009 0.102632
1 0.455212 0.767653 0.148663 0.142834
1 0.96292 0.925151 0.0729442 0.123261
1 0.758828 0.855593 0.160231 0.144472
1 0.528321 0.943943 0.129495 0.107578
1 0.932061 0.966997 0.113889 0.0659785
2 0.441881 0.419145 0.883762 0.838289
1 0.558985 0.987602 0.104891 0.0243418
1 0.898867 0.115911 0.141947 0.106716
0 0.849183 0.582836 0.179169 0.230317
0 0.75669 0.856667 0.163528 0.145495
