2 0.457136 0.697974 0.148513 0.151798
1 0.561792 0.875945 0.174299 0.134827
1 0.57267 0.954248 0.151111 0.0914482
1 0.891407 0.194933 0.127809 0.109344
1 0.965535 0.0578726 0.0679467 0.0758919
0 0.751675 0.181647 0.132168 0.0792823
1 0.942757 0.680097 0.114094 0.118442
1 0.829859 0.38126 0.127709 0.0861538
1 0.947655 0.395746 0.104689 0.113133
0 0.855037 0.0625183 0.134859 0.124082
1 0.924416 0.592448 0.150111 0.121653
3 0.452606 0.294304 0.346759 0.33243
1 0.708129 0.0717485 0.150044 0.120942
2 0.839263 0.95631 0.155201 0.0867029
1 0.523624 0.786806 0.186273 0.17008
1 0.79255 0.870193 0.116796 0.102182
2 0.657567 0.621992 0.202053 0.138267
2 0.524357 0.787758 0.186053 0.172342
1 0.706706 0.705574 0.20929 0.130981
1 0.837482 0.955487 0.147699 0.0884103
1 0.676865 0.0200058 0.143314 0.0399048
2 0.705734 0.707711 0.214458 0.134311
1 0.977005 0.175149 0.045815 0.104045
2 0.386255 0.547651 0.237854 0.198461
1 0.956313 0.424029 0.0846653 0.0556014
0 0.71109 0.0723307 0.156131 0.121311
