0 0.603695 0.0543314 0.136547 0.107749
0 0.511523 0.245255 0.138984 0.120807
1 0.268855 0.751876 0.135397 0.116792
1 0.251634 0.645993 0.135176 0.122561
1 0.603304 0.539266 0.128631 0.119567
1 0.626574 0.20624 0.14897 0.137822
1 0.735707 0.690557 0.13594 0.139929
1 0.734979 0.495848 0.187419 0.134035
1 0.19689 0.451235 0.144896 0.126339
1 0.403315 0.661807 0.12956 0.10583
1 0.42868 0.867424 0.12689 0.108566
1 0.931199 0.792822 0.125339 0.0963532
1 0.900647 0.873312 0.140765 0.097778
1 0.315744 0.367267 0.131969 0.125955
1 0.931891 0.538059 0.136218 0.0827484
1 0.92253 0.709457 0.154941 0.0983497
1 0.424199 0.765669 0.117011 0.104424
0 0.365762 0.456255 0.125748 0.109237
1 0.368855 0.560434 0.149485 0.122426
1 0.675419 0.943016 0.159921 0.113274
0 0.477 0.157171 0.126557 0.113823
1 0.949353 0.116219 0.1006 0.0971505
1 0.94111 0.376401 0.11778 0.0866046
1 0.790281 0.387687 0.109576 0.132155
1 0.279979 0.85885 0.129626 0.100377
1 0.280758 0.957962 0.121761 0.0839155
1 0.926178 0.625667 0.147643 0.0968995
1 0.949594 0.207467 0.100813 0.0826456
1 0.948393 0.456889 0.102648 0.0748362
1 0.289888 0.27799 0.121743 0.112409
1 0.883158 0.95186 0.143517 0.0962806
1 0.740234 0.837251 0.124705 0.119254
0 0.62584 0.64761 0.118957 0.132613
1 0.163422 0.33214 0.150293 0.177898
1 0.422368 0.961426 0.155806 0.0768497
1 0.942768 0.290759 0.112723 0.0798742
1 0.0326061 0.627783 0.0652122 0.113166
1 0.220762 0.545571 0.145149 0.126137
1 0.0237322 0.530898 0.0470994 0.0910847
1 0.953972 0.0379857 0.0920563 0.0695681
1 0.837957 0.988873 0.083217 0.0222535
0 0.954154 0.0349137 0.0902772 0.0689191
0 0.742292 0.258006 0.132306 0.104771
1 0.0605301 0.770586 0.119553 0.126849
