0 0.781717 0.833157 0.0921944 0.0921085
1 0.7948 0.58907 0.132982 0.156293
1 0.639254 0.440417 0.110717 0.0886084
1 0.968455 0.783315 0.0627921 0.0929835
1 0.320507 0.636296 0.206203 0.103099
1 0.140436 0.926592 0.21584 0.146308
1 0.644034 0.539032 0.135721 0.136515
0 0.240816 0.515592 0.132919 0.107287
1 0.430772 0.0755825 0.171819 0.15103
1 0.205087 0.0845565 0.178895 0.155146
1 0.244986 0.260726 0.0944287 0.0840529
1 0.0292546 0.164017 0.0585092 0.0762794
1 0.537585 0.953087 0.109015 0.0920618
1 0.0500932 0.596939 0.0997494 0.131796
1 0.898049 0.621256 0.0811965 0.081587
1 0.722146 0.972744 0.0679097 0.0544004
1 0.0754873 0.796737 0.150238 0.208553
1 0.0643195 0.731788 0.122521 0.0799766
1 0.879205 0.142553 0.236677 0.205709
3 0.588094 0.750797 0.150146 0.244827
1 0.768803 0.291063 0.0901065 0.0732819
1 0.395089 0.298355 0.145925 0.0815778
0 0.0542006 0.596294 0.107334 0.137015
1 0.681364 0.973136 0.145151 0.0529662
1 0.649973 0.299736 0.0747497 0.0615926
