1 0.753999 0.537094 0.123364 0.119554
1 0.354588 0.410164 0.130001 0.125701
1 0.395794 0.342093 0.111593 0.109422
1 0.199293 0.234693 0.166302 0.148951
1 0.717061 0.247623 0.111295 0.105866
1 0.615901 0.062513 0.141432 0.125026
1 0.557183 0.81542 0.12529 0.121859
1 0.900815 0.320405 0.106895 0.105617
1 0.631124 0.399792 0.115613 0.113619
1 0.490444 0.899157 0.17105 0.201685
1 0.129613 0.384721 0.113484 0.105943
1 0.525707 0.542334 0.141542 0.145599
1 0.870149 0.0505008 0.10752 0.0991626
1 0.697993 0.602048 0.115388 0.114803
1 0.3384 0.834141 0.0984054 0.106769
1 0.0980299 0.0745143 0.130098 0.119277
1 0.550759 0.126489 0.119342 0.126262
1 0.234124 0.542592 0.111913 0.105394
1 0.172187 0.724953 0.082612 0.0799108
1 0.271327 0.170099 0.123729 0.122846
1 0.820927 0.111675 0.116955 0.114752
1 0.942861 0.248812 0.114278 0.124142
1 0.0382916 0.572636 0.0762796 0.104884
1 0.297727 0.478375 0.117423 0.105133
1 0.769113 0.177102 0.0973544 0.101124
1 0.0943281 0.681189 0.119072 0.12666
1 0.87007 0.397194 0.146207 0.135614
1 0.0529489 0.468014 0.0989324 0.0983897
1 0.972617 0.173517 0.0544833 0.10612
1 0.468613 0.601851 0.142796 0.134309
1 0.384821 0.0482769 0.0893595 0.0839881
1 0.569034 0.465975 0.0971353 0.095167
1 0.79389 0.462473 0.108838 0.109103
1 0.0498017 0.138315 0.0965449 0.105423
1 0.667274 0.320402 0.100052 0.104495
1 0.130566 0.0258338 0.0962929 0.0516676
1 0.604699 0.738678 0.10068 0.101098
1 0.177929 0.332977 0.0950761 0.0918946
1 0.307494 0.0999477 0.132984 0.127316
1 0.0266861 0.210376 0.0529757 0.102846
1 0.924056 0.0190994 0.0885842 0.0380707
1 0.427225 0.667626 0.112836 0.109807
1 0.486699 0.18106 0.109389 0.105049
1 0.660928 0.0198581 0.0903509 0.0396301
1 0.0973423 0.984979 0.0792742 0.0299212
1 0.667974 0.681529 0.132388 0.140383
0 0.66622 0.678129 0.138104 0.137997
1 0.438608 0.266609 0.11543 0.105038
1 0.267422 0.793872 0.121661 0.13109
0 0.439567 0.266116 0.11361 0.102573
1 0.203725 0.0177191 0.070869 0.035432
1 0.0124998 0.293583 0.0247393 0.0535792
