1 0.82932 0.0799087 0.0884113 0.0910695
0 0.0502711 0.305194 0.0714604 0.114938
1 0.445576 0.633186 0.154142 0.144548
1 0.0881221 0.471358 0.0751767 0.0877229
0 0.40154 0.0385873 0.103054 0.0771746
1 0.0963222 0.713019 0.0733591 0.0959759
1 0.535114 0.0294199 0.104751 0.0585368
1 0.875875 0.3414 0.101152 0.0950745
1 0.929354 0.0605492 0.138183 0.11944
0 0.965243 0.296465 0.0675032 0.0948092
1 0.681592 0.0714929 0.146655 0.0970586
0 0.0584057 0.0789597 0.116811 0.123334
1 0.0582607 0.0794457 0.116077 0.126928
