1 0.292885 0.583874 0.135195 0.13623
1 0.16611 0.695958 0.145922 0.151482
1 0.0996554 0.743089 0.135471 0.147627
1 0.253359 0.802012 0.13333 0.150337
1 0.167446 0.170988 0.118644 0.126745
1 0.728174 0.277907 0.14604 0.114459
1 0.779945 0.582563 0.110947 0.103077
1 0.704251 0.730599 0.153409 0.12431
1 0.762899 0.199629 0.157712 0.133126
1 0.89391 0.885297 0.130979 0.118157
1 0.803355 0.500796 0.134338 0.111063
1 0.584293 0.591238 0.151576 0.124086
1 0.681997 0.810259 0.115251 0.108192
1 0.6151 0.508088 0.134438 0.121593
1 0.0490236 0.785883 0.0979445 0.131772
1 0.0646135 0.464663 0.128414 0.147048
1 0.225368 0.635622 0.131528 0.133353
1 0.924911 0.805474 0.12599 0.105593
1 0.369738 0.524164 0.138384 0.146773
1 0.645227 0.883256 0.147148 0.114525
1 0.861059 0.950075 0.134755 0.099335
1 0.425687 0.954804 0.138443 0.0903928
1 0.946156 0.730219 0.107649 0.113515
1 0.685965 0.359248 0.165384 0.132184
1 0.124521 0.9323 0.130121 0.127503
0 0.973264 0.928197 0.0527639 0.100499
1 0.374991 0.0512994 0.157252 0.102101
0 0.12829 0.417587 0.135846 0.148653
1 0.126601 0.417006 0.136533 0.146851
1 0.613993 0.950544 0.165096 0.0984733
1 0.747561 0.656982 0.167371 0.129309
0 0.045144 0.272943 0.0892399 0.131146
1 0.559458 0.668351 0.147436 0.125679
1 0.492656 0.819417 0.14883 0.130805
1 0.0301496 0.516185 0.0598863 0.124327
1 0.190631 0.870877 0.115957 0.115399
1 0.191965 0.369075 0.134239 0.154416
1 0.82314 0.028203 0.139426 0.0559798
1 0.091515 0.216109 0.143027 0.146395
1 0.460706 0.889462 0.149873 0.108713
2 0.344846 0.275954 0.128203 0.198991
1 0.0627648 0.955987 0.125241 0.0880258
2 0.868817 0.344068 0.204504 0.267766
1 0.0169527 0.859212 0.0337645 0.064115
0 0.191645 0.367623 0.132721 0.14863
1 0.655389 0.437592 0.135007 0.102074
0 0.745782 0.658435 0.167198 0.13323
0 0.0913888 0.214829 0.145847 0.14489
1 0.345936 0.273101 0.125387 0.190092
0 0.520165 0.740336 0.13949 0.124958
