0 0.934757 0.366165 0.0966129 0.127705
1 0.619783 0.459995 0.106008 0.114198
1 0.895006 0.732522 0.123593 0.132462
1 0.532055 0.367937 0.186852 0.185403
1 0.775977 0.233607 0.116718 0.146875
1 0.630013 0.884321 0.13389 0.132835
1 0.70091 0.262987 0.120425 0.144382
1 0.30429 0.526908 0.139079 0.145181
1 0.0739325 0.0937138 0.136634 0.149292
1 0.0553797 0.500996 0.109308 0.126763
1 0.531332 0.130762 0.112221 0.123097
1 0.658162 0.704621 0.130736 0.125483
1 0.0988054 0.727298 0.136374 0.12352
1 0.0737702 0.94583 0.110685 0.10753
1 0.693499 0.428929 0.123806 0.142546
1 0.2064 0.361149 0.13594 0.123574
1 0.224295 0.168582 0.113654 0.113654
1 0.637081 0.306699 0.119092 0.14488
1 0.316931 0.239376 0.11704 0.119592
1 0.422447 0.606845 0.141575 0.140388
1 0.731981 0.655215 0.11824 0.138236
1 0.494503 0.577766 0.100593 0.10226
1 0.368136 0.471148 0.119198 0.120688
1 0.360619 0.663349 0.120596 0.12501
1 0.17924 0.770362 0.123757 0.123938
1 0.425841 0.103838 0.121766 0.103847
1 0.307622 0.721422 0.143975 0.12731
0 0.148451 0.13529 0.121512 0.132159
1 0.424384 0.420821 0.113472 0.107522
1 0.696113 0.83227 0.115895 0.128677
1 0.753068 0.786762 0.123401 0.127324
1 0.87995 0.605128 0.131233 0.112996
1 0.387305 0.928485 0.141074 0.130002
1 0.477595 0.844489 0.135968 0.128097
1 0.244515 0.580318 0.130696 0.134864
1 0.537961 0.794097 0.124902 0.126949
1 0.587177 0.737967 0.109611 0.129709
1 0.610018 0.0908912 0.140016 0.128806
1 0.0406897 0.0393317 0.0813793 0.0786634
1 0.961414 0.706096 0.0754702 0.128138
1 0.584377 0.940264 0.103382 0.106953
1 0.756939 0.395156 0.104569 0.115424
1 0.0763512 0.238544 0.147379 0.144595
1 0.456862 0.0252915 0.132255 0.0499072
1 0.845356 0.19024 0.122329 0.13477
1 0.789859 0.607079 0.102719 0.107242
1 0.921304 0.946227 0.113817 0.103044
1 0.469341 0.960417 0.108843 0.0787389
1 0.552673 0.517022 0.122544 0.131177
1 0.0326979 0.906163 0.0646584 0.156899
1 0.52972 0.976103 0.0947268 0.0474824
1 0.805565 0.969913 0.12709 0.0595939
1 0.0216568 0.431193 0.04263 0.0715216
0 0.76134 0.0348793 0.0731604 0.0697586
1 0.845464 0.373332 0.0783263 0.116066
1 0.824059 0.758378 0.109264 0.109149
0 0.980495 0.39173 0.0384717 0.0901403
0 0.845313 0.370597 0.0841841 0.121511
1 0.245458 0.8197 0.127612 0.141701
0 0.275646 0.2959 0.10348 0.100302
