1 0.103465 0.132292 0.147305 0.142845
0 0.677647 0.442321 0.0912938 0.104767
1 0.754879 0.483395 0.132566 0.150467
1 0.926971 0.0734131 0.143075 0.144973
0 0.45923 0.414194 0.16776 0.155682
1 0.902627 0.290096 0.13756 0.155952
1 0.0707046 0.744406 0.139315 0.130263
1 0.588452 0.681714 0.146286 0.133871
1 0.513824 0.293555 0.14425 0.146241
1 0.789596 0.299703 0.131817 0.142358
1 0.497967 0.812198 0.118053 0.112448
0 0.95714 0.61109 0.0855646 0.0823429
1 0.626285 0.605953 0.128869 0.104924
1 0.383185 0.521418 0.114105 0.101686
1 0.342465 0.604388 0.139832 0.132875
1 0.468578 0.889071 0.147462 0.121329
0 0.814976 0.539096 0.116087 0.122276
0 0.819621 0.884838 0.133473 0.105972
1 0.327594 0.290061 0.101823 0.117132
1 0.886991 0.156117 0.122656 0.0997706
1 0.2579 0.700535 0.129468 0.114981
0 0.575863 0.148316 0.136091 0.123343
1 0.0389585 0.250922 0.0779171 0.119586
1 0.158772 0.910344 0.107184 0.093622
0 0.61088 0.0195799 0.0879793 0.0390037
1 0.450259 0.950903 0.150488 0.0981938
1 0.939161 0.699021 0.0886598 0.0822189
1 0.212996 0.787118 0.140396 0.130374
1 0.578582 0.14722 0.138589 0.121244
0 0.731228 0.0258565 0.105493 0.0514703
0 0.16103 0.908934 0.106167 0.0924094
1 0.0986442 0.976032 0.103177 0.0474417
1 0.860225 0.820187 0.124823 0.106216
0 0.852341 0.630435 0.0940684 0.0751605
1 0.0790218 0.857643 0.0570155 0.0554248
1 0.0163539 0.0249266 0.0320688 0.0498533
1 0.470325 0.0717863 0.142057 0.142663
1 0.387158 0.978488 0.111087 0.0427787
0 0.538089 0.737168 0.106037 0.0963655
1 0.655385 0.53744 0.112346 0.10007
