1 0.936038 0.0702641 0.127812 0.0899403
1 0.712843 0.169361 0.166872 0.0950934
1 0.937489 0.164606 0.12366 0.09738
1 0.341803 0.693444 0.147543 0.0991621
1 0.323055 0.320851 0.132512 0.0790328
1 0.40307 0.96246 0.13014 0.0737808
1 0.707172 0.0188007 0.11317 0.0371276
1 0.377511 0.888768 0.155132 0.121562
1 0.328053 0.148331 0.157633 0.0884912
1 0.717441 0.0793183 0.146706 0.0757207
1 0.325597 0.511046 0.11901 0.080188
2 0.32689 0.0506934 0.150183 0.100033
3 0.697742 0.590785 0.604516 0.818431
1 0.946832 0.011882 0.106336 0.023764
2 0.128813 0.667303 0.257627 0.653749
