1 0.693226 0.853685 0.13503 0.105994
1 0.540733 0.281692 0.145867 0.112172
1 0.651869 0.69361 0.152571 0.117204
1 0.627033 0.614389 0.136357 0.100553
1 0.620387 0.527708 0.159175 0.116877
1 0.130388 0.382189 0.121592 0.0963551
1 0.226314 0.83133 0.11425 0.140757
1 0.434201 0.730763 0.131474 0.101017
1 0.300316 0.787778 0.105627 0.111665
1 0.111978 0.284101 0.174356 0.136552
1 0.38857 0.570046 0.129797 0.103867
1 0.561241 0.368379 0.144351 0.117066
1 0.402768 0.656556 0.156463 0.115893
1 0.699962 0.932067 0.11186 0.10095
1 0.802957 0.561358 0.169536 0.115372
1 0.323439 0.415509 0.159746 0.114529
1 0.735483 0.317303 0.139604 0.104743
1 0.68605 0.161977 0.120808 0.101951
1 0.352921 0.49621 0.148931 0.111702
1 0.29872 0.337615 0.15268 0.116921
1 0.459488 0.0547338 0.114791 0.0976337
1 0.503159 0.128158 0.156917 0.107281
1 0.671239 0.763901 0.14243 0.103612
1 0.881651 0.965398 0.139432 0.0691383
1 0.750204 0.40167 0.125987 0.108086
1 0.507422 0.21023 0.133809 0.10916
1 0.165097 0.0934699 0.131351 0.158926
1 0.452603 0.807121 0.132387 0.0998726
1 0.295883 0.247162 0.140529 0.106078
1 0.159585 0.461404 0.130196 0.0945045
1 0.77231 0.482264 0.148122 0.112846
1 0.669128 0.0721537 0.118382 0.0869213
1 0.080852 0.133112 0.121536 0.124892
1 0.942422 0.218368 0.114216 0.113626
1 0.142563 0.859749 0.108644 0.154153
1 0.81563 0.644009 0.159333 0.111612
1 0.588134 0.452844 0.153882 0.107699
1 0.710048 0.242547 0.153065 0.108781
1 0.0281593 0.671129 0.0563185 0.0864712
1 0.927212 0.0521176 0.143668 0.0997371
1 0.645343 0.0255726 0.111615 0.0508414
1 0.0358269 0.161072 0.0713103 0.10797
1 0.505707 0.925392 0.136307 0.141889
1 0.0607628 0.876988 0.104442 0.15054
0 0.217231 0.623162 0.153246 0.1341
1 0.33278 0.94684 0.0948082 0.105897
1 0.278741 0.171933 0.121813 0.098665
1 0.195187 0.528062 0.152523 0.113211
0 0.413091 0.947307 0.0917272 0.104145
1 0.086294 0.981257 0.0818855 0.0370855
1 0.850956 0.723914 0.134753 0.106802
1 0.0196322 0.586958 0.0392644 0.0810511
1 0.907319 0.014681 0.11835 0.0291107
1 0.970833 0.379077 0.0576357 0.103451
1 0.252515 0.972593 0.0830995 0.0548148
1 0.960311 0.300206 0.0789524 0.0880418
1 0.871912 0.79788 0.13694 0.10301
1 0.242232 0.0646362 0.132019 0.128564
0 0.931949 0.132541 0.136103 0.108806
1 0.933686 0.131528 0.130857 0.107914
1 0.215959 0.622245 0.152552 0.131614
1 0.00747818 0.878369 0.0147967 0.110282
1 0.165669 0.971509 0.0810229 0.0567102
1 0.00809449 0.514874 0.0158207 0.0524043
