1 0.232053 0.373166 0.121689 0.138787
1 0.0985837 0.475111 0.148186 0.166332
1 0.754369 0.0740583 0.135226 0.147566
1 0.478657 0.494435 0.140059 0.149053
1 0.266644 0.622393 0.128451 0.144308
1 0.661941 0.391697 0.125581 0.122674
1 0.132605 0.720832 0.149848 0.163079
1 0.455591 0.667377 0.148958 0.13449
1 0.221374 0.853362 0.118446 0.127254
1 0.165279 0.420441 0.120135 0.129678
1 0.894506 0.715136 0.139637 0.129615
1 0.934584 0.805014 0.130581 0.138298
1 0.198597 0.670689 0.121561 0.127785
1 0.858663 0.430017 0.137224 0.13072
1 0.300602 0.335346 0.134169 0.140984
1 0.58804 0.694259 0.165408 0.146247
1 0.54268 0.187285 0.127967 0.153802
1 0.289773 0.799843 0.134095 0.146923
1 0.361401 0.733614 0.125881 0.110542
1 0.50067 0.947667 0.150627 0.104666
1 0.728302 0.342214 0.128813 0.14163
1 0.464225 0.230504 0.141514 0.154984
1 0.650567 0.964661 0.144545 0.0702486
1 0.144106 0.883497 0.13959 0.151864
1 0.398308 0.963316 0.101168 0.0731611
1 0.591776 0.436899 0.11855 0.12208
1 0.75332 0.478015 0.134079 0.123198
1 0.0689172 0.771892 0.13586 0.144137
1 0.924757 0.920634 0.137424 0.117497
1 0.717117 0.603737 0.138855 0.129334
1 0.653121 0.786782 0.186512 0.14142
1 0.605215 0.128917 0.134807 0.176484
1 0.608232 0.90761 0.148637 0.131449
1 0.341917 0.577505 0.144836 0.150891
1 0.0324848 0.960365 0.0639781 0.0775421
1 0.781633 0.695879 0.156729 0.129214
1 0.950627 0.973373 0.0987461 0.052902
1 0.935218 0.213805 0.129563 0.148019
1 0.964372 0.65132 0.070286 0.121382
1 0.772514 0.973969 0.110149 0.0520101
1 0.679827 0.0946763 0.149956 0.154795
1 0.939289 0.388665 0.119829 0.150851
1 0.416386 0.551604 0.1501 0.158613
1 0.316268 0.979775 0.093285 0.0400958
1 0.047088 0.505724 0.0937456 0.165232
1 0.797015 0.303586 0.122961 0.136568
0 0.877134 0.261568 0.137738 0.151572
1 0.0330725 0.825563 0.0658752 0.146275
1 0.828853 0.851027 0.077863 0.0750992
0 0.284267 0.0368232 0.101499 0.0720131
1 0.877087 0.261583 0.135532 0.146667
1 0.821344 0.0425545 0.130275 0.084746
0 0.078039 0.93421 0.126018 0.13158
0 0.465551 0.0190068 0.102276 0.0377446
1 0.076539 0.933581 0.121674 0.131017
0 0.284184 0.0110865 0.0573206 0.022173
1 0.909409 0.0278386 0.103447 0.055502
1 0.466009 0.0190995 0.10175 0.0378301
0 0.797129 0.302172 0.124654 0.133372
