2 0.572154 0.531435 0.243229 0.219243
2 0.125167 0.78842 0.249594 0.174348
2 0.118588 0.37838 0.213889 0.247039
1 0.401591 0.0882414 0.108207 0.107563
1 0.200161 0.0572233 0.0866771 0.103627
0 0.52369 0.350952 0.0973692 0.113268
1 0.94579 0.337507 0.0861224 0.0934078
1 0.657298 0.331954 0.0714812 0.100079
1 0.258934 0.91285 0.101121 0.0785955
1 0.915512 0.141105 0.0684423 0.0954794
1 0.722336 0.338023 0.0689538 0.104442
1 0.842463 0.136471 0.0687101 0.0957269
1 0.29805 0.0628063 0.1059 0.121507
1 0.107337 0.0522911 0.0897325 0.102614
1 0.540286 0.210811 0.0878683 0.0810449
1 0.0319379 0.0510769 0.0636601 0.096605
1 0.757655 0.135063 0.0932727 0.0945538
1 0.919437 0.041968 0.0671754 0.083936
1 0.760023 0.0412245 0.146766 0.0824491
1 0.797049 0.334139 0.0806551 0.116992
2 0.837809 0.532151 0.116823 0.213809
1 0.980913 0.0328777 0.0376288 0.0653488
0 0.795133 0.341072 0.0823952 0.126831
