1 0.410299 0.47244 0.114458 0.103134
0 0.123772 0.286623 0.163148 0.108913
1 0.52638 0.266718 0.140661 0.147881
1 0.392337 0.25806 0.11933 0.0966006
1 0.423292 0.575538 0.116663 0.11041
1 0.309394 0.594707 0.124859 0.119941
1 0.554085 0.584667 0.134017 0.0955367
1 0.179275 0.612848 0.14592 0.115938
1 0.293115 0.477258 0.116594 0.113911
1 0.170433 0.49104 0.114635 0.110721
1 0.273518 0.271539 0.124088 0.108345
1 0.204488 0.806143 0.109175 0.109852
1 0.327428 0.794009 0.115114 0.105081
1 0.543955 0.460171 0.138929 0.106825
