1 0.316956 0.492969 0.160652 0.121635
1 0.429655 0.724853 0.136415 0.110431
1 0.648678 0.582126 0.190217 0.113274
1 0.698287 0.86839 0.142521 0.097609
1 0.466882 0.888355 0.121395 0.0934805
1 0.0813806 0.126863 0.115358 0.144343
1 0.651689 0.694515 0.156639 0.114791
1 0.397345 0.643814 0.126191 0.0991459
1 0.278287 0.324654 0.12627 0.101678
1 0.681082 0.7759 0.151475 0.111524
1 0.845921 0.766029 0.109112 0.0882268
1 0.222913 0.158371 0.149594 0.106587
1 0.344594 0.573361 0.16472 0.124574
1 0.255756 0.248003 0.127361 0.105342
1 0.841825 0.848734 0.149419 0.0965199
1 0.208183 0.059807 0.141903 0.11591
1 0.308312 0.398817 0.161512 0.117178
0 0.789252 0.536594 0.118199 0.127329
1 0.466929 0.964799 0.128528 0.0701051
1 0.84618 0.644474 0.129536 0.0816737
1 0.44454 0.8022 0.127501 0.102218
1 0.876108 0.979939 0.131906 0.0398289
1 0.609518 0.478642 0.225466 0.16733
1 0.709424 0.942667 0.146715 0.0854135
1 0.869507 0.922883 0.127126 0.0884082
2 0.60922 0.479651 0.220728 0.167925
0 0.466633 0.117153 0.169353 0.111876
1 0.717525 0.985852 0.130807 0.0277252
2 0.644585 0.35604 0.411644 0.262469
3 0.757488 0.126393 0.203806 0.149226
