1 0.0764931 0.159975 0.136973 0.0950667
1 0.131938 0.629254 0.159713 0.113605
1 0.583224 0.56317 0.0828257 0.0938859
1 0.294539 0.923114 0.132918 0.117825
1 0.709882 0.73903 0.104639 0.0914948
1 0.0849444 0.791028 0.13643 0.107116
1 0.290913 0.281184 0.128313 0.149665
1 0.0476016 0.947077 0.0952032 0.104662
1 0.609778 0.716257 0.0900316 0.123002
1 0.495374 0.80701 0.129362 0.115953
1 0.338637 0.843106 0.138981 0.115256
1 0.353764 0.757665 0.153386 0.11538
1 0.0413887 0.241136 0.0827774 0.0920403
1 0.494174 0.908188 0.141385 0.0819082
1 0.170814 0.53735 0.150791 0.100135
1 0.460397 0.139401 0.109768 0.123946
1 0.0475435 0.331609 0.095087 0.090646
1 0.360967 0.127095 0.0928453 0.121997
1 0.0870268 0.0696786 0.130412 0.080895
1 0.501829 0.56285 0.0747305 0.112396
1 0.283338 0.113845 0.094702 0.136529
1 0.129017 0.71379 0.160132 0.110964
1 0.177052 0.457611 0.141824 0.102946
1 0.190546 0.359705 0.143933 0.128959
1 0.201709 0.108795 0.0929719 0.108705
1 0.669541 0.561525 0.0916204 0.1252
1 0.58714 0.322164 0.0877953 0.128689
1 0.263503 0.973362 0.117992 0.0528033
1 0.379475 0.55026 0.142051 0.174642
1 0.0316206 0.504939 0.0632411 0.0954998
1 0.0300426 0.590955 0.0600852 0.109919
1 0.497978 0.309759 0.0855042 0.140869
1 0.0681097 0.873028 0.13596 0.116747
0 0.381075 0.550432 0.143512 0.179724
1 0.0509032 0.422136 0.101806 0.0925541
0 0.402743 0.309698 0.101647 0.119089
1 0.559583 0.972922 0.114891 0.0537975
1 0.402519 0.309437 0.100748 0.121847
0 0.586292 0.323255 0.0890746 0.129105
