2 0.19703 0.4531 0.263332 0.286633
1 0.833735 0.361442 0.0973639 0.0861829
2 0.779605 0.192293 0.175749 0.139988
1 0.817347 0.277968 0.10418 0.101462
1 0.861824 0.53866 0.142355 0.100152
2 0.732084 0.853228 0.535832 0.293418
0 0.371307 0.0563803 0.0969003 0.112761
2 0.17165 0.784673 0.291609 0.270244
3 0.496049 0.503997 0.329975 0.543564
1 0.900097 0.622818 0.0996455 0.084923
3 0.727755 0.747404 0.543476 0.505192
2 0.395572 0.915953 0.149032 0.166997
3 0.3712 0.06429 0.0964712 0.128273
2 0.261634 0.914292 0.419108 0.171416
0 0.971678 0.149552 0.056244 0.0922653
2 0.710639 0.656433 0.222296 0.216037
1 0.541147 0.0412949 0.105491 0.0822709
2 0.249358 0.830762 0.445112 0.333871
2 0.647035 0.412738 0.281591 0.345362
0 0.541455 0.0396348 0.104543 0.0790349
