1 0.75298 0.0514014 0.105333 0.102803
0 0.537453 0.670844 0.121783 0.132816
1 0.633862 0.931133 0.101458 0.132971
2 0.668965 0.492927 0.238412 0.264685
2 0.235769 0.436753 0.465171 0.873506
1 0.841528 0.473387 0.0970734 0.076089
1 0.938456 0.881038 0.122064 0.153204
0 0.666132 0.0307208 0.104475 0.0612217
1 0.322731 0.618874 0.228644 0.16931
1 0.638795 0.443009 0.123628 0.162389
2 0.532238 0.387294 0.208563 0.328488
0 0.938948 0.882552 0.121587 0.150272
1 0.588846 0.192126 0.212141 0.165531
0 0.939129 0.39772 0.117784 0.115792
3 0.21621 0.455999 0.423271 0.884841
2 0.323052 0.61947 0.22463 0.167007
