1 0.802597 0.13532 0.143567 0.13871
1 0.692626 0.348747 0.14149 0.135834
0 0.625886 0.531113 0.119723 0.112854
1 0.739395 0.656601 0.111485 0.109591
1 0.845949 0.787314 0.140127 0.128933
1 0.941986 0.691689 0.116027 0.123968
1 0.912012 0.620277 0.134909 0.117005
1 0.522971 0.159469 0.126994 0.12662
1 0.857372 0.554794 0.148046 0.141693
1 0.425391 0.0613528 0.119452 0.119555
1 0.956826 0.0965474 0.0856375 0.119435
1 0.909468 0.259289 0.148622 0.150777
1 0.746058 0.0698153 0.148466 0.139631
1 0.640577 0.285037 0.131404 0.144815
1 0.467964 0.428153 0.120623 0.15038
1 0.550466 0.470972 0.111484 0.119203
1 0.936 0.927544 0.127878 0.141694
1 0.916124 0.0448846 0.124478 0.0891904
1 0.391816 0.231023 0.104056 0.0782004
1 0.974658 0.180296 0.0501471 0.0852695
1 0.734015 0.427399 0.160565 0.139059
1 0.798343 0.49327 0.137928 0.123
1 0.173552 0.141997 0.131305 0.106496
1 0.853356 0.200079 0.134929 0.132045
1 0.180493 0.232726 0.124059 0.0853121
1 0.373356 0.419921 0.116972 0.117502
1 0.936378 0.344146 0.127245 0.142727
2 0.410263 0.818008 0.130425 0.354023
1 0.573584 0.234426 0.137244 0.136248
1 0.14654 0.414215 0.132919 0.0644523
1 0.155008 0.320273 0.129094 0.0870024
1 0.976954 0.40157 0.0458798 0.0856122
1 0.79564 0.718441 0.14008 0.12685
0 0.79784 0.719442 0.142049 0.129107
1 0.894278 0.842292 0.131975 0.118031
1 0.402232 0.14249 0.0988346 0.0991458
1 0.672566 0.041014 0.151036 0.0816505
0 0.6827 0.598732 0.112721 0.107032
1 0.981869 0.753863 0.0355704 0.072486
0 0.910724 0.256218 0.153845 0.154707
1 0.191592 0.0472459 0.124936 0.0942787
1 0.681839 0.598047 0.113904 0.111033
