0 0.396136 0.799523 0.100277 0.134833
1 0.895582 0.521251 0.0872838 0.110105
1 0.792639 0.31607 0.126453 0.138296
0 0.534846 0.860625 0.0915973 0.128484
1 0.707998 0.664399 0.110024 0.119011
0 0.326203 0.766007 0.100696 0.136823
1 0.527009 0.163061 0.126529 0.119027
1 0.874161 0.364128 0.124951 0.139868
0 0.269714 0.714614 0.124655 0.180103
1 0.845209 0.724316 0.0973078 0.102542
1 0.465609 0.826189 0.0974687 0.126723
1 0.778646 0.693713 0.0967956 0.104975
1 0.152194 0.938279 0.104653 0.12026
0 0.682012 0.916891 0.109462 0.142465
1 0.711883 0.264385 0.109311 0.120184
1 0.0785376 0.888579 0.0933951 0.095417
1 0.805802 0.486475 0.095916 0.100293
0 0.186349 0.701596 0.107963 0.142832
1 0.642743 0.398273 0.110157 0.106843
1 0.219821 0.0601421 0.140702 0.120284
0 0.820385 0.964526 0.103105 0.0705093
1 0.137169 0.0404609 0.117128 0.0802611
1 0.597211 0.901033 0.080355 0.110355
0 0.749289 0.938765 0.0912881 0.118868
1 0.227498 0.947876 0.091326 0.0973415
1 0.625409 0.211498 0.101444 0.0983316
1 0.96715 0.799821 0.0641817 0.118785
1 0.0707423 0.0212173 0.0806643 0.0424347
0 0.910021 0.776079 0.119386 0.148972
1 0.294866 0.973813 0.0816507 0.0523732
1 0.751306 0.938378 0.0926346 0.120974
1 0.488627 0.563424 0.123455 0.133008
1 0.95062 0.384609 0.0987593 0.108889
0 0.488484 0.563773 0.125962 0.135983
1 0.718888 0.441096 0.0976526 0.101833
0 0.348395 0.679662 0.062229 0.064068
1 0.558229 0.353049 0.14597 0.166333
1 0.60909 0.235999 0.136887 0.146759
0 0.720089 0.425708 0.109095 0.142269
1 0.921277 0.974308 0.0944479 0.0510428
1 0.373722 0.977284 0.0923761 0.0452678
1 0.630313 0.62882 0.0888611 0.097563
