1 0.157985 0.851053 0.17775 0.103528
1 0.148108 0.686419 0.147404 0.090111
1 0.0848315 0.380323 0.169663 0.0946323
1 0.596111 0.102802 0.0887688 0.133778
1 0.828392 0.52341 0.102797 0.154476
1 0.131514 0.605181 0.136046 0.0842559
0 0.509462 0.576316 0.110306 0.154852
1 0.361025 0.153874 0.0967987 0.143442
1 0.30376 0.343432 0.115779 0.151583
1 0.441086 0.138758 0.0913141 0.149547
1 0.382007 0.789422 0.108958 0.135752
1 0.151073 0.765464 0.164981 0.0951084
1 0.743637 0.535484 0.108752 0.161795
1 0.109076 0.455312 0.145312 0.0869099
1 0.123502 0.528599 0.148932 0.0868703
1 0.626834 0.297962 0.0914737 0.136168
1 0.786874 0.269422 0.0848322 0.132957
1 0.656018 0.95912 0.0791252 0.0816914
1 0.392733 0.326563 0.10738 0.15036
1 0.505777 0.765355 0.163655 0.145572
1 0.706131 0.275446 0.110885 0.169463
1 0.578598 0.964048 0.0925164 0.0714438
1 0.777665 0.946345 0.16779 0.10582
1 0.627559 0.747693 0.0917277 0.128968
1 0.174528 0.925485 0.164163 0.0951011
1 0.906981 0.506234 0.0901203 0.142118
1 0.665362 0.543273 0.101284 0.136582
0 0.0518073 0.140656 0.103121 0.0918489
1 0.94174 0.686176 0.101523 0.166131
1 0.55318 0.312907 0.105839 0.14878
1 0.859403 0.240292 0.116544 0.164159
0 0.345174 0.607269 0.125454 0.169816
1 0.503021 0.97545 0.0797313 0.0487373
1 0.592399 0.569191 0.0895352 0.144343
1 0.426812 0.979968 0.0793862 0.0397456
1 0.783315 0.717107 0.0964704 0.150605
1 0.70348 0.714715 0.105572 0.163827
0 0.751991 0.0926803 0.0923355 0.165867
1 0.518954 0.120081 0.105215 0.142394
1 0.82772 0.0755592 0.104769 0.15081
1 0.947545 0.231272 0.102038 0.168433
1 0.0862052 0.293637 0.14969 0.0817491
1 0.96736 0.491897 0.0636315 0.143502
0 0.89853 0.939269 0.0981287 0.120383
1 0.0591583 0.220636 0.118317 0.0700489
1 0.344029 0.607965 0.124447 0.167762
1 0.465417 0.310869 0.101179 0.158356
0 0.429468 0.58165 0.0846366 0.143866
1 0.964069 0.929137 0.0709599 0.141726
0 0.674735 0.0930083 0.0955225 0.147039
1 0.281495 0.159637 0.0954274 0.140954
0 0.912758 0.0739813 0.095691 0.147302
0 0.226543 0.172152 0.0710533 0.137354
1 0.860978 0.701812 0.0921489 0.14965
0 0.283803 0.170765 0.0919642 0.158256
1 0.192917 0.986341 0.12287 0.0271472
1 0.431077 0.579103 0.0861374 0.138946
1 0.674941 0.0898871 0.095335 0.146155
1 0.913355 0.0740631 0.0950124 0.148126
1 0.89855 0.939996 0.102104 0.119883
0 0.0829897 0.292588 0.153516 0.0834184
0 0.860257 0.703888 0.0907178 0.141527
