1 0.160534 0.14082 0.134326 0.112037
1 0.286913 0.561752 0.139055 0.128862
2 0.666575 0.939521 0.171999 0.120216
1 0.880018 0.644745 0.113456 0.117505
1 0.287188 0.0888562 0.140688 0.138874
1 0.0490818 0.875916 0.0981637 0.108435
1 0.504704 0.0887999 0.104341 0.108717
1 0.385157 0.206055 0.113137 0.11632
1 0.0600081 0.788502 0.105116 0.105207
1 0.447643 0.143269 0.115061 0.109119
1 0.139194 0.738952 0.111113 0.110187
1 0.248894 0.330064 0.142019 0.136338
1 0.541084 0.274889 0.116707 0.119227
1 0.37014 0.63009 0.108426 0.102933
1 0.43039 0.42826 0.115982 0.10123
1 0.846463 0.330349 0.142107 0.135335
0 0.854591 0.789334 0.14042 0.129587
1 0.70911 0.446243 0.161792 0.171779
1 0.0683135 0.346432 0.135452 0.126171
1 0.388005 0.489341 0.161276 0.137623
1 0.793973 0.398149 0.146601 0.140067
1 0.207872 0.952438 0.133497 0.0951155
1 0.955985 0.487892 0.0873859 0.141861
1 0.263426 0.906881 0.122224 0.113768
2 0.521787 0.673807 0.261691 0.265471
1 0.152247 0.419366 0.143467 0.136329
0 0.0457842 0.59609 0.0903583 0.120507
1 0.476247 0.3597 0.105412 0.100981
1 0.942936 0.579564 0.113796 0.138763
0 0.142937 0.322108 0.0607911 0.0608888
0 0.327876 0.273268 0.11835 0.114251
0 0.475883 0.359232 0.106472 0.102173
0 0.231838 0.0167527 0.0900636 0.0332611
1 0.463358 0.728737 0.14409 0.147912
0 0.0888553 0.977651 0.0932535 0.0443985
1 0.326221 0.274828 0.118203 0.114044
1 0.968898 0.749459 0.0609871 0.107585
0 0.933095 0.568967 0.13381 0.168609
