0 0.769832 0.120528 0.0920932 0.10142
0 0.727711 0.207613 0.0907478 0.103109
1 0.76878 0.741241 0.150956 0.13969
0 0.879908 0.262457 0.0766578 0.0728263
0 0.834176 0.162345 0.0613517 0.0755102
1 0.512954 0.704726 0.0879556 0.100084
1 0.889984 0.44074 0.0689285 0.0915399
1 0.79568 0.544808 0.0924511 0.0732789
1 0.796561 0.0470741 0.0612018 0.0693838
1 0.969719 0.770996 0.0605619 0.0546091
0 0.98268 0.163276 0.033864 0.0652414
0 0.969385 0.770921 0.0610738 0.0553477
1 0.982697 0.161506 0.0342584 0.0617553
