1 0.341642 0.549122 0.0759259 0.0757154
0 0.713103 0.686906 0.0960433 0.0944438
0 0.664909 0.158309 0.0619187 0.0637324
2 0.584575 0.629296 0.111562 0.270693
2 0.154311 0.81286 0.243041 0.247192
0 0.813898 0.731647 0.0785501 0.0705287
0 0.665675 0.361131 0.0812485 0.143373
2 0.333479 0.125666 0.244905 0.1628
0 0.600184 0.0666991 0.122325 0.123662
1 0.263125 0.235481 0.124818 0.0835711
1 0.108105 0.671677 0.131718 0.0764956
1 0.600421 0.0657157 0.114973 0.117713
1 0.388585 0.107409 0.124116 0.114984
2 0.514147 0.646823 0.0984042 0.189692
0 0.245176 0.550153 0.0625626 0.0692565
