1 0.161031 0.416267 0.131788 0.128841
1 0.260464 0.250142 0.142768 0.135857
1 0.850754 0.841435 0.141124 0.113636
1 0.316057 0.15863 0.13207 0.123675
1 0.936462 0.946375 0.127077 0.106495
1 0.765688 0.904109 0.128253 0.135416
1 0.635278 0.914732 0.0895069 0.0825405
1 0.0891896 0.826797 0.155579 0.135051
1 0.0550319 0.908871 0.1097 0.12992
1 0.522291 0.937179 0.10623 0.12473
1 0.270518 0.967695 0.0959818 0.0642257
1 0.104594 0.495282 0.118219 0.1168
1 0.206804 0.330011 0.131036 0.120995
1 0.961888 0.673299 0.0756829 0.152872
1 0.409528 0.920293 0.133081 0.144261
1 0.921477 0.76882 0.114187 0.109077
1 0.0591992 0.13635 0.118398 0.116388
1 0.0343282 0.217254 0.0681012 0.108227
1 0.0431616 0.688789 0.0863231 0.135924
1 0.333249 0.88433 0.103733 0.115584
1 0.132876 0.742276 0.144778 0.14045
1 0.837667 0.978751 0.0927145 0.0424984
0 0.132024 0.746311 0.142182 0.132228
1 0.802731 0.968789 0.16757 0.0618434
