1 0.734002 0.589146 0.102833 0.109683
1 0.137049 0.715658 0.161983 0.0899506
0 0.156298 0.274989 0.160419 0.0915457
1 0.573476 0.199869 0.110467 0.0932194
0 0.336904 0.359171 0.121332 0.082886
1 0.556727 0.815977 0.127765 0.102578
1 0.940668 0.590808 0.11332 0.0883354
1 0.556454 0.719312 0.126351 0.0960736
1 0.328085 0.809759 0.0790989 0.080034
1 0.331224 0.550546 0.149214 0.0871301
1 0.149381 0.364555 0.137853 0.0826367
1 0.93293 0.871098 0.130045 0.0815763
1 0.589946 0.0372848 0.122203 0.0739054
1 0.940785 0.495902 0.118429 0.103276
1 0.331398 0.444293 0.121775 0.0781673
1 0.132858 0.627322 0.160941 0.0941515
1 0.943175 0.389362 0.11365 0.0795083
1 0.744966 0.0437718 0.144051 0.0868143
1 0.710625 0.727231 0.119434 0.089623
1 0.557733 0.387869 0.127839 0.109148
1 0.129674 0.447508 0.0853565 0.0883974
1 0.563174 0.28836 0.131366 0.0913246
1 0.124953 0.881629 0.128493 0.0795498
1 0.175142 0.110844 0.17526 0.0910878
1 0.749257 0.12565 0.125945 0.0779149
1 0.702643 0.91553 0.125453 0.0914415
1 0.144174 0.544818 0.151855 0.0804592
1 0.935454 0.778854 0.125486 0.101525
1 0.948472 0.114853 0.102035 0.0956853
1 0.934423 0.954897 0.125202 0.0880258
1 0.570073 0.116314 0.138353 0.0752369
1 0.346845 0.194832 0.13012 0.0829843
1 0.336308 0.277903 0.131956 0.0746998
1 0.35403 0.108346 0.138577 0.0862444
1 0.317947 0.719719 0.136456 0.0863277
1 0.363531 0.035542 0.115311 0.0710839
1 0.171921 0.0322641 0.157546 0.0643216
1 0.130007 0.959122 0.170602 0.0811536
1 0.546403 0.636349 0.0895005 0.0725887
1 0.935501 0.686031 0.123739 0.0831318
1 0.32799 0.634577 0.114431 0.0791626
1 0.741482 0.208672 0.133056 0.0913445
1 0.635444 0.591878 0.0890558 0.101991
0 0.133295 0.800148 0.174289 0.0810242
1 0.556146 0.916326 0.125089 0.093801
1 0.722241 0.814705 0.107615 0.0859923
1 0.722925 0.398239 0.156779 0.11103
1 0.947589 0.301283 0.104821 0.0975969
1 0.947598 0.209643 0.104805 0.0895703
1 0.553594 0.977988 0.115321 0.0433924
1 0.545567 0.569204 0.0808367 0.0618373
1 0.160351 0.194528 0.167273 0.07777
1 0.324187 0.972429 0.118699 0.0547014
1 0.950208 0.0299625 0.0985882 0.0591515
0 0.159523 0.193284 0.162921 0.0770669
1 0.726614 0.291253 0.159202 0.0821296
1 0.709275 0.983903 0.102139 0.0319989
