0 0.425997 0.463223 0.0859146 0.0911641
1 0.841461 0.193619 0.113559 0.117103
0 0.96616 0.269543 0.0652349 0.107753
0 0.464339 0.368842 0.0818488 0.0847478
2 0.685637 0.694799 0.14697 0.1944
0 0.861117 0.4823 0.13164 0.114471
1 0.62831 0.198429 0.120983 0.121278
1 0.683648 0.457424 0.076113 0.118455
1 0.940421 0.788326 0.118204 0.103203
1 0.860387 0.968654 0.115381 0.062057
1 0.4873 0.941341 0.111631 0.109911
0 0.938614 0.121367 0.0931216 0.102872
1 0.938391 0.120726 0.0937734 0.100079
1 0.893446 0.344337 0.141779 0.119552
0 0.890992 0.342254 0.134311 0.114704
0 0.812907 0.0403918 0.115962 0.0806482
