1 0.353906 0.612319 0.15985 0.0930402
1 0.285675 0.833529 0.135577 0.132471
1 0.357006 0.524479 0.145269 0.111315
1 0.131986 0.740552 0.121632 0.128118
1 0.0552979 0.70747 0.110596 0.145707
1 0.0424603 0.278213 0.0846471 0.112765
1 0.0843065 0.055388 0.156198 0.110048
1 0.211373 0.171853 0.113102 0.122443
0 0.789152 0.390222 0.110876 0.105034
1 0.205858 0.785834 0.121452 0.130956
0 0.329582 0.294821 0.156299 0.10909
1 0.360773 0.415041 0.154498 0.108876
0 0.299714 0.247672 0.208885 0.134223
1 0.148741 0.0986431 0.158222 0.152999
1 0.76409 0.18298 0.18998 0.158332
1 0.0321067 0.837644 0.0638791 0.0665212
0 0.0824192 0.347588 0.152973 0.129981
0 0.775942 0.548544 0.103533 0.0810758
1 0.0815651 0.345512 0.142405 0.124939
2 0.904193 0.799665 0.0920871 0.20822
1 0.788347 0.392052 0.113394 0.110099
1 0.0468063 0.484007 0.0931957 0.126795
1 0.0312975 0.0230273 0.0618692 0.045837
1 0.64491 0.0526367 0.0833256 0.0534701
1 0.104386 0.49745 0.130927 0.124971
