1 0.337592 0.359902 0.125661 0.129181
1 0.860945 0.795973 0.171509 0.153176
0 0.246721 0.815634 0.146299 0.137058
1 0.620526 0.110606 0.172262 0.167521
1 0.832283 0.320168 0.134064 0.139127
1 0.272141 0.193847 0.160761 0.183252
1 0.384805 0.0406368 0.13776 0.0804885
1 0.898038 0.611604 0.168937 0.151265
1 0.0756735 0.672256 0.151279 0.187468
1 0.413906 0.954026 0.0859336 0.0917177
1 0.444016 0.316262 0.167598 0.15832
1 0.903949 0.899647 0.191176 0.172974
1 0.281155 0.600184 0.11885 0.165274
1 0.603298 0.698403 0.152952 0.146246
1 0.159655 0.629501 0.100174 0.147525
1 0.577508 0.926673 0.124204 0.142955
1 0.422923 0.163369 0.168328 0.16095
1 0.411916 0.543956 0.154801 0.157929
1 0.511216 0.713604 0.115555 0.162636
1 0.367534 0.762691 0.148232 0.1713
1 0.237129 0.0547274 0.150217 0.109455
1 0.454528 0.740423 0.107587 0.136489
0 0.755772 0.243992 0.198441 0.198133
1 0.666674 0.886976 0.170713 0.167
1 0.0231958 0.908208 0.0454364 0.110556
1 0.118298 0.853495 0.0927713 0.117616
1 0.0648115 0.475753 0.127851 0.119705
0 0.521186 0.584627 0.083523 0.0732496
1 0.958082 0.42621 0.083041 0.108844
1 0.984603 0.472242 0.0302522 0.0636262
1 0.768819 0.514963 0.223198 0.265074
1 0.264297 0.157891 0.134512 0.10837
1 0.570252 0.505671 0.140353 0.173903
1 0.937668 0.968054 0.12421 0.0635942
1 0.161056 0.838496 0.0979736 0.146873
1 0.970695 0.737857 0.057529 0.132111
3 0.0978174 0.256526 0.192545 0.390074
0 0.571926 0.50538 0.133771 0.181588
1 0.498586 0.498488 0.0951319 0.11373
2 0.770635 0.513057 0.226971 0.273937
