0 0.483226 0.465289 0.103613 0.102955
0 0.326894 0.792641 0.108956 0.137891
1 0.411506 0.0359242 0.120346 0.0714512
0 0.644631 0.947991 0.120389 0.104018
1 0.615011 0.227676 0.110379 0.100698
1 0.319688 0.266349 0.0659281 0.0547693
1 0.272234 0.51093 0.106722 0.109351
1 0.21457 0.917739 0.158256 0.164523
1 0.0616804 0.979086 0.0887973 0.0416187
1 0.0587544 0.833639 0.116695 0.136473
1 0.650724 0.494657 0.106998 0.108739
0 0.652441 0.494447 0.107469 0.108019
1 0.394292 0.273853 0.104076 0.15315
0 0.365607 0.669871 0.0849059 0.0818088
0 0.843296 0.264105 0.104651 0.0927662
0 0.511984 0.332042 0.108453 0.111392
1 0.522733 0.259852 0.0784828 0.0775269
