0 0.244638 0.883363 0.0751485 0.127485
1 0.231984 0.272782 0.0890054 0.119904
1 0.400831 0.281981 0.0948907 0.136968
0 0.05764 0.228117 0.104158 0.108779
1 0.168335 0.884839 0.0913887 0.117831
1 0.078122 0.857994 0.0922057 0.152436
1 0.318517 0.273457 0.0847287 0.106982
1 0.155408 0.231465 0.0897511 0.0928
0 0.487364 0.290611 0.0799045 0.111408
0 0.317322 0.282002 0.0865613 0.12442
0 0.0790509 0.857834 0.0965309 0.15728
1 0.416883 0.903806 0.0920899 0.115496
0 0.166882 0.882292 0.0906741 0.126512
