0 0.0429669 0.234714 0.0859338 0.156124
0 0.16495 0.603364 0.0874224 0.111275
1 0.423401 0.676879 0.0864052 0.0925913
2 0.584073 0.620711 0.174885 0.13322
1 0.0534817 0.851151 0.0979351 0.113601
1 0.356293 0.699423 0.0780871 0.0962679
1 0.12657 0.821979 0.0892465 0.117765
1 0.893721 0.0934725 0.132705 0.12619
1 0.958412 0.462814 0.0814821 0.101388
1 0.747154 0.182799 0.121724 0.091113
1 0.473497 0.939106 0.0892012 0.098997
0 0.17837 0.946454 0.113863 0.106507
0 0.0304002 0.654893 0.0608003 0.118191
1 0.820783 0.384146 0.101057 0.088128
0 0.509784 0.47481 0.117865 0.12681
0 0.411043 0.516252 0.11185 0.116823
1 0.63567 0.685552 0.103357 0.0791401
1 0.14173 0.0515009 0.114884 0.095268
1 0.800663 0.314986 0.105554 0.0868248
1 0.180717 0.142994 0.100525 0.087787
1 0.273461 0.116692 0.0844568 0.0996701
1 0.918806 0.943582 0.146177 0.107508
1 0.744911 0.557231 0.135825 0.138639
1 0.795988 0.673472 0.107143 0.0849235
0 0.714906 0.417303 0.0938389 0.104607
1 0.259806 0.936905 0.0728165 0.0900513
1 0.427848 0.759826 0.116008 0.0789175
0 0.333943 0.542407 0.0713115 0.0807011
1 0.584255 0.874192 0.114711 0.112792
0 0.234661 0.566227 0.0911062 0.126706
0 0.0854987 0.956403 0.105076 0.0830085
1 0.967209 0.653057 0.065239 0.08202
1 0.538401 0.0977389 0.10869 0.092905
0 0.62341 0.387501 0.0911068 0.0880478
0 0.776253 0.233761 0.101662 0.0766724
1 0.601407 0.176983 0.127661 0.115898
0 0.354466 0.0159879 0.0875189 0.0316707
1 0.404823 0.18693 0.121112 0.111525
0 0.31616 0.21376 0.0685288 0.0892489
1 0.43662 0.308613 0.156094 0.112825
1 0.198072 0.788523 0.101057 0.101306
0 0.249392 0.368017 0.073464 0.0894836
0 0.360596 0.393553 0.115098 0.0917215
1 0.723967 0.11874 0.100704 0.0784844
0 0.643796 0.760777 0.108552 0.0717223
1 0.0731572 0.440854 0.09918 0.111783
0 0.22877 0.460315 0.0709119 0.0980935
0 0.720157 0.941056 0.100295 0.0661032
1 0.851514 0.0289799 0.104018 0.0577245
1 0.602017 0.969644 0.109424 0.0604547
1 0.858517 0.889996 0.114264 0.0805347
0 0.636829 0.29754 0.148083 0.115658
0 0.685598 0.892917 0.112196 0.0871868
1 0.872388 0.497959 0.0804039 0.0854645
1 0.24664 0.0286925 0.0831978 0.0570747
1 0.823686 0.560683 0.0661654 0.0551046
0 0.634106 0.42037 0.115532 0.160618
0 0.657795 0.819771 0.11715 0.103147
1 0.967353 0.0383706 0.0650491 0.0752746
0 0.0852649 0.623479 0.116052 0.141973
0 0.785636 0.790253 0.0710561 0.073799
1 0.991668 0.793323 0.0163507 0.0686901
0 0.0738077 0.440795 0.0990666 0.111771
1 0.0134261 0.116765 0.0267133 0.100778
