0 0.871914 0.858605 0.094927 0.0773253
0 0.543438 0.125382 0.116957 0.104632
0 0.920623 0.482733 0.100309 0.0887542
0 0.241221 0.0534459 0.0664906 0.105773
1 0.633351 0.79137 0.0713215 0.111282
1 0.369741 0.372371 0.0901915 0.0746945
1 0.264707 0.940852 0.07248 0.111933
1 0.702996 0.540367 0.119861 0.0733938
1 0.696443 0.46277 0.154263 0.0841947
1 0.167434 0.500237 0.110465 0.0721503
1 0.783087 0.0684745 0.146217 0.108736
1 0.55821 0.801523 0.08318 0.145561
1 0.343231 0.586796 0.117174 0.0628835
0 0.0577812 0.898159 0.0764513 0.119318
1 0.541765 0.951845 0.0651686 0.0956662
1 0.723511 0.38525 0.12617 0.0796102
1 0.532811 0.52771 0.125767 0.0851684
0 0.200018 0.213676 0.128317 0.0823272
0 0.0331722 0.341072 0.0656816 0.0667542
0 0.848988 0.165087 0.0954854 0.117373
1 0.28615 0.758216 0.0777972 0.117744
1 0.532001 0.312911 0.0755382 0.110287
0 0.1576 0.568059 0.105631 0.0608907
0 0.183321 0.432266 0.12107 0.0683325
1 0.183785 0.360415 0.107692 0.081703
1 0.693992 0.138058 0.0909026 0.105876
1 0.877885 0.979716 0.145857 0.0404031
1 0.359122 0.752853 0.0660348 0.0861382
1 0.344108 0.511443 0.135898 0.0677454
1 0.492225 0.759919 0.0585945 0.079119
0 0.36905 0.287412 0.114912 0.0911705
1 0.200766 0.287615 0.128959 0.0663415
1 0.372393 0.0812075 0.0848118 0.107591
0 0.335854 0.920943 0.0761272 0.14431
1 0.697954 0.614011 0.112643 0.0718207
1 0.848881 0.164944 0.0911779 0.114732
0 0.12861 0.925531 0.0800501 0.10557
1 0.518067 0.593832 0.0968154 0.0542767
0 0.621454 0.132214 0.0937829 0.105379
2 0.951118 0.367388 0.0927005 0.136104
1 0.30674 0.0675976 0.0801057 0.135195
1 0.977889 0.825856 0.0437851 0.137061
1 0.210999 0.757831 0.0675409 0.0968175
1 0.0345189 0.274199 0.0690378 0.0707101
1 0.368436 0.28764 0.114804 0.0913695
1 0.671123 0.294762 0.0813066 0.0898759
1 0.344941 0.442784 0.142115 0.0654623
0 0.41315 0.963426 0.053351 0.070226
1 0.139944 0.760233 0.0715599 0.137015
1 0.876325 0.932185 0.127793 0.0560417
0 0.0211802 0.552587 0.0421444 0.0734634
1 0.0210961 0.552073 0.0417335 0.0730529
1 0.875001 0.588115 0.0851165 0.132123
1 0.539525 0.447609 0.122539 0.0833659
1 0.474224 0.95653 0.0664518 0.0869398
0 0.0320562 0.476741 0.0636192 0.0771018
0 0.541064 0.448376 0.125391 0.0824037
1 0.597573 0.364878 0.0685496 0.0801049
0 0.759757 0.0248459 0.110054 0.0495144
0 0.0768987 0.749246 0.070423 0.124461
0 0.523699 0.0501299 0.105447 0.0862238
0 0.195936 0.912577 0.0839133 0.133023
1 0.696392 0.943081 0.0871572 0.113837
0 0.423638 0.760991 0.0598853 0.103536
0 0.030824 0.40924 0.061648 0.0567278
1 0.329754 0.988411 0.0709021 0.0229688
0 0.359129 0.75917 0.0691437 0.10016
1 0.183933 0.431983 0.120164 0.0676304
