1 0.667253 0.256329 0.142992 0.104109
1 0.492594 0.866743 0.138043 0.0956101
1 0.642007 0.0781835 0.152143 0.103541
1 0.482732 0.771928 0.12545 0.10196
1 0.845024 0.326269 0.137015 0.0966154
1 0.689106 0.437351 0.13699 0.101234
1 0.713394 0.619571 0.128399 0.113188
1 0.337429 0.796602 0.101546 0.14966
1 0.73385 0.723488 0.134339 0.115103
1 0.797937 0.152358 0.146017 0.103663
1 0.82981 0.417031 0.146862 0.106613
1 0.903565 0.693848 0.13683 0.0991883
0 0.295441 0.546927 0.0841265 0.0902662
1 0.652617 0.166464 0.145533 0.100968
1 0.868082 0.590812 0.158351 0.0979724
1 0.249109 0.799475 0.097051 0.107487
1 0.699213 0.523426 0.129743 0.0908035
1 0.436924 0.503997 0.18812 0.102971
1 0.866714 0.501952 0.144895 0.0997974
1 0.821088 0.238741 0.147031 0.095903
1 0.460356 0.596854 0.142048 0.0930144
1 0.899972 0.800768 0.118498 0.101118
1 0.783528 0.0605578 0.146303 0.101739
1 0.147267 0.780008 0.0850599 0.135277
1 0.213105 0.572864 0.104639 0.120862
1 0.479298 0.685215 0.107076 0.0880599
1 0.16893 0.96965 0.0958233 0.0602357
1 0.629341 0.0210512 0.143247 0.0417483
1 0.745607 0.840749 0.137837 0.143657
1 0.0511534 0.767347 0.102307 0.109123
1 0.66646 0.348088 0.130491 0.0935129
1 0.0590305 0.97171 0.101204 0.0562239
1 0.114456 0.58119 0.0994913 0.109696
0 0.116393 0.580877 0.0998436 0.111421
1 0.0346509 0.586769 0.0689956 0.0779994
0 0.0374583 0.60341 0.0743991 0.112808
2 0.0938609 0.0392107 0.187056 0.0738836
1 0.779503 0.0104799 0.140811 0.0209344
0 0.975005 0.123512 0.0496426 0.107151
