1 0.0883597 0.579656 0.110364 0.114517
1 0.69041 0.187387 0.0760062 0.0852079
1 0.353653 0.506778 0.12433 0.116561
1 0.710421 0.871773 0.107525 0.104932
1 0.762064 0.796651 0.119026 0.119395
1 0.47036 0.59014 0.115402 0.11672
1 0.21076 0.229011 0.103368 0.0950338
0 0.293529 0.938883 0.114509 0.102671
1 0.213363 0.733317 0.0950633 0.0875672
1 0.588945 0.216202 0.131744 0.140819
1 0.586128 0.40414 0.102655 0.112406
0 0.475746 0.0782199 0.163279 0.149063
1 0.0744293 0.396697 0.132095 0.120855
1 0.826402 0.557342 0.163148 0.155422
1 0.762809 0.293962 0.189423 0.174146
1 0.766624 0.919396 0.0826681 0.0846608
1 0.582054 0.640942 0.0820382 0.0898044
0 0.434593 0.159056 0.124041 0.112653
1 0.0423454 0.644568 0.0842611 0.142727
0 0.947492 0.718174 0.103576 0.107083
1 0.173948 0.827124 0.156569 0.147169
1 0.885675 0.648283 0.165097 0.185059
1 0.891047 0.890722 0.17162 0.17074
1 0.650048 0.814089 0.10479 0.089138
0 0.121061 0.174752 0.144472 0.159645
1 0.100738 0.924789 0.153725 0.130765
0 0.171564 0.475393 0.14074 0.11745
0 0.326518 0.677486 0.0593247 0.0569417
1 0.416828 0.661364 0.0862429 0.0828764
1 0.284969 0.0976921 0.119841 0.125628
1 0.349323 0.127948 0.115546 0.118019
0 0.177044 0.828184 0.160978 0.148041
1 0.639283 0.717256 0.086401 0.0831196
0 0.268948 0.647678 0.092135 0.0830872
0 0.686116 0.388237 0.0888002 0.0772488
1 0.949993 0.716753 0.0993695 0.102571
1 0.860949 0.338116 0.10522 0.118675
1 0.0342749 0.980631 0.0685498 0.038362
0 0.100112 0.923945 0.15302 0.131157
1 0.787248 0.982391 0.079842 0.0350702
1 0.467575 0.689768 0.176491 0.155242
0 0.533266 0.973 0.0859215 0.0539949
0 0.651639 0.429243 0.0780349 0.0789761
1 0.51687 0.351623 0.133801 0.121484
0 0.46781 0.959045 0.0739089 0.079935
1 0.356987 0.715969 0.0694277 0.0908632
