0 0.428313 0.848367 0.0897753 0.0947305
0 0.500033 0.764442 0.151585 0.132889
1 0.0482463 0.0671199 0.0944346 0.111661
1 0.684017 0.525888 0.1312 0.110992
2 0.936668 0.287621 0.124945 0.133072
1 0.773956 0.0770077 0.131915 0.150894
0 0.70851 0.882013 0.0968411 0.0873923
1 0.86906 0.0453443 0.122767 0.0902837
0 0.723379 0.74279 0.103573 0.109715
3 0.693138 0.281752 0.117851 0.329514
2 0.691672 0.286997 0.111907 0.328669
0 0.104781 0.56833 0.0867313 0.0851595
1 0.813322 0.36753 0.127549 0.114747
3 0.293992 0.51778 0.226068 0.19148
0 0.752255 0.632921 0.092849 0.0872216
1 0.105487 0.568438 0.0885836 0.0840712
1 0.751661 0.633249 0.0937405 0.0872033
2 0.299377 0.968784 0.217757 0.0612757
1 0.0546553 0.853235 0.0779106 0.0735393
2 0.812842 0.366273 0.1262 0.111871
3 0.392778 0.462314 0.432468 0.275478
