0 0.108603 0.643214 0.105013 0.116524
0 0.0452711 0.682137 0.0905243 0.0993
0 0.0502761 0.159507 0.100552 0.106959
0 0.348711 0.468612 0.12403 0.111733
0 0.244203 0.0459702 0.116413 0.0919403
0 0.0883467 0.327743 0.0957801 0.0907428
1 0.881822 0.0888647 0.0931107 0.0929055
1 0.816857 0.429363 0.120237 0.135131
1 0.213613 0.828021 0.108588 0.108206
1 0.695672 0.356189 0.100795 0.104835
1 0.661954 0.588761 0.130195 0.134841
1 0.30111 0.331279 0.11015 0.125117
1 0.610071 0.708281 0.101172 0.0977063
1 0.394167 0.106758 0.129733 0.14193
1 0.193036 0.588776 0.117823 0.117764
0 0.257062 0.547269 0.117218 0.120125
1 0.462816 0.417244 0.127365 0.120377
1 0.669682 0.466856 0.0985289 0.118852
1 0.512333 0.224418 0.135526 0.144565
1 0.7088 0.232922 0.0854414 0.0840786
1 0.607471 0.155102 0.130524 0.129497
2 0.155218 0.421731 0.135203 0.156173
1 0.591772 0.0432714 0.123048 0.0865429
1 0.965954 0.109101 0.0677752 0.0911366
1 0.234002 0.705752 0.118376 0.109603
0 0.48748 0.505342 0.0955589 0.111203
1 0.578853 0.44474 0.0880357 0.0962743
0 0.109084 0.932092 0.107736 0.131832
0 0.722938 0.0673001 0.087027 0.0864555
1 0.940946 0.160961 0.0776455 0.0806767
1 0.696829 0.0308146 0.0879598 0.0616292
1 0.789023 0.16337 0.0713847 0.0810477
1 0.591273 0.34137 0.0991744 0.105533
0 0.733986 0.554943 0.0919893 0.0893099
1 0.45011 0.264744 0.0950851 0.0947547
1 0.379096 0.314141 0.0903366 0.0952902
1 0.743955 0.458039 0.112134 0.104883
1 0.137206 0.0975593 0.101187 0.0912509
1 0.927681 0.376642 0.144268 0.175817
1 0.380092 0.894458 0.0816799 0.0889535
0 0.316905 0.78585 0.0911727 0.0955167
0 0.573321 0.620543 0.151225 0.138502
1 0.227899 0.248723 0.12062 0.124191
2 0.790084 0.881263 0.314208 0.235108
1 0.929097 0.047126 0.0906479 0.0929026
0 0.192213 0.907553 0.0913093 0.0855906
1 0.850524 0.136675 0.109117 0.11505
1 0.492067 0.672776 0.165495 0.184722
1 0.636243 0.30253 0.0695074 0.0757387
2 0.925709 0.939841 0.148496 0.11905
1 0.542755 0.384962 0.0821621 0.0902255
0 0.307062 0.625826 0.0879446 0.084183
0 0.215212 0.960273 0.171295 0.0793054
0 0.0477049 0.0397484 0.0927876 0.0791697
2 0.303511 0.331244 0.108795 0.122934
0 0.415976 0.722062 0.0931031 0.0989141
1 0.981722 0.034672 0.0358618 0.0692254
1 0.499931 0.0805047 0.20492 0.160204
1 0.861146 0.0109469 0.0481029 0.0218938
1 0.953776 0.288362 0.0919421 0.14409
0 0.394115 0.778851 0.0949905 0.106649
0 0.414163 0.805645 0.131177 0.156653
1 0.852553 0.365105 0.0715678 0.0780461
1 0.0142223 0.359683 0.0282108 0.0611326
2 0.228875 0.248918 0.119766 0.124727
0 0.029898 0.976345 0.0595742 0.0468986
1 0.0295734 0.97707 0.0591188 0.0454941
1 0.363431 0.0222249 0.0730022 0.0444498
1 0.664881 0.096599 0.0997643 0.120655
