2 0.830482 0.474626 0.224956 0.236013
2 0.604735 0.637396 0.183465 0.216362
2 0.231275 0.365582 0.187058 0.192354
2 0.363718 0.704384 0.180658 0.184004
2 0.740408 0.792563 0.178661 0.194823
2 0.0943603 0.667038 0.188721 0.21987
2 0.490762 0.357884 0.16478 0.185666
2 0.930471 0.153578 0.137487 0.126487
2 0.508956 0.136447 0.353465 0.268222
2 0.632089 0.42478 0.245437 0.18673
1 0.336608 0.0613252 0.186847 0.12265
2 0.0646781 0.508698 0.128194 0.148246
1 0.0524823 0.103939 0.104629 0.12928
2 0.110652 0.237116 0.221304 0.23421
2 0.197605 0.968236 0.109466 0.0632503
2 0.0536122 0.104457 0.105311 0.130253
2 0.336514 0.0616489 0.190523 0.12263
