1 0.501252 0.423266 0.125031 0.0901903
1 0.51703 0.522686 0.118367 0.0946107
1 0.895404 0.103924 0.136751 0.118337
1 0.727323 0.541579 0.143524 0.115883
1 0.943692 0.567798 0.112616 0.0855684
1 0.712835 0.448323 0.139705 0.0860571
1 0.956453 0.931197 0.0861157 0.0910313
1 0.930895 0.480885 0.136592 0.0902748
1 0.525452 0.625454 0.129653 0.0888302
1 0.741289 0.747507 0.145744 0.194016
1 0.164427 0.853673 0.180992 0.0959704
1 0.775165 0.956299 0.149172 0.0869734
1 0.531057 0.716218 0.120716 0.0859838
1 0.526707 0.812916 0.143315 0.107528
1 0.949317 0.296465 0.0993936 0.0891595
0 0.952744 0.746011 0.0932739 0.100573
1 0.947742 0.65667 0.104035 0.0876353
1 0.929285 0.383929 0.140231 0.0993783
1 0.575123 0.958815 0.163528 0.0819591
1 0.0933221 0.0948361 0.149023 0.109259
1 0.138313 0.704945 0.142706 0.0569899
1 0.0833598 0.0268448 0.114324 0.0533327
1 0.152037 0.759631 0.168675 0.0730129
1 0.941867 0.203376 0.111288 0.0924664
1 0.962701 0.987422 0.0734301 0.0249081
1 0.693398 0.305322 0.0680796 0.0451096
1 0.958795 0.836181 0.0818784 0.0942349
3 0.143571 0.629536 0.159076 0.110325
0 0.938815 0.19654 0.105038 0.0794385
1 0.142492 0.628845 0.158111 0.105592
0 0.141682 0.629059 0.157411 0.108166
