2 0.305798 0.440242 0.272752 0.192011
1 0.410246 0.829366 0.142175 0.145168
0 0.303167 0.750799 0.147608 0.14013
2 0.912492 0.709072 0.175017 0.242528
1 0.294261 0.932031 0.132209 0.135938
1 0.5734 0.697004 0.139927 0.142202
1 0.715161 0.93241 0.149752 0.133864
1 0.624984 0.813287 0.144218 0.137182
3 0.800005 0.124382 0.398768 0.248143
1 0.146937 0.838402 0.134092 0.148589
1 0.510624 0.577761 0.139809 0.140678
1 0.0674705 0.788646 0.134692 0.179529
1 0.462017 0.9116 0.127156 0.122763
1 0.512365 0.95806 0.149189 0.0832841
1 0.199954 0.0427744 0.153221 0.0855489
1 0.399876 0.200599 0.18234 0.120581
1 0.224863 0.894819 0.146722 0.153133
1 0.799118 0.976396 0.114033 0.0467457
1 0.394501 0.105727 0.172641 0.0917764
1 0.0306556 0.240298 0.0613111 0.113465
1 0.172079 0.64136 0.15828 0.145594
0 0.218003 0.220616 0.122017 0.101998
0 0.172202 0.640588 0.158202 0.145794
2 0.510548 0.578934 0.141208 0.1402
1 0.19407 0.133352 0.0976042 0.108759
0 0.0309944 0.236074 0.0619888 0.124975
0 0.19399 0.132531 0.093645 0.108186
2 0.797501 0.128119 0.40315 0.245888
1 0.389697 0.0274127 0.0985837 0.0545732
1 0.384749 0.976366 0.0854059 0.0472674
