0 0.132324 0.440405 0.091882 0.136565
1 0.0449277 0.459933 0.0888867 0.14776
1 0.139434 0.221064 0.0979286 0.112951
1 0.0464674 0.223834 0.0822377 0.105905
1 0.955345 0.851084 0.0879893 0.150148
1 0.342845 0.825081 0.154562 0.115692
1 0.0430916 0.869877 0.085551 0.148944
1 0.0358865 0.0608687 0.071498 0.12074
1 0.100919 0.617028 0.0929195 0.135681
1 0.213448 0.858004 0.0952376 0.150718
1 0.956491 0.604556 0.0867572 0.131256
1 0.184237 0.966836 0.133803 0.0659363
1 0.198528 0.610168 0.110957 0.148897
1 0.125407 0.86758 0.0839598 0.139736
0 0.376593 0.0557655 0.191612 0.108369
1 0.027146 0.623882 0.05398 0.108222
1 0.606419 0.958595 0.159334 0.081795
1 0.587325 0.0407677 0.146137 0.0812954
1 0.140864 0.0524041 0.133235 0.103774
1 0.957917 0.972633 0.0834458 0.0545957
1 0.936753 0.049946 0.106687 0.0976307
2 0.742769 0.0716702 0.0675159 0.140856
1 0.355349 0.927015 0.164271 0.0909785
1 0.34389 0.986978 0.171659 0.0259614
