0 0.207186 0.320921 0.100917 0.133215
0 0.514034 0.390516 0.0992109 0.148577
1 0.791083 0.64225 0.120362 0.144442
0 0.397092 0.167228 0.107377 0.138605
1 0.552981 0.202208 0.100578 0.123921
1 0.740713 0.213255 0.110384 0.148678
1 0.0543456 0.526954 0.0986566 0.133894
1 0.645908 0.222698 0.0911818 0.138541
0 0.287683 0.332784 0.100486 0.129324
1 0.213581 0.572492 0.0882248 0.138035
1 0.691847 0.435999 0.134806 0.124151
0 0.945099 0.344585 0.109802 0.159618
1 0.852255 0.16732 0.182269 0.168595
1 0.875104 0.622837 0.131082 0.152244
1 0.700101 0.667044 0.151713 0.144079
0 0.140851 0.555124 0.109622 0.143625
1 0.784243 0.381163 0.116489 0.147355
1 0.446278 0.384014 0.0993891 0.132835
1 0.505083 0.625605 0.114818 0.125036
1 0.859431 0.356324 0.109701 0.145695
0 0.367938 0.359993 0.0977154 0.128988
1 0.952378 0.127233 0.0952432 0.128988
1 0.0903436 0.0441366 0.127943 0.0876028
1 0.60437 0.397239 0.115452 0.150154
0 0.604215 0.398358 0.116754 0.147947
0 0.281443 0.124439 0.0664167 0.0558015
1 0.0546621 0.106889 0.109062 0.147528
1 0.366808 0.360238 0.097495 0.131834
1 0.394606 0.603543 0.0888833 0.123806
0 0.946326 0.594609 0.106201 0.158952
0 0.4783 0.186034 0.109069 0.140028
0 0.335059 0.161386 0.0650482 0.111922
0 0.443321 0.384448 0.0949197 0.139651
0 0.875396 0.619801 0.134668 0.156662
