1 0.403657 0.0792182 0.120072 0.0948462
1 0.168712 0.367482 0.145776 0.0866857
1 0.404225 0.39198 0.133052 0.0877524
1 0.392385 0.28527 0.129355 0.107957
1 0.155257 0.540242 0.142377 0.0819263
1 0.142148 0.0928133 0.149287 0.116442
1 0.416403 0.651226 0.108635 0.0840418
1 0.185082 0.619916 0.0863046 0.0850995
1 0.399995 0.478316 0.129877 0.0837824
1 0.40863 0.56688 0.150701 0.081737
2 0.80598 0.237666 0.113285 0.17797
1 0.557936 0.28601 0.126263 0.0996132
1 0.577188 0.55362 0.144889 0.0841227
1 0.0399901 0.718662 0.0793684 0.106728
1 0.565074 0.384699 0.138206 0.0829768
1 0.55575 0.0896732 0.144138 0.0925422
1 0.0375193 0.624177 0.0750386 0.0827669
0 0.961858 0.052167 0.075812 0.0831929
1 0.524409 0.646424 0.0958345 0.091982
1 0.571879 0.464659 0.124585 0.0826914
1 0.163066 0.450317 0.164109 0.0861438
1 0.164316 0.0217118 0.121646 0.0431657
0 0.186053 0.712784 0.153696 0.107069
1 0.559424 0.0214401 0.111551 0.0426444
1 0.0304907 0.545486 0.0609814 0.0835152
1 0.403223 0.0180791 0.117757 0.0356368
0 0.163686 0.280473 0.132106 0.098941
1 0.790102 0.0391442 0.0815612 0.0778636
1 0.031851 0.367397 0.0635519 0.090012
1 0.0322342 0.0722425 0.0644381 0.114137
1 0.16358 0.280525 0.124476 0.092886
1 0.926905 0.442287 0.0765604 0.0992316
