1 0.855105 0.180929 0.151363 0.0947317
1 0.255851 0.0408717 0.139287 0.0800937
1 0.103503 0.0709024 0.121821 0.0843786
1 0.63534 0.856549 0.107481 0.0757082
1 0.249219 0.133948 0.137201 0.0845385
1 0.810024 0.568995 0.109482 0.10748
1 0.62757 0.175439 0.121485 0.0901193
1 0.481521 0.0953004 0.133516 0.0869209
1 0.0760453 0.439037 0.152001 0.159816
1 0.637338 0.935576 0.110713 0.0892965
1 0.101917 0.623612 0.117216 0.0875632
1 0.759599 0.763322 0.0919776 0.0656452
1 0.250177 0.218389 0.122725 0.0749594
1 0.0893401 0.159378 0.12295 0.081388
1 0.104965 0.245739 0.130278 0.0846572
1 0.476782 0.177653 0.107554 0.0772204
1 0.2494 0.297161 0.117398 0.0905476
1 0.862873 0.0914714 0.137497 0.0784107
1 0.762488 0.852309 0.119743 0.0787163
1 0.705243 0.552396 0.0846522 0.134239
1 0.759151 0.93523 0.109679 0.0875077
1 0.409257 0.868562 0.123918 0.075857
1 0.635121 0.0206556 0.115871 0.04099
1 0.512464 0.575839 0.169083 0.130792
0 0.641393 0.768245 0.117313 0.0928099
1 0.411467 0.948962 0.14655 0.0860691
1 0.106542 0.0148696 0.122248 0.0296251
1 0.865705 0.0242151 0.125089 0.048138
1 0.966643 0.0534124 0.0667142 0.0951975
1 0.47828 0.0242481 0.110394 0.048321
1 0.0902274 0.327817 0.0727792 0.0534618
1 0.398469 0.766948 0.156183 0.117343
0 0.945384 0.665768 0.108811 0.154504
1 0.641958 0.769357 0.116937 0.0914221
0 0.632837 0.0876988 0.132634 0.0843686
1 0.621417 0.565374 0.0755277 0.105061
1 0.752716 0.988198 0.0957215 0.0232992
0 0.510207 0.572424 0.164148 0.127332
1 0.019743 0.602869 0.0387922 0.130284
1 0.962901 0.136261 0.0733237 0.260827
