2 0.72733 0.90758 0.175773 0.184322
2 0.287821 0.46889 0.182434 0.181924
1 0.867898 0.0757953 0.113284 0.106373
0 0.8208 0.359772 0.0828937 0.092152
1 0.809475 0.115723 0.096029 0.0859816
1 0.768855 0.16436 0.101326 0.0986788
0 0.579188 0.0627761 0.132564 0.125023
1 0.719447 0.346286 0.0788696 0.0755348
1 0.170181 0.0533575 0.131144 0.106715
0 0.704223 0.463095 0.104021 0.100624
1 0.546501 0.169033 0.103491 0.0843919
1 0.561684 0.774245 0.0889893 0.0717289
0 0.373645 0.293527 0.111187 0.114227
1 0.0732794 0.106997 0.139465 0.131035
0 0.293672 0.193901 0.0796509 0.0900236
1 0.22286 0.257194 0.0925781 0.083514
1 0.0410356 0.352239 0.0820712 0.098039
1 0.33166 0.249819 0.0944089 0.0939333
1 0.666141 0.106177 0.103198 0.112083
1 0.43339 0.737134 0.0815339 0.0919437
2 0.857321 0.789981 0.285121 0.10191
0 0.147862 0.292914 0.122715 0.117336
1 0.908316 0.0322922 0.0982397 0.0645845
1 0.721321 0.221937 0.0914003 0.0842245
1 0.0368683 0.14085 0.0730277 0.165017
1 0.429344 0.0444386 0.0942463 0.0878316
1 0.941866 0.294579 0.105657 0.0926459
3 0.130409 0.77603 0.260818 0.445104
1 0.377023 0.0138505 0.0589179 0.0277009
2 0.124847 0.829217 0.249695 0.337075
1 0.481081 0.0205996 0.0827039 0.0411903
0 0.748372 0.297353 0.0783792 0.0796621
2 0.935331 0.969821 0.127419 0.0596132
3 0.438127 0.566716 0.129144 0.122162
2 0.534415 0.915498 0.0958421 0.167677
