2 0.276226 0.820678 0.155951 0.141742
0 0.467422 0.820852 0.0993948 0.121515
1 0.843139 0.0531449 0.117049 0.10629
1 0.033768 0.241705 0.067536 0.0979082
1 0.647781 0.113974 0.168273 0.182803
1 0.925654 0.0441411 0.120864 0.0878651
0 0.623402 0.737047 0.0899682 0.255944
1 0.281817 0.0856998 0.0933595 0.10121
0 0.699564 0.322523 0.0999143 0.137648
1 0.693451 0.649633 0.0771694 0.101117
0 0.859124 0.304507 0.0771577 0.115318
1 0.874483 0.449272 0.0572479 0.126732
1 0.792552 0.467682 0.0718873 0.106886
1 0.72675 0.0920896 0.105843 0.129414
1 0.776552 0.0717376 0.109552 0.12173
1 0.476783 0.704998 0.064623 0.113084
0 0.788382 0.32068 0.0719376 0.135556
0 0.936517 0.301089 0.0823846 0.120373
1 0.775492 0.66276 0.0887411 0.135758
1 0.360904 0.0435715 0.0939268 0.087143
1 0.702151 0.798895 0.0837142 0.127251
0 0.854348 0.798778 0.0852631 0.133615
1 0.514651 0.0173925 0.0935057 0.0346493
1 0.925118 0.655316 0.0722864 0.120662
3 0.622217 0.73939 0.0854217 0.250216
0 0.774101 0.802526 0.0726805 0.135322
1 0.539423 0.675483 0.0677071 0.117341
0 0.946245 0.444916 0.0784163 0.133491
2 0.229121 0.472726 0.0801712 0.158312
1 0.228962 0.475799 0.077197 0.141014
0 0.701303 0.799332 0.0797211 0.125433
1 0.847142 0.665848 0.0880474 0.126618
0 0.95158 0.789664 0.0956249 0.110188
1 0.974701 0.0183657 0.050066 0.0367314
1 0.436345 0.021958 0.0668473 0.0438743
1 0.98794 0.656076 0.0236671 0.119631
