0 0.756116 0.92628 0.0853167 0.124023
1 0.222956 0.359692 0.0845178 0.101945
1 0.337379 0.568545 0.0972895 0.123642
1 0.468234 0.16576 0.0904438 0.136454
1 0.0681678 0.208723 0.117928 0.0993346
1 0.475557 0.322574 0.0859311 0.133063
1 0.304954 0.33486 0.102545 0.136003
1 0.589652 0.543285 0.0902599 0.139743
1 0.591165 0.93931 0.0923907 0.121114
1 0.563688 0.303527 0.0908568 0.135617
1 0.553811 0.160331 0.0882251 0.121425
1 0.0571196 0.113621 0.110057 0.0827962
1 0.687911 0.534358 0.114218 0.133993
1 0.899194 0.680216 0.0961442 0.106193
1 0.252707 0.585455 0.0981807 0.136578
1 0.653253 0.295438 0.0953994 0.129501
1 0.95691 0.505641 0.0861802 0.135223
1 0.864142 0.514609 0.10826 0.143229
1 0.617037 0.701141 0.0853686 0.127728
1 0.931388 0.285544 0.0935347 0.119783
1 0.165931 0.580383 0.0930332 0.101881
1 0.93687 0.111643 0.126181 0.112547
1 0.36581 0.175878 0.12823 0.129803
1 0.0780143 0.292682 0.119068 0.0678693
1 0.423234 0.551139 0.095709 0.104781
1 0.529837 0.706443 0.0957408 0.134727
1 0.391345 0.330509 0.0996321 0.12921
0 0.44356 0.729749 0.0983803 0.121008
1 0.061174 0.0358194 0.121097 0.0713461
1 0.843568 0.917228 0.0894207 0.126102
1 0.669046 0.933969 0.0864362 0.126118
1 0.833972 0.12022 0.0880672 0.10451
1 0.254732 0.109622 0.114739 0.0991814
1 0.080699 0.600996 0.0994727 0.124133
1 0.84784 0.276892 0.0925708 0.138593
1 0.645942 0.153056 0.110125 0.124739
1 0.506458 0.546555 0.0876643 0.113012
1 0.209039 0.0321031 0.128619 0.0638913
0 0.104673 0.391475 0.145999 0.120156
1 0.0204165 0.608624 0.040833 0.128142
1 0.694499 0.692454 0.104682 0.132373
1 0.976778 0.111834 0.0459317 0.114373
1 0.923199 0.908437 0.0910558 0.151137
1 0.970201 0.672887 0.0589917 0.104086
1 0.987141 0.279399 0.0251803 0.104133
0 0.969509 0.673499 0.0600016 0.108668
1 0.978657 0.878334 0.0421987 0.0806952
