0 0.710681 0.94016 0.101855 0.112628
1 0.62717 0.147833 0.109811 0.112678
1 0.67172 0.292961 0.156679 0.15469
1 0.0623959 0.0675042 0.124792 0.135008
0 0.67407 0.808563 0.111861 0.110858
1 0.783207 0.237638 0.162701 0.136916
1 0.73184 0.125973 0.129165 0.133336
1 0.332736 0.817746 0.0789419 0.066398
1 0.702056 0.684537 0.11855 0.10626
1 0.421842 0.289427 0.140995 0.171925
1 0.292987 0.252491 0.159022 0.165247
1 0.319608 0.0826855 0.12002 0.13956
1 0.124318 0.122839 0.1638 0.158333
1 0.618977 0.720555 0.0934939 0.107615
1 0.400568 0.127261 0.13612 0.132821
2 0.904423 0.645769 0.190392 0.25041
1 0.197387 0.188962 0.157569 0.162982
1 0.248182 0.587465 0.130735 0.132861
1 0.212535 0.0479107 0.126837 0.0948376
1 0.51734 0.129772 0.0932331 0.0649043
1 0.557841 0.314239 0.126407 0.144312
1 0.440097 0.899335 0.227804 0.199042
1 0.275928 0.972218 0.0841907 0.0554367
1 0.968139 0.167085 0.0630875 0.129143
1 0.254234 0.0250052 0.085534 0.0498061
1 0.976387 0.654261 0.0467278 0.0837092
0 0.397536 0.697045 0.173026 0.160607
1 0.948073 0.109361 0.103854 0.0970282
1 0.208394 0.980678 0.0774147 0.0386438
2 0.440954 0.89902 0.225657 0.199964
0 0.0402096 0.370087 0.079375 0.157278
1 0.889537 0.0172641 0.101674 0.0342865
0 0.176889 0.64865 0.129272 0.103414
1 0.143077 0.46062 0.220258 0.211086
1 0.973813 0.0143961 0.051801 0.0287922
0 0.227656 0.81748 0.123711 0.131045
0 0.0683593 0.887706 0.133646 0.170565
1 0.0126489 0.574199 0.0250886 0.0682365
