2 0.483446 0.796304 0.410872 0.405521
1 0.166611 0.888908 0.108318 0.0939252
2 0.106464 0.143655 0.210439 0.283885
1 0.0469211 0.950528 0.0928297 0.0986493
1 0.115498 0.71629 0.10025 0.0895923
1 0.132399 0.797662 0.0978404 0.0816401
1 0.0174388 0.776673 0.034449 0.0869005
0 0.790232 0.69845 0.124927 0.107744
1 0.0283776 0.540598 0.0567551 0.102817
2 0.178079 0.44584 0.145479 0.168839
1 0.0751893 0.484037 0.132687 0.151417
1 0.174486 0.959339 0.123995 0.0809891
0 0.959315 0.069187 0.0801126 0.126737
1 0.762629 0.0432034 0.152474 0.0859573
0 0.963651 0.841495 0.0720791 0.0794228
1 0.963664 0.840622 0.0714903 0.0759377
2 0.0765282 0.484648 0.131647 0.15092
0 0.961263 0.648075 0.0764036 0.0893561
0 0.966359 0.744111 0.050369 0.0603117
