1 0.879954 0.317155 0.0953563 0.0993752
0 0.224424 0.0488647 0.110018 0.0976352
1 0.279724 0.628029 0.147026 0.141125
1 0.22912 0.253353 0.114818 0.143884
1 0.13115 0.743631 0.0937257 0.104025
1 0.157968 0.915264 0.0821288 0.109017
1 0.356384 0.194457 0.0768099 0.0889046
1 0.269494 0.885127 0.0925827 0.0916548
1 0.379899 0.43353 0.141845 0.149855
1 0.398144 0.782053 0.11035 0.131886
0 0.0563289 0.0867119 0.112658 0.164535
1 0.137808 0.0685232 0.0932775 0.103158
1 0.501191 0.738425 0.112229 0.101792
1 0.0256074 0.78508 0.0511022 0.100616
1 0.42908 0.149764 0.10329 0.112418
1 0.969855 0.803296 0.0602893 0.0959783
1 0.141501 0.255554 0.102879 0.107809
1 0.54664 0.554103 0.108973 0.114078
1 0.0867644 0.320315 0.0925904 0.103227
1 0.586214 0.688279 0.114631 0.126276
1 0.634477 0.158302 0.118944 0.0998329
1 0.0283173 0.334408 0.0566346 0.109821
1 0.285671 0.218044 0.0893963 0.106847
0 0.309062 0.0324039 0.108274 0.064636
1 0.109393 0.40976 0.0602775 0.046774
