1 0.115424 0.782069 0.147674 0.126576
1 0.634872 0.929994 0.131395 0.120321
1 0.249265 0.405054 0.130688 0.120859
1 0.806087 0.54972 0.149781 0.156313
1 0.180313 0.86079 0.116934 0.11873
1 0.945008 0.467621 0.109744 0.125666
1 0.402724 0.14387 0.144244 0.133051
1 0.627025 0.20513 0.137536 0.141929
1 0.0954144 0.317497 0.156738 0.147305
1 0.9295 0.68423 0.11777 0.108881
1 0.220465 0.492877 0.133008 0.115931
0 0.173724 0.563714 0.103342 0.0944631
1 0.82112 0.361217 0.13943 0.124596
1 0.574046 0.871792 0.121312 0.121351
1 0.51923 0.347786 0.135662 0.141326
1 0.431013 0.548364 0.150154 0.16563
1 0.564729 0.653667 0.128902 0.125722
1 0.639565 0.705451 0.116727 0.114442
1 0.359203 0.221594 0.119154 0.11656
1 0.372416 0.701378 0.157269 0.155436
1 0.777018 0.831442 0.141904 0.128604
1 0.727175 0.508221 0.114419 0.110135
1 0.495727 0.813554 0.104571 0.109338
1 0.902934 0.397238 0.113175 0.111741
1 0.451389 0.0778316 0.116444 0.120045
1 0.951646 0.740083 0.0943677 0.130339
0 0.134637 0.639979 0.101594 0.0995821
1 0.942176 0.197634 0.115647 0.139223
1 0.881567 0.946081 0.13986 0.107277
1 0.911958 0.115878 0.126944 0.127512
1 0.853344 0.615445 0.110585 0.110853
1 0.710725 0.763429 0.120873 0.115802
0 0.679334 0.42749 0.141352 0.15739
1 0.343609 0.945979 0.118601 0.107012
1 0.429728 0.769795 0.122187 0.139314
1 0.510794 0.0384399 0.130559 0.0768798
0 0.818172 0.0873155 0.109241 0.139172
1 0.271027 0.891601 0.138703 0.132992
1 0.26101 0.0363381 0.115961 0.0726763
1 0.187287 0.161828 0.185738 0.154779
1 0.203382 0.0740013 0.108048 0.0984811
1 0.771511 0.290362 0.0997727 0.0881059
1 0.973481 0.54515 0.0523162 0.111691
1 0.0585708 0.387389 0.116605 0.110282
1 0.608439 0.38252 0.137271 0.135107
1 0.690275 0.257704 0.0962797 0.105246
1 0.361862 0.0214296 0.0835052 0.0428058
1 0.679534 0.428067 0.144108 0.158332
1 0.93807 0.979774 0.0950967 0.0401177
1 0.829371 0.891039 0.137661 0.131384
1 0.0502232 0.474526 0.100361 0.12093
0 0.853541 0.616246 0.113948 0.111007
1 0.781288 0.0493764 0.102279 0.096201
1 0.496923 0.602593 0.138555 0.148273
