1 0.883543 0.208109 0.146962 0.135272
1 0.775226 0.50986 0.147688 0.0880729
1 0.887312 0.695783 0.149348 0.138532
1 0.145604 0.438982 0.152069 0.133223
2 0.167385 0.747602 0.109848 0.132477
1 0.120836 0.526421 0.142766 0.103291
1 0.941051 0.143352 0.117898 0.126266
1 0.648304 0.300421 0.141875 0.127777
1 0.406901 0.120994 0.142773 0.107635
2 0.832723 0.924189 0.317387 0.150166
1 0.575952 0.559846 0.174788 0.117123
1 0.840059 0.277374 0.144934 0.138006
1 0.307103 0.484544 0.146242 0.0985693
1 0.821911 0.626934 0.195132 0.127602
1 0.797891 0.400828 0.148526 0.127414
2 0.127491 0.89083 0.155054 0.214172
1 0.309716 0.564483 0.122175 0.0947201
1 0.217137 0.0756804 0.128622 0.0997683
1 0.615035 0.481849 0.143065 0.109523
1 0.393184 0.205235 0.134985 0.0959816
1 0.208819 0.15903 0.136974 0.0989289
1 0.930778 0.766192 0.138444 0.157885
1 0.429451 0.0429822 0.12834 0.0852557
1 0.975631 0.825201 0.0486522 0.0954936
1 0.38927 0.289074 0.0956124 0.092739
1 0.630246 0.391075 0.147309 0.10271
1 0.966266 0.0608171 0.0657256 0.121634
1 0.231079 0.0177685 0.118482 0.0351392
1 0.710122 0.114216 0.142627 0.119295
2 0.278165 0.654433 0.192635 0.128872
0 0.669062 0.203773 0.154439 0.131892
2 0.584386 0.824455 0.27446 0.349715
2 0.061904 0.819988 0.123602 0.360023
1 0.27898 0.653536 0.18805 0.128663
0 0.100815 0.606514 0.141697 0.104461
1 0.03324 0.0356281 0.0663933 0.0708678
1 0.781644 0.0566043 0.169871 0.1126
0 0.782476 0.056196 0.166677 0.111105
1 0.847895 0.0148677 0.087217 0.0297354
