1 0.488229 0.732962 0.132836 0.10875
1 0.166248 0.471175 0.161678 0.113485
1 0.700016 0.639101 0.144747 0.116352
1 0.884191 0.497603 0.126778 0.100485
1 0.257626 0.137324 0.127057 0.106406
1 0.5298 0.169832 0.153563 0.114034
1 0.380805 0.466162 0.161577 0.108598
1 0.896355 0.56869 0.15757 0.113472
1 0.710227 0.0477312 0.167438 0.0950741
1 0.76679 0.167152 0.161239 0.114754
1 0.574802 0.956416 0.174885 0.0864625
1 0.479047 0.0484254 0.158056 0.0968509
1 0.266807 0.738467 0.160849 0.11055
1 0.626006 0.442621 0.152406 0.112339
1 0.806907 0.302599 0.139957 0.110057
1 0.0828937 0.275965 0.136878 0.107542
1 0.775111 0.240432 0.144538 0.113147
1 0.104866 0.345882 0.13694 0.111582
1 0.966098 0.168956 0.0676576 0.082178
1 0.0657629 0.209692 0.131526 0.0996599
1 0.924882 0.633032 0.144313 0.104075
1 0.335272 0.934186 0.140217 0.110478
1 0.948202 0.736026 0.103003 0.155912
1 0.601088 0.372877 0.143711 0.110086
1 0.461211 0.676941 0.126036 0.0902658
1 0.530476 0.824321 0.171039 0.153233
1 0.560866 0.246127 0.163942 0.105178
1 0.74438 0.102111 0.159481 0.118837
1 0.296892 0.806033 0.156124 0.102204
1 0.806224 0.910524 0.151151 0.112386
1 0.341937 0.334271 0.169366 0.112143
1 0.427493 0.564565 0.20838 0.179736
1 0.309157 0.270032 0.150488 0.109695
1 0.136388 0.406509 0.141889 0.101166
1 0.186002 0.547905 0.141627 0.0942826
1 0.499967 0.105598 0.152632 0.0969758
1 0.363341 0.39483 0.164774 0.110005
1 0.0569838 0.139467 0.113968 0.105107
1 0.6767 0.576449 0.156068 0.0927212
1 0.854288 0.433354 0.149686 0.110256
1 0.584556 0.314774 0.164534 0.0979816
1 0.0379314 0.0724505 0.0758627 0.093303
1 0.967742 0.838238 0.0640125 0.0938143
1 0.277392 0.204328 0.155245 0.107508
1 0.754881 0.775429 0.151249 0.103629
0 0.827046 0.367905 0.133318 0.104536
1 0.206213 0.614715 0.138792 0.0924886
1 0.939345 0.0552845 0.119898 0.110064
1 0.828427 0.36673 0.126022 0.100184
1 0.220157 0.0729783 0.154861 0.118201
0 0.207787 0.614025 0.149845 0.0939471
1 0.975555 0.235747 0.0483792 0.0732322
1 0.23618 0.677625 0.142457 0.0920314
1 0.740445 0.714029 0.152688 0.100985
1 0.871212 0.986856 0.0857222 0.0259604
1 0.309583 0.879778 0.141827 0.0933474
1 0.661441 0.509399 0.147661 0.0888259
1 0.0320249 0.0200654 0.0640498 0.0401308
1 0.779004 0.844024 0.149769 0.100394
