2 0.432695 0.302754 0.184009 0.235471
1 0.506769 0.611145 0.135814 0.125383
1 0.887495 0.254063 0.158 0.155272
1 0.760397 0.421915 0.141268 0.126772
1 0.57303 0.82182 0.142411 0.117817
1 0.938343 0.573152 0.122044 0.13443
1 0.591809 0.911072 0.156608 0.123857
1 0.282786 0.67934 0.115004 0.107382
1 0.92915 0.808128 0.140265 0.142779
1 0.183572 0.300574 0.116325 0.121165
1 0.159331 0.208313 0.138229 0.122053
1 0.206633 0.397946 0.135421 0.115679
1 0.0348287 0.288317 0.0696575 0.0823514
1 0.0467161 0.369805 0.0927925 0.109649
1 0.819015 0.721573 0.138499 0.133116
1 0.818941 0.331196 0.144435 0.15579
1 0.635707 0.567594 0.123847 0.125713
1 0.0531441 0.459241 0.105333 0.113598
1 0.775272 0.957271 0.156108 0.0852506
0 0.220121 0.596701 0.118214 0.117238
1 0.96788 0.750239 0.0630261 0.114806
1 0.702767 0.50725 0.118765 0.123951
1 0.601504 0.976391 0.128198 0.0469906
1 0.243662 0.49266 0.125748 0.117529
1 0.12768 0.114186 0.14113 0.123437
2 0.725796 0.0967506 0.143322 0.153293
1 0.469172 0.506492 0.167767 0.135155
1 0.354688 0.964798 0.156121 0.0698433
1 0.0566089 0.54333 0.113218 0.107279
1 0.946428 0.18146 0.106529 0.166772
1 0.974331 0.472659 0.0510008 0.10343
1 0.841833 0.909527 0.145166 0.136348
1 0.0291181 0.205799 0.0578815 0.098267
2 0.469683 0.510482 0.171033 0.141419
1 0.895181 0.616485 0.0757179 0.0740381
2 0.691678 0.223715 0.148636 0.151472
1 0.0875317 0.0354522 0.131132 0.0707086
2 0.607566 0.275837 0.149539 0.160773
1 0.608494 0.277517 0.1414 0.154466
2 0.515029 0.130198 0.205617 0.162989
1 0.869583 0.658777 0.107831 0.102298
1 0.986087 0.63697 0.0273566 0.0575459
1 0.693576 0.220005 0.146008 0.146783
