1 0.696788 0.922704 0.175004 0.153757
1 0.286667 0.656698 0.201761 0.17049
1 0.645905 0.779981 0.18715 0.168957
1 0.435976 0.188911 0.187312 0.166045
1 0.108741 0.0777997 0.177327 0.15515
1 0.398953 0.933037 0.182319 0.133926
1 0.142067 0.224094 0.184927 0.1601
1 0.601414 0.619455 0.227775 0.193651
1 0.345038 0.778882 0.183426 0.141489
1 0.690787 0.0550441 0.11333 0.109336
1 0.191519 0.377582 0.186563 0.172645
1 0.248797 0.519795 0.190404 0.163286
1 0.508777 0.326647 0.24732 0.183413
1 0.38637 0.0600583 0.169928 0.118219
1 0.549619 0.46429 0.286626 0.212561
