1 0.363467 0.493585 0.106614 0.115157
1 0.35508 0.735697 0.0810029 0.0921135
1 0.835993 0.393764 0.117999 0.104725
0 0.667666 0.63157 0.0839128 0.0741243
1 0.224133 0.936831 0.0905615 0.121851
0 0.324463 0.238604 0.127849 0.088647
1 0.102142 0.93712 0.0972451 0.115087
1 0.466169 0.954887 0.118328 0.0894302
1 0.257895 0.749851 0.0980069 0.0686785
0 0.815769 0.752363 0.0753157 0.079843
1 0.716682 0.792847 0.109074 0.124636
1 0.491962 0.737744 0.093896 0.116519
1 0.131503 0.727012 0.119999 0.134327
1 0.582524 0.036839 0.118942 0.0733992
1 0.365219 0.949883 0.0887454 0.0997853
1 0.594727 0.254023 0.127294 0.122505
0 0.61175 0.777257 0.115632 0.149751
0 0.0265786 0.708235 0.0531571 0.123299
0 0.257744 0.486146 0.0820287 0.107341
0 0.451484 0.543654 0.0938576 0.104568
1 0.0265365 0.706978 0.0530729 0.120671
1 0.897024 0.0446897 0.0970578 0.0759355
0 0.824186 0.854269 0.0675945 0.0706515
1 0.137315 0.610533 0.106598 0.0889647
0 0.964014 0.568876 0.0704234 0.0893881
1 0.567536 0.984013 0.086354 0.0316596
1 0.961497 0.541152 0.076405 0.154253
0 0.903745 0.0451289 0.105408 0.0802937
1 0.0204827 0.921786 0.0407098 0.0987316
0 0.366521 0.950765 0.0850691 0.097882
0 0.138522 0.509165 0.0417863 0.0613198
