0 0.689554 0.267526 0.10979 0.116167
1 0.108145 0.79039 0.117243 0.116404
1 0.541209 0.170094 0.118973 0.116985
1 0.861869 0.0934024 0.105851 0.113577
0 0.559933 0.902697 0.0865958 0.0862236
0 0.789904 0.281193 0.118638 0.12798
0 0.119645 0.116025 0.0896576 0.0772273
1 0.692183 0.0373023 0.114455 0.0740678
1 0.137577 0.623564 0.114584 0.116036
1 0.802373 0.948725 0.122584 0.102551
1 0.946338 0.123758 0.0917735 0.0961573
1 0.738806 0.851886 0.118434 0.113384
1 0.674976 0.423573 0.109373 0.1013
1 0.431077 0.29344 0.0673249 0.0667852
1 0.90714 0.491935 0.0711248 0.0739203
0 0.181402 0.94966 0.139823 0.0998995
1 0.578146 0.969803 0.0978043 0.0601234
1 0.794315 0.456245 0.0966897 0.0832337
1 0.785602 0.0500255 0.11632 0.0996639
1 0.62348 0.383416 0.0732455 0.0750087
1 0.967615 0.513305 0.0642946 0.0879298
1 0.626237 0.203137 0.120048 0.135536
1 0.118228 0.115293 0.0890395 0.0752003
1 0.0377228 0.505732 0.0754455 0.113638
0 0.950199 0.37155 0.0873299 0.0858437
0 0.859084 0.476149 0.0620362 0.0694876
1 0.85955 0.476103 0.0610447 0.0688619
