1 0.694714 0.50691 0.1655 0.163171
1 0.64431 0.581034 0.133523 0.142462
1 0.786395 0.73981 0.138792 0.138044
1 0.434632 0.22139 0.155599 0.140762
1 0.792299 0.227191 0.135649 0.140643
1 0.907356 0.354575 0.15033 0.15012
1 0.71893 0.271321 0.119182 0.128111
1 0.714109 0.80188 0.14471 0.146405
1 0.89111 0.893465 0.141455 0.137206
1 0.598158 0.388219 0.147934 0.148276
1 0.578077 0.642149 0.142644 0.158145
1 0.887889 0.177237 0.146617 0.14193
1 0.0560238 0.302645 0.112048 0.157945
1 0.456203 0.490538 0.143167 0.145556
1 0.860368 0.693684 0.132365 0.139194
1 0.657863 0.328311 0.127928 0.130797
1 0.111843 0.259797 0.162555 0.173382
1 0.827788 0.947522 0.111834 0.104955
1 0.515003 0.16635 0.134459 0.140164
1 0.32023 0.601781 0.148432 0.151888
1 0.178859 0.717661 0.131983 0.138762
1 0.258404 0.666854 0.138468 0.13769
1 0.372896 0.0538801 0.136758 0.105899
1 0.581986 0.913159 0.123633 0.130539
1 0.951263 0.264407 0.095392 0.140724
1 0.309718 0.086281 0.130087 0.129879
1 0.240618 0.145812 0.141334 0.140462
0 0.11119 0.508501 0.105363 0.117445
1 0.37489 0.281339 0.134664 0.125998
1 0.172575 0.449025 0.126849 0.12994
1 0.833562 0.397083 0.167521 0.166416
1 0.528677 0.439365 0.151855 0.146506
1 0.177369 0.195717 0.170108 0.176104
1 0.377633 0.805817 0.124009 0.135487
1 0.309785 0.332002 0.122056 0.125471
1 0.952735 0.10038 0.0940958 0.136409
1 0.951171 0.852354 0.0976576 0.139196
1 0.577033 0.101061 0.119119 0.113041
1 0.512523 0.949166 0.145476 0.101667
1 0.437969 0.742153 0.14176 0.14826
1 0.644721 0.857163 0.134277 0.158673
1 0.243013 0.396372 0.115055 0.135826
1 0.151638 0.97035 0.120365 0.0587935
1 0.389129 0.544424 0.134277 0.143632
1 0.763007 0.974772 0.108726 0.0500128
1 0.962172 0.57824 0.0747631 0.131936
1 0.513815 0.704939 0.127407 0.133934
1 0.925125 0.640142 0.139977 0.140213
1 0.0545629 0.870597 0.108694 0.138231
1 0.789558 0.466838 0.152461 0.131538
1 0.0178167 0.361085 0.0356156 0.072789
1 0.97485 0.770926 0.0497153 0.0970531
1 0.305548 0.885556 0.109991 0.140427
1 0.0339777 0.810832 0.0678801 0.0891361
0 0.0875269 0.9327 0.142165 0.133348
0 0.643004 0.0587465 0.121221 0.117493
1 0.64314 0.0597198 0.12248 0.11944
1 0.436502 0.0202767 0.0810187 0.0403136
