1 0.490739 0.50697 0.0919291 0.0684552
1 0.299692 0.818855 0.0920167 0.110243
1 0.380363 0.686824 0.149934 0.0931711
0 0.052956 0.261135 0.0812352 0.0763094
1 0.375316 0.530092 0.106595 0.121518
1 0.689191 0.942928 0.0918398 0.108628
1 0.872996 0.393665 0.0811615 0.136961
1 0.677248 0.368661 0.116104 0.104101
1 0.1542 0.889429 0.0777607 0.0941024
0 0.856298 0.691954 0.119051 0.0874374
1 0.476942 0.258412 0.111064 0.0857142
1 0.696605 0.57008 0.121403 0.0904202
1 0.645353 0.0667069 0.105359 0.0840409
0 0.791774 0.179288 0.0938771 0.107304
1 0.0813202 0.13594 0.13353 0.0777666
0 0.312424 0.172312 0.0939677 0.107357
1 0.273024 0.494866 0.0849433 0.0992513
1 0.706874 0.808499 0.0976987 0.0922014
1 0.480493 0.329253 0.103974 0.097774
1 0.0652502 0.0214617 0.0995657 0.0427922
1 0.206502 0.720453 0.0864881 0.069484
1 0.0867113 0.609684 0.0943931 0.12666
1 0.52644 0.667387 0.123167 0.107883
1 0.966071 0.111623 0.0671086 0.117563
1 0.435311 0.18584 0.134432 0.101115
1 0.217508 0.963863 0.0495082 0.0699015
1 0.538856 0.950907 0.132016 0.0974581
1 0.227256 0.171266 0.0763278 0.115415
1 0.673584 0.219748 0.132433 0.0953193
3 0.981363 0.602826 0.0365548 0.110272
1 0.0186211 0.349817 0.0372421 0.0966728
1 0.510317 0.422522 0.100623 0.0804143
1 0.894607 0.159952 0.0773962 0.11759
1 0.793321 0.179694 0.0928715 0.105421
0 0.434505 0.185382 0.137143 0.0997679
0 0.507694 0.789485 0.169864 0.100324
0 0.809196 0.058531 0.0666509 0.0499747
0 0.509487 0.422683 0.0999041 0.0806497
1 0.332328 0.957627 0.119062 0.0841527
0 0.673582 0.220145 0.132867 0.0966773
0 0.981736 0.605915 0.0359839 0.108579
0 0.980035 0.853902 0.0392933 0.169267
0 0.400475 0.314531 0.0723883 0.146253
0 0.19142 0.553268 0.0781275 0.0880737
3 0.868596 0.863481 0.17152 0.152536
