1 0.149813 0.356496 0.102557 0.101829
1 0.407208 0.0749073 0.115052 0.106568
1 0.857177 0.918927 0.0960732 0.102422
1 0.251349 0.190214 0.100874 0.10513
1 0.31345 0.107548 0.159805 0.169513
1 0.461917 0.581023 0.147888 0.142439
1 0.239913 0.619659 0.103424 0.144735
0 0.161328 0.23099 0.102505 0.0824563
1 0.535515 0.170238 0.111228 0.103332
1 0.613649 0.328424 0.12326 0.0815663
0 0.112443 0.124361 0.0779088 0.0707581
1 0.75724 0.0674996 0.114757 0.115986
1 0.594217 0.358234 0.207029 0.160145
1 0.161583 0.230606 0.104904 0.0813942
