1 0.69866 0.660986 0.123572 0.123706
1 0.623548 0.872619 0.131185 0.142233
1 0.388263 0.435353 0.122936 0.12671
1 0.937194 0.230692 0.12251 0.143574
1 0.0559234 0.811489 0.111043 0.162128
1 0.496281 0.890702 0.134986 0.146053
1 0.556136 0.666977 0.125963 0.131523
1 0.789268 0.39137 0.107473 0.154782
1 0.70676 0.207414 0.105376 0.1553
1 0.836495 0.676387 0.139548 0.148929
1 0.297414 0.72517 0.173141 0.172971
1 0.287303 0.457569 0.127195 0.144298
1 0.888471 0.875181 0.140392 0.160951
1 0.189403 0.936477 0.188749 0.126261
1 0.360321 0.91112 0.167681 0.17776
1 0.0661077 0.406206 0.132046 0.153224
1 0.316553 0.248525 0.114687 0.1716
1 0.507795 0.219103 0.109315 0.173432
1 0.158719 0.76684 0.158232 0.150749
1 0.220046 0.264945 0.139866 0.160172
1 0.431551 0.693791 0.12652 0.133364
1 0.48282 0.422698 0.117107 0.128787
1 0.750712 0.86761 0.128028 0.132189
1 0.953156 0.671644 0.0936034 0.163297
1 0.58773 0.405114 0.0964925 0.149637
1 0.686006 0.401192 0.106283 0.190597
1 0.0823372 0.530051 0.144221 0.15273
1 0.973886 0.882992 0.0518979 0.129567
1 0.893601 0.409154 0.0926402 0.123188
1 0.423241 0.23372 0.12052 0.18259
1 0.0394593 0.969068 0.0779873 0.0613745
1 0.816023 0.206219 0.0981376 0.182028
1 0.606706 0.205791 0.0988245 0.184258
1 0.961655 0.407645 0.0759897 0.156724
1 0.150089 0.0342258 0.140856 0.0684516
1 0.392096 0.0111109 0.105311 0.0221557
1 0.34996 0.872352 0.145669 0.098851
0 0.0244768 0.293001 0.0489536 0.111573
1 0.294719 0.0232262 0.0809851 0.046367
1 0.498845 0.00977958 0.0896142 0.0192106
