0 0.548133 0.145156 0.0935799 0.104997
0 0.128628 0.816206 0.0959841 0.111127
0 0.784844 0.208328 0.0898366 0.102812
0 0.389241 0.11207 0.0918161 0.113599
1 0.312533 0.0959883 0.0882567 0.119091
0 0.354409 0.274827 0.0887797 0.114261
0 0.0505047 0.180822 0.094011 0.132913
0 0.708244 0.193291 0.0720944 0.0979813
2 0.27836 0.239248 0.0898939 0.133502
2 0.595721 0.938118 0.100615 0.122816
2 0.686956 0.580609 0.0949292 0.132416
0 0.515236 0.299948 0.100405 0.128974
2 0.200497 0.844319 0.0979029 0.129088
2 0.43438 0.276497 0.0941207 0.134685
0 0.201242 0.22629 0.0963792 0.126387
0 0.909574 0.0369255 0.084796 0.0729121
1 0.743115 0.369701 0.0948231 0.119529
1 0.0344061 0.573753 0.0688123 0.0957446
0 0.664681 0.33193 0.0890424 0.129615
2 0.297073 0.483677 0.107929 0.149926
1 0.14827 0.0577785 0.103918 0.115048
2 0.105694 0.582878 0.100539 0.140673
2 0.440139 0.904854 0.104198 0.154684
0 0.983325 0.432285 0.0328701 0.0846334
0 0.572995 0.696175 0.0943887 0.12591
2 0.182152 0.597049 0.10043 0.124189
0 0.0341391 0.571947 0.0682781 0.0967847
1 0.434538 0.275987 0.0927548 0.134774
0 0.312549 0.0957722 0.0865198 0.118652
0 0.76537 0.604023 0.110917 0.146737
0 0.454052 0.509109 0.0922562 0.10436
0 0.608204 0.562208 0.103065 0.136352
1 0.608412 0.561482 0.103439 0.136844
2 0.608482 0.563782 0.101844 0.137052
