0 0.528682 0.129744 0.0983744 0.152817
0 0.619406 0.11459 0.0875306 0.117173
1 0.70259 0.105803 0.0968319 0.123947
1 0.781153 0.331178 0.0906446 0.120194
1 0.883615 0.51377 0.0894637 0.109058
1 0.657232 0.955725 0.100804 0.0881102
1 0.961121 0.508519 0.0769155 0.120954
1 0.868299 0.321021 0.0939145 0.122359
1 0.436631 0.13068 0.0889068 0.129135
1 0.794376 0.524598 0.0690641 0.112666
2 0.949265 0.19139 0.100253 0.382781
1 0.931692 0.736855 0.0977805 0.108369
1 0.860799 0.0878382 0.0940082 0.112381
