0 0.340698 0.655772 0.149852 0.127728
1 0.742211 0.949931 0.167938 0.0997195
2 0.0870336 0.645868 0.174067 0.164898
1 0.705626 0.188403 0.216941 0.197528
2 0.151843 0.350729 0.158396 0.151094
1 0.426715 0.179935 0.17413 0.15153
1 0.646036 0.0473683 0.145671 0.0945162
1 0.585352 0.478421 0.20097 0.153414
1 0.610937 0.313248 0.168528 0.174846
2 0.287998 0.915414 0.200763 0.164279
1 0.797534 0.76417 0.173099 0.127823
0 0.521632 0.708548 0.136691 0.120161
1 0.193794 0.0691879 0.163049 0.138376
1 0.482897 0.0399584 0.160839 0.0799167
1 0.91567 0.53543 0.166348 0.160431
2 0.183436 0.20422 0.148295 0.146855
1 0.896076 0.163621 0.11447 0.11961
0 0.601728 0.927489 0.136032 0.143862
1 0.91776 0.197342 0.16448 0.192034
1 0.183035 0.204816 0.148647 0.143953
2 0.052102 0.932353 0.104041 0.134356
0 0.112905 0.491838 0.129605 0.117762
1 0.886473 0.371812 0.147952 0.0995509
2 0.704204 0.189572 0.218767 0.196504
2 0.0766687 0.787783 0.153337 0.156567
1 0.649051 0.125984 0.156772 0.0944126
