3 0.159254 0.470497 0.318508 0.464959
2 0.511235 0.862039 0.192555 0.265598
3 0.447051 0.483041 0.270669 0.516736
0 0.932535 0.337728 0.13493 0.14526
0 0.106389 0.885392 0.084192 0.0772718
1 0.680349 0.853153 0.116734 0.140717
0 0.853655 0.248783 0.16815 0.114119
1 0.106057 0.699731 0.102311 0.121243
1 0.731844 0.620435 0.0886433 0.115375
1 0.948206 0.883745 0.103588 0.134557
2 0.606967 0.222982 0.386045 0.439445
0 0.970403 0.964406 0.0587409 0.070858
0 0.0280629 0.847385 0.0561259 0.0474751
1 0.980899 0.825055 0.0375767 0.090757
1 0.108174 0.964471 0.0715055 0.0697893
1 0.028787 0.909175 0.057574 0.0785626
0 0.911102 0.710939 0.123222 0.155644
0 0.961217 0.566304 0.0768087 0.109297
3 0.968758 0.0672073 0.0609503 0.132887
