1 0.0831254 0.775589 0.164663 0.132739
1 0.253666 0.194651 0.137809 0.145429
1 0.141844 0.591706 0.188219 0.132844
1 0.351872 0.629596 0.153502 0.117405
1 0.608057 0.760903 0.137846 0.110591
1 0.381521 0.43949 0.208424 0.131765
1 0.662197 0.580066 0.149929 0.121383
1 0.634249 0.6724 0.128539 0.108075
1 0.723791 0.396021 0.1576 0.134228
1 0.836902 0.129786 0.172842 0.123491
1 0.0632654 0.868948 0.126531 0.124498
1 0.570256 0.852132 0.118855 0.116641
1 0.325556 0.719772 0.163237 0.124066
1 0.449203 0.241872 0.141011 0.129385
1 0.120449 0.685089 0.182643 0.128461
0 0.22351 0.312502 0.128434 0.0968323
1 0.947108 0.660933 0.104389 0.137012
1 0.171773 0.491155 0.191856 0.11382
1 0.266664 0.804626 0.174921 0.122283
1 0.80084 0.215575 0.15532 0.124382
1 0.414896 0.352074 0.124761 0.0988703
1 0.9362 0.840475 0.121003 0.108931
1 0.859855 0.825129 0.0667392 0.0890498
1 0.784086 0.318599 0.198608 0.142018
1 0.185813 0.407963 0.145627 0.108973
1 0.558178 0.934897 0.140765 0.116688
1 0.408988 0.0450639 0.127507 0.0901277
1 0.0495327 0.951676 0.0990654 0.0935969
1 0.689264 0.489354 0.15106 0.11517
1 0.270427 0.896269 0.16368 0.114387
1 0.0279288 0.157142 0.0558576 0.105423
1 0.957554 0.567843 0.084686 0.104176
1 0.244355 0.964825 0.146214 0.069845
1 0.358357 0.545671 0.130749 0.106684
1 0.891285 0.945144 0.143828 0.108201
1 0.978491 0.465216 0.0425345 0.0983218
0 0.868157 0.04709 0.11525 0.0939114
0 0.0184948 0.312697 0.0363007 0.109198
0 0.0280829 0.163225 0.0560617 0.115121
1 0.522241 0.0698238 0.136151 0.0811947
1 0.29782 0.0410724 0.11738 0.0816096
