1 0.821738 0.795603 0.145628 0.149936
1 0.070961 0.201733 0.0974956 0.102315
1 0.0381164 0.351716 0.0762328 0.102591
1 0.836933 0.607556 0.0846369 0.0860803
1 0.831732 0.260473 0.148416 0.122274
1 0.904925 0.669185 0.133337 0.134622
1 0.757633 0.846524 0.127369 0.154302
1 0.852269 0.168732 0.160216 0.135025
1 0.93237 0.458366 0.128854 0.121646
1 0.560844 0.926483 0.129797 0.144628
1 0.876514 0.0855594 0.147759 0.127163
1 0.911957 0.028481 0.11283 0.0569619
1 0.800501 0.364459 0.172369 0.187779
1 0.725864 0.949503 0.140084 0.100707
0 0.197934 0.72247 0.183384 0.208111
0 0.439431 0.441486 0.14593 0.136117
1 0.637891 0.756081 0.156939 0.131472
1 0.68629 0.564611 0.141631 0.163607
1 0.969141 0.70249 0.0604109 0.104782
1 0.939339 0.843318 0.121321 0.123395
1 0.95145 0.379421 0.0970994 0.0986574
1 0.134133 0.044476 0.141742 0.0886688
2 0.561885 0.925205 0.132616 0.147589
1 0.672083 0.681467 0.153656 0.109146
0 0.964372 0.286976 0.0701849 0.111625
1 0.963619 0.287984 0.0719554 0.109445
