1 0.595562 0.516493 0.173421 0.143712
1 0.26841 0.0577571 0.163709 0.109406
1 0.312671 0.312618 0.153638 0.105746
1 0.701759 0.264934 0.115472 0.137242
1 0.639782 0.709338 0.145781 0.132805
1 0.878605 0.241628 0.109784 0.117664
1 0.277065 0.144745 0.160444 0.101273
1 0.590651 0.141981 0.0934108 0.123694
1 0.789375 0.572718 0.165967 0.128309
1 0.619401 0.284767 0.108401 0.134436
1 0.83742 0.103186 0.107792 0.142087
1 0.74156 0.49125 0.149127 0.0976123
1 0.872847 0.744278 0.146323 0.126732
1 0.342589 0.486185 0.141751 0.0923967
1 0.361753 0.575766 0.116847 0.0900617
1 0.754534 0.113654 0.09161 0.128972
1 0.427102 0.761824 0.173397 0.1246
1 0.440762 0.861567 0.194693 0.149734
1 0.501717 0.937301 0.166061 0.124854
1 0.321759 0.4025 0.133399 0.0971928
1 0.692177 0.7929 0.127332 0.125146
1 0.758126 0.883996 0.136531 0.12291
1 0.823224 0.671381 0.159197 0.1502
1 0.530713 0.305499 0.0969305 0.121133
1 0.611287 0.624691 0.125598 0.112178
1 0.6743 0.12365 0.0997964 0.14934
1 0.797822 0.262959 0.10076 0.118784
1 0.295725 0.219371 0.152958 0.0887285
1 0.918952 0.0831293 0.0951428 0.124282
1 0.961325 0.228071 0.0764451 0.121828
1 0.571523 0.973884 0.111073 0.0518858
1 0.394959 0.666667 0.136512 0.10266
1 0.0723539 0.597525 0.144304 0.13841
1 0.936865 0.81709 0.118601 0.118612
1 0.509347 0.154758 0.0982608 0.13696
1 0.965048 0.488607 0.0694199 0.156749
1 0.976216 0.0629496 0.0469368 0.118205
2 0.0879035 0.722542 0.175807 0.171309
1 0.908689 0.977264 0.0873932 0.0451207
1 0.828582 0.947679 0.116311 0.103686
1 0.978313 0.866309 0.04316 0.0717269
0 0.82864 0.94813 0.114842 0.103428
0 0.165079 0.413792 0.0749709 0.0600485
