0 0.0424678 0.723635 0.0849355 0.114848
0 0.17652 0.584297 0.105751 0.109109
1 0.369901 0.695723 0.0736152 0.0966949
1 0.94199 0.46542 0.0967658 0.0886317
1 0.50454 0.724388 0.137192 0.1087
1 0.488021 0.841777 0.0998135 0.0855986
2 0.28858 0.809519 0.120814 0.127947
1 0.0515259 0.191766 0.103052 0.089206
1 0.0531391 0.901071 0.0716382 0.0986936
0 0.456654 0.958332 0.159448 0.0828173
1 0.0545092 0.355066 0.108543 0.127458
1 0.949272 0.36704 0.0928018 0.104836
2 0.407766 0.563516 0.193767 0.171649
1 0.18178 0.730546 0.0895846 0.15436
2 0.182743 0.72894 0.0895076 0.155946
1 0.408715 0.564069 0.195813 0.171465
1 0.288907 0.8062 0.12293 0.125687
