0 0.291294 0.539496 0.100654 0.100536
1 0.192674 0.316494 0.0729619 0.119421
1 0.0867061 0.316887 0.112967 0.110468
1 0.431665 0.154431 0.0913192 0.111821
1 0.0959435 0.69982 0.11659 0.145095
1 0.0838793 0.562042 0.11274 0.126349
0 0.237977 0.160644 0.10614 0.113315
1 0.11844 0.164991 0.116046 0.13507
1 0.33443 0.156874 0.0815318 0.123486
1 0.303017 0.683233 0.115797 0.127051
1 0.0230676 0.182864 0.0456899 0.126049
1 0.196089 0.699927 0.086033 0.149348
1 0.179971 0.545589 0.0824776 0.145878
1 0.00796029 0.552656 0.0156761 0.108145
0 0.18275 0.547011 0.0852712 0.144814
0 0.293763 0.31746 0.114276 0.150444
0 0.318732 0.301908 0.0576299 0.096428
