1 0.563352 0.100107 0.117769 0.100739
1 0.636219 0.735096 0.10763 0.122797
1 0.18709 0.510679 0.0931626 0.113096
1 0.168696 0.976621 0.110578 0.0465639
1 0.0410013 0.552098 0.0820026 0.133729
1 0.731564 0.595324 0.132894 0.113922
1 0.323243 0.970338 0.14069 0.0589448
2 0.150193 0.226281 0.174157 0.120295
1 0.697413 0.959802 0.140688 0.0764577
1 0.721488 0.522323 0.0717853 0.0667882
1 0.363392 0.532174 0.116017 0.159104
3 0.149839 0.227989 0.172377 0.11814
2 0.362988 0.533401 0.116851 0.158279
0 0.377701 0.126854 0.094429 0.0699328
1 0.637034 0.84057 0.0739596 0.0686383
0 0.617404 0.839504 0.123626 0.0798901
