2 0.272403 0.655077 0.108228 0.117117
2 0.185935 0.557814 0.152983 0.194648
3 0.95665 0.571841 0.0864743 0.121009
1 0.555617 0.0334791 0.0818919 0.0669581
1 0.273301 0.655468 0.110712 0.11825
3 0.932722 0.171461 0.132976 0.282736
1 0.626237 0.65753 0.128372 0.118897
1 0.26386 0.831932 0.0987684 0.09733
1 0.188414 0.97693 0.0658335 0.0459473
3 0.324027 0.264463 0.107775 0.23432
1 0.107703 0.94547 0.105257 0.108737
2 0.108322 0.944225 0.107811 0.110477
0 0.0236525 0.760939 0.0469622 0.0724876
1 0.895287 0.681171 0.102819 0.0837418
1 0.580344 0.959472 0.138422 0.079903
2 0.594673 0.601754 0.220255 0.228648
2 0.581069 0.95704 0.143494 0.0850625
1 0.353444 0.523135 0.0883936 0.106688
2 0.85008 0.587116 0.124514 0.100566
2 0.352386 0.524964 0.0880143 0.11376
2 0.872018 0.460629 0.120045 0.135577
