1 0.116704 0.23318 0.119506 0.126912
0 0.115536 0.81669 0.125852 0.109112
1 0.546319 0.790732 0.109617 0.100997
1 0.450809 0.271515 0.0990186 0.0858054
0 0.936073 0.511019 0.121237 0.104667
1 0.713835 0.528341 0.163531 0.116027
1 0.936097 0.512871 0.117832 0.102521
0 0.0264079 0.0339995 0.0528004 0.0678049
1 0.671534 0.79992 0.0946606 0.0936899
0 0.880262 0.0439853 0.155235 0.0873961
1 0.195695 0.782688 0.0967439 0.082348
0 0.737881 0.36751 0.100282 0.0995102
0 0.535534 0.600226 0.0426787 0.0570843
1 0.253859 0.157324 0.143918 0.127036
0 0.418664 0.373023 0.0796846 0.0972329
