0 0.587222 0.268905 0.119259 0.130832
0 0.450471 0.0823076 0.138929 0.11918
0 0.738144 0.222397 0.0996826 0.0949191
1 0.768869 0.72715 0.129124 0.118442
1 0.941031 0.176644 0.117642 0.111732
1 0.0733079 0.569122 0.0781333 0.0570824
1 0.945083 0.702668 0.109122 0.0956764
0 0.296636 0.168099 0.0981213 0.0881457
1 0.329259 0.406997 0.11117 0.101993
0 0.792729 0.490131 0.0918596 0.122338
1 0.599478 0.0371324 0.0817741 0.0742648
0 0.323864 0.311844 0.0696782 0.0741014
1 0.185541 0.581091 0.074008 0.0732169
0 0.0908049 0.345864 0.0776261 0.101233
0 0.111266 0.468429 0.0973298 0.0732192
1 0.111876 0.469637 0.0994915 0.0701551
1 0.95451 0.403564 0.0909791 0.108185
1 0.323986 0.311945 0.0677035 0.072078
1 0.243585 0.693585 0.0995085 0.0769082
1 0.183114 0.375298 0.0710486 0.0595722
0 0.184924 0.580539 0.0746245 0.0744665
0 0.247037 0.298964 0.0643152 0.0817292
2 0.244594 0.694235 0.0983803 0.0772357
0 0.953318 0.406414 0.0932214 0.119858
0 0.267712 0.0700361 0.107609 0.0788887
0 0.181133 0.375062 0.0661629 0.059197
