2 0.168028 0.110295 0.246039 0.219039
1 0.9332 0.181988 0.133239 0.174166
1 0.813478 0.359258 0.123459 0.132553
0 0.844433 0.679512 0.112197 0.174041
0 0.917892 0.501481 0.164217 0.149456
3 0.249102 0.594139 0.190829 0.250498
1 0.881394 0.395965 0.128467 0.113375
0 0.941222 0.701453 0.104891 0.174641
2 0.0818073 0.668055 0.163208 0.260567
1 0.752304 0.915851 0.0984731 0.160353
1 0.66168 0.49367 0.201014 0.138826
1 0.758894 0.659033 0.118088 0.159971
0 0.666838 0.630861 0.12404 0.169099
1 0.671658 0.974153 0.146037 0.0514917
2 0.113363 0.77005 0.226726 0.456962
1 0.631173 0.898237 0.147242 0.119385
0 0.566681 0.864034 0.116936 0.102597
0 0.567304 0.613935 0.130925 0.202498
1 0.361268 0.567268 0.116491 0.143297
2 0.816311 0.132302 0.144611 0.186645
3 0.117941 0.781858 0.234523 0.43164
1 0.390989 0.394604 0.191192 0.169873
1 0.818883 0.131805 0.143942 0.186621
2 0.729842 0.280744 0.125344 0.164578
2 0.662192 0.495601 0.203259 0.1332
0 0.634211 0.897196 0.151019 0.119892
1 0.825381 0.0949059 0.107375 0.104638
1 0.0815679 0.664311 0.162329 0.262357
0 0.669824 0.97409 0.144667 0.0515487
0 0.731157 0.279524 0.129386 0.16422
