0 0.940751 0.582838 0.109944 0.109323
1 0.330791 0.61511 0.0876678 0.0920355
1 0.842695 0.741361 0.151089 0.157755
1 0.706707 0.306033 0.131902 0.121917
1 0.108669 0.114677 0.124249 0.13019
1 0.652955 0.912635 0.127733 0.094506
1 0.12127 0.803207 0.101777 0.0973568
1 0.32976 0.114817 0.11121 0.12646
0 0.541439 0.218599 0.124231 0.127973
1 0.436546 0.66173 0.114302 0.131142
0 0.94771 0.0453543 0.0672059 0.0650376
0 0.434079 0.37807 0.116627 0.105118
1 0.988117 0.494122 0.0234452 0.102272
0 0.318883 0.00958791 0.0570734 0.0191239
