0 0.327222 0.196282 0.119594 0.101014
1 0.56668 0.160884 0.116052 0.100276
0 0.794126 0.858305 0.192441 0.127742
1 0.0587136 0.466387 0.117427 0.119956
1 0.14931 0.228842 0.11711 0.107363
1 0.0868275 0.687471 0.142684 0.140367
1 0.699266 0.218161 0.161093 0.130648
1 0.774043 0.0576538 0.146116 0.114002
1 0.175629 0.593508 0.136484 0.12301
1 0.378792 0.0397002 0.135596 0.0794004
1 0.438661 0.634218 0.093538 0.110009
1 0.22096 0.513997 0.127684 0.102767
1 0.535298 0.330539 0.142262 0.17007
1 0.168101 0.143202 0.111478 0.0982477
1 0.269419 0.35619 0.129581 0.103296
1 0.0883517 0.384906 0.14383 0.108959
1 0.43953 0.457853 0.0918748 0.0948452
1 0.36978 0.117956 0.130694 0.105762
1 0.303026 0.273378 0.113976 0.0963315
1 0.748714 0.133925 0.129534 0.106718
1 0.611116 0.0748063 0.127791 0.130663
1 0.955548 0.582502 0.0764731 0.106116
1 0.912981 0.686986 0.0952581 0.122648
2 0.326923 0.868315 0.329701 0.257675
1 0.608186 0.529847 0.0875099 0.100337
0 0.950231 0.282058 0.0993625 0.119707
1 0.11981 0.3042 0.125879 0.101246
1 0.497344 0.47951 0.0960213 0.108182
1 0.236069 0.427715 0.130653 0.10022
1 0.217554 0.0678957 0.141004 0.116398
1 0.792769 0.643929 0.0975434 0.0956137
0 0.659801 0.566749 0.102342 0.127507
1 0.229633 0.0196766 0.112656 0.0391615
1 0.415954 0.811447 0.160086 0.160912
1 0.810364 0.0183655 0.101945 0.0359384
1 0.553725 0.504815 0.08901 0.10057
0 0.949896 0.411523 0.0825229 0.0985151
1 0.724395 0.587653 0.109748 0.138003
1 0.607665 0.703536 0.0891367 0.0945624
1 0.830273 0.544178 0.108603 0.11167
1 0.883717 0.386217 0.102254 0.10155
2 0.682006 0.37563 0.246142 0.206566
1 0.957869 0.191745 0.0842626 0.0918392
1 0.636327 0.027151 0.119981 0.0542505
1 0.66244 0.562686 0.0999529 0.125641
0 0.919413 0.864144 0.0709218 0.0656602
0 0.899636 0.265005 0.0678371 0.100933
0 0.979947 0.0356139 0.0398133 0.0709388
1 0.984333 0.593545 0.0309889 0.0912216
0 0.898172 0.562341 0.0806919 0.107232
1 0.679534 0.376338 0.243593 0.201401
1 0.983222 0.42237 0.0330887 0.0792068
1 0.950329 0.406444 0.0792882 0.0862084
0 0.725268 0.585706 0.109177 0.141083
1 0.9489 0.282891 0.102161 0.120509
1 0.0360672 0.0338709 0.0716072 0.067513
