1 0.849494 0.0506353 0.136727 0.100355
1 0.523617 0.751954 0.15498 0.179241
1 0.671943 0.649536 0.143734 0.142185
1 0.757871 0.603585 0.150663 0.14325
1 0.348208 0.569022 0.137853 0.17224
1 0.925345 0.486723 0.149309 0.162117
1 0.412461 0.268795 0.148687 0.158378
1 0.176382 0.430614 0.164289 0.160871
1 0.493786 0.209359 0.149643 0.148454
1 0.781623 0.83993 0.146417 0.198445
1 0.108105 0.490071 0.149743 0.150114
1 0.273632 0.625183 0.167524 0.188331
1 0.353879 0.861244 0.16495 0.173961
1 0.517225 0.472318 0.151028 0.199959
1 0.667235 0.11224 0.154251 0.153885
1 0.747863 0.0680419 0.143004 0.135902
1 0.763759 0.313449 0.168597 0.208697
1 0.0850342 0.212032 0.169589 0.187221
1 0.586693 0.160077 0.156853 0.174968
1 0.688683 0.377438 0.154826 0.178273
1 0.702813 0.883385 0.15119 0.182339
1 0.184377 0.668807 0.144433 0.183081
1 0.434698 0.965287 0.122939 0.0692549
1 0.334793 0.322348 0.148539 0.152734
1 0.157484 0.0818713 0.134803 0.129137
1 0.838259 0.543427 0.145598 0.146431
1 0.183486 0.940553 0.15086 0.118894
1 0.436023 0.520124 0.150052 0.18294
1 0.101857 0.712834 0.160748 0.215157
1 0.0483059 0.121552 0.0960166 0.144719
1 0.605329 0.419993 0.154148 0.169536
1 0.595515 0.693383 0.142854 0.141701
1 0.27126 0.382059 0.123838 0.143318
1 0.271068 0.89639 0.162884 0.180278
1 0.862466 0.267813 0.141906 0.149804
1 0.888343 0.782174 0.188865 0.213987
1 0.94278 0.707934 0.114441 0.120271
1 0.630409 0.92224 0.149043 0.153607
0 0.525867 0.946767 0.12738 0.105015
1 0.441979 0.814632 0.162461 0.174466
1 0.982594 0.656068 0.0344239 0.0819401
0 0.443744 0.813504 0.161064 0.177335
1 0.961498 0.949743 0.0759983 0.100462
1 0.341311 0.0404563 0.0912585 0.0809125
1 0.903101 0.979241 0.0985436 0.0411625
0 0.767163 0.312934 0.172616 0.205766
1 0.231572 0.0226459 0.0973917 0.0452917
1 0.0506023 0.769486 0.0994399 0.141165
