1 0.786477 0.703605 0.148924 0.114969
1 0.375665 0.806067 0.133802 0.17169
1 0.780774 0.0745649 0.121491 0.101609
1 0.447312 0.763713 0.120399 0.142758
1 0.626224 0.315684 0.146308 0.103338
1 0.893691 0.416121 0.144553 0.109234
1 0.857486 0.33261 0.112162 0.098197
1 0.802715 0.164718 0.149145 0.109407
1 0.627883 0.233213 0.17219 0.102261
1 0.492104 0.953456 0.177901 0.0921851
1 0.756682 0.632298 0.163193 0.126688
1 0.673698 0.48405 0.147872 0.12102
1 0.511223 0.718872 0.119092 0.134809
1 0.177967 0.83387 0.0939921 0.109349
1 0.645617 0.398593 0.180132 0.128138
1 0.615184 0.0554511 0.135366 0.10633
1 0.809059 0.259281 0.148236 0.112315
1 0.717128 0.560614 0.144919 0.121125
1 0.555121 0.80176 0.108359 0.0916388
1 0.960174 0.496895 0.0791509 0.129157
1 0.956538 0.788087 0.086063 0.147129
1 0.0666513 0.856585 0.125221 0.182973
1 0.275158 0.830483 0.115509 0.139108
1 0.620601 0.145897 0.148785 0.0786338
1 0.627234 0.934009 0.103619 0.127816
1 0.320212 0.955831 0.17343 0.087186
1 0.817786 0.872343 0.113124 0.13041
0 0.278092 0.829159 0.119044 0.139892
0 0.814784 0.871827 0.111752 0.130715
2 0.0665529 0.856306 0.127396 0.181665
0 0.899669 0.850455 0.1173 0.14526
2 0.161592 0.203833 0.323184 0.401468
