2 0.863414 0.501316 0.272774 0.295517
1 0.332751 0.274939 0.113766 0.126845
1 0.0943598 0.356872 0.112924 0.130985
1 0.563009 0.242687 0.129217 0.0873114
1 0.236099 0.126355 0.106544 0.110655
1 0.115688 0.601822 0.110757 0.13518
1 0.319938 0.109508 0.114633 0.136989
1 0.761664 0.0411599 0.0790942 0.0823198
1 0.0853023 0.197369 0.111349 0.14567
1 0.192816 0.57757 0.106625 0.134763
1 0.274473 0.55319 0.11267 0.140805
1 0.161599 0.168961 0.121872 0.150713
1 0.170285 0.319165 0.121103 0.142394
1 0.552781 0.149438 0.137741 0.093527
1 0.67694 0.0574804 0.0827146 0.113676
1 0.555364 0.0558214 0.152141 0.110308
1 0.595142 0.341091 0.129163 0.107027
1 0.84669 0.0445481 0.0797331 0.0890962
1 0.0453069 0.635769 0.0892725 0.149218
1 0.54509 0.431044 0.0857725 0.0900874
0 0.359042 0.518859 0.109629 0.136361
2 0.863664 0.723321 0.271956 0.304851
0 0.035057 0.381792 0.069026 0.125385
1 0.246677 0.294984 0.117235 0.153665
1 0.506196 0.460388 0.0902846 0.0963857
1 0.931307 0.0402126 0.0797627 0.0800473
1 0.0305636 0.210276 0.0604189 0.124325
1 0.436612 0.4977 0.0958632 0.147334
1 0.986716 0.0377332 0.0258191 0.0746642
1 0.356653 0.518189 0.110967 0.139462
