0 0.118177 0.444271 0.114009 0.117015
1 0.102068 0.277806 0.143232 0.14632
1 0.435144 0.647421 0.118587 0.13229
1 0.501209 0.551286 0.13624 0.138756
1 0.30969 0.851141 0.119213 0.121228
1 0.582571 0.60587 0.136487 0.147317
1 0.185661 0.326232 0.116374 0.110411
1 0.0724054 0.683729 0.144794 0.14422
0 0.502967 0.727484 0.144539 0.155159
1 0.35738 0.59948 0.132608 0.124345
1 0.651696 0.66052 0.122452 0.126445
1 0.409968 0.509355 0.137784 0.139334
1 0.194887 0.490227 0.138152 0.140212
2 0.962882 0.93338 0.0730449 0.131879
0 0.0450187 0.37636 0.0890447 0.126479
1 0.260986 0.390284 0.14374 0.148385
0 0.683656 0.828907 0.169842 0.131364
1 0.233015 0.945836 0.12169 0.108328
1 0.439163 0.166603 0.0738753 0.0458369
1 0.025937 0.624325 0.0514183 0.117303
0 0.589562 0.762902 0.116927 0.11476
2 0.244295 0.0418072 0.104501 0.0815569
1 0.242873 0.0421898 0.104851 0.0843797
1 0.32461 0.958379 0.127986 0.0823073
1 0.684967 0.829355 0.162908 0.132012
1 0.183464 0.767772 0.222968 0.180093
1 0.788435 0.42852 0.145058 0.0669955
0 0.549249 0.97177 0.113138 0.0561588
2 0.614907 0.200836 0.0989372 0.374451
2 0.854366 0.0115428 0.105251 0.0230856
