0 0.968402 0.951291 0.0617218 0.0954568
3 0.759097 0.130642 0.48141 0.259644
2 0.786456 0.64772 0.237927 0.231194
3 0.0574018 0.431323 0.114071 0.133857
2 0.133709 0.0805386 0.191483 0.159103
1 0.96735 0.628403 0.0648376 0.0954567
1 0.788551 0.645058 0.232177 0.226171
1 0.385682 0.461604 0.0969942 0.114122
1 0.935035 0.556568 0.128484 0.241712
1 0.870448 0.385908 0.1448 0.135716
3 0.165344 0.376027 0.330302 0.200243
2 0.780741 0.0219617 0.142409 0.0436873
3 0.584196 0.078336 0.235116 0.156254
0 0.724646 0.806424 0.0882353 0.0712149
