2 0.305058 0.311306 0.238567 0.224506
2 0.151819 0.215319 0.157749 0.165781
0 0.654578 0.607702 0.122585 0.096518
1 0.803694 0.354619 0.118435 0.115802
0 0.92558 0.917171 0.119534 0.115478
1 0.487649 0.102385 0.127569 0.148313
1 0.409536 0.673108 0.112246 0.109987
1 0.489665 0.423759 0.157321 0.143278
1 0.691522 0.304806 0.0988669 0.0919784
1 0.369373 0.0498622 0.10027 0.0986735
1 0.609342 0.214315 0.115907 0.114539
0 0.611871 0.214409 0.115448 0.115031
2 0.256291 0.665243 0.100339 0.13556
1 0.74407 0.590711 0.0927426 0.083998
3 0.098835 0.646391 0.195954 0.234391
1 0.256104 0.664384 0.1009 0.132538
2 0.124277 0.118276 0.248535 0.231891
2 0.0972408 0.619147 0.193979 0.18666
0 0.744424 0.590724 0.0959458 0.0832653
