1 0.853688 0.212814 0.100038 0.0890541
1 0.748603 0.913528 0.10028 0.0945476
1 0.639364 0.532646 0.158791 0.162895
1 0.757501 0.132926 0.11299 0.117525
1 0.352954 0.0365987 0.113253 0.0731975
1 0.138198 0.0781129 0.128347 0.125731
1 0.448059 0.121159 0.121598 0.122802
0 0.310957 0.260854 0.139254 0.122408
1 0.670827 0.041964 0.106464 0.0836375
1 0.245254 0.140597 0.124141 0.121172
3 0.0516 0.0435293 0.101858 0.0867417
1 0.851475 0.0198644 0.071444 0.0396327
0 0.430335 0.326373 0.179662 0.176183
