0 0.242924 0.137782 0.110267 0.134923
1 0.316718 0.63098 0.0776986 0.0987315
1 0.910259 0.293469 0.10998 0.125256
1 0.946465 0.87837 0.106746 0.107541
1 0.52098 0.0736153 0.124132 0.146521
1 0.904821 0.440484 0.155281 0.121658
1 0.706755 0.599791 0.148941 0.112684
1 0.168977 0.636221 0.109296 0.10287
1 0.930699 0.732315 0.137195 0.139915
1 0.0457057 0.168417 0.0881101 0.0921163
1 0.528064 0.258924 0.138177 0.151626
1 0.722745 0.717974 0.141548 0.114941
1 0.695715 0.370559 0.11906 0.116696
1 0.653943 0.226811 0.112566 0.11279
1 0.143907 0.179021 0.105936 0.0958239
1 0.333121 0.108891 0.122434 0.14979
0 0.332671 0.108351 0.125419 0.156314
1 0.417906 0.0647489 0.113985 0.112191
1 0.14113 0.585266 0.151417 0.0806911
0 0.860283 0.149922 0.188542 0.133956
1 0.896592 0.579921 0.203194 0.157286
0 0.616416 0.0528643 0.117195 0.105729
1 0.500903 0.85623 0.0924183 0.0829923
2 0.703282 0.0423974 0.118123 0.0843257
1 0.507017 0.608281 0.111983 0.0491369
1 0.616248 0.0560107 0.116605 0.109951
1 0.519543 0.957784 0.130611 0.0844327
1 0.00925311 0.0768112 0.0182307 0.0842378
1 0.978019 0.977163 0.0436978 0.0450987
1 0.530274 0.654734 0.0711253 0.0442257
