1 0.715569 0.372492 0.119678 0.142807
2 0.792042 0.908127 0.196969 0.180146
1 0.781408 0.130829 0.0934702 0.128852
1 0.964026 0.101463 0.0712028 0.131408
3 0.460382 0.214195 0.172287 0.143784
1 0.890644 0.116328 0.120402 0.131259
0 0.687458 0.13567 0.097851 0.145202
2 0.022338 0.242411 0.0442501 0.105757
1 0.689595 0.13894 0.100316 0.137625
1 0.812099 0.355239 0.109613 0.130771
1 0.929643 0.347679 0.133196 0.167585
0 0.930829 0.345341 0.137889 0.170506
1 0.731742 0.0132417 0.113424 0.0264401
0 0.459747 0.205813 0.170513 0.125582
0 0.546646 0.438236 0.139673 0.175209
