1 0.323418 0.49937 0.177178 0.157668
1 0.206435 0.644828 0.119852 0.105239
1 0.111602 0.771469 0.128259 0.111246
1 0.100458 0.150071 0.142118 0.130111
1 0.290427 0.188666 0.140691 0.154613
1 0.262842 0.578762 0.133089 0.123665
1 0.081731 0.442072 0.159418 0.142825
1 0.878882 0.17767 0.121712 0.130843
1 0.77988 0.243173 0.131006 0.152336
1 0.194308 0.320146 0.134852 0.126112
1 0.0576809 0.223233 0.114485 0.118509
1 0.0584732 0.522922 0.116946 0.113725
1 0.319093 0.813515 0.116478 0.116094
1 0.391927 0.0528761 0.126081 0.105752
1 0.336616 0.107893 0.123273 0.118131
1 0.239201 0.257482 0.112822 0.114467
1 0.453356 0.338527 0.178987 0.163112
0 0.708376 0.499694 0.143868 0.171734
1 0.13251 0.377267 0.153226 0.137223
1 0.275788 0.885331 0.118699 0.113465
1 0.150875 0.0842745 0.145135 0.148956
1 0.512018 0.263505 0.155243 0.140809
1 0.899105 0.954298 0.158849 0.0905156
1 0.184795 0.0366853 0.125145 0.0733706
1 0.581502 0.193418 0.131401 0.137392
1 0.846363 0.0507109 0.106641 0.0971266
1 0.476732 0.606785 0.154182 0.134968
1 0.615668 0.102449 0.141448 0.13864
1 0.378527 0.737527 0.1405 0.138909
1 0.401485 0.430905 0.181206 0.153911
1 0.96031 0.110983 0.0780208 0.145402
1 0.031 0.593956 0.0618536 0.108291
1 0.163552 0.706957 0.129155 0.120916
1 0.0437731 0.297881 0.0870035 0.137403
1 0.417745 0.681116 0.117743 0.129595
2 0.898556 0.954742 0.158346 0.0905162
0 0.032848 0.973993 0.0655655 0.0516193
1 0.779271 0.0303728 0.0940411 0.0605121
1 0.592626 0.792469 0.0590675 0.0595781
1 0.710703 0.499068 0.148935 0.170963
