2 0.579796 0.12618 0.131233 0.245352
0 0.133037 0.614574 0.0974436 0.0773623
2 0.590039 0.371497 0.2026 0.133754
2 0.25554 0.0981196 0.242551 0.1811
1 0.346819 0.660186 0.11295 0.107302
1 0.773827 0.72959 0.0830984 0.12504
0 0.365126 0.779104 0.1296 0.10276
1 0.770778 0.364316 0.15839 0.103157
1 0.766422 0.577021 0.0853205 0.131083
0 0.968297 0.32718 0.0614196 0.110522
1 0.325519 0.534862 0.141411 0.122561
1 0.967425 0.557687 0.0635829 0.122642
1 0.330173 0.432386 0.0974854 0.0712342
0 0.667761 0.727632 0.110683 0.15321
1 0.874881 0.565262 0.112936 0.12203
1 0.553472 0.728312 0.0993414 0.1546
1 0.648097 0.952108 0.167706 0.0952941
1 0.179248 0.961926 0.0767053 0.055645
0 0.878674 0.713082 0.106993 0.116087
1 0.760358 0.228882 0.181071 0.134385
1 0.662372 0.569743 0.0985872 0.130037
1 0.359387 0.915598 0.109551 0.130254
2 0.281857 0.254812 0.242234 0.143713
1 0.970753 0.70695 0.0582891 0.108159
2 0.648073 0.951853 0.16907 0.0958408
1 0.963665 0.177797 0.0718889 0.108157
1 0.739349 0.13783 0.147691 0.0882564
0 0.55319 0.577073 0.0695325 0.125306
1 0.171036 0.714374 0.106059 0.0592675
1 0.879485 0.714579 0.112908 0.117835
1 0.951844 0.0206762 0.0948203 0.0410973
3 0.0329724 0.358492 0.0651947 0.064912
0 0.0326503 0.358401 0.0647528 0.0652847
2 0.747847 0.0406612 0.124727 0.0810516
0 0.170066 0.713737 0.105135 0.0592858
2 0.931852 0.202111 0.136297 0.390005
1 0.372643 0.990571 0.109946 0.0187626
