1 0.509884 0.346067 0.162107 0.167831
1 0.405363 0.247413 0.151231 0.148724
1 0.532194 0.105851 0.132748 0.129092
1 0.23896 0.689317 0.153726 0.153064
1 0.471336 0.172526 0.14587 0.133943
1 0.694131 0.825568 0.157173 0.176239
1 0.725476 0.106459 0.15131 0.148191
1 0.710535 0.539033 0.17047 0.175626
1 0.767928 0.45291 0.133191 0.146324
1 0.93178 0.542733 0.136383 0.146928
1 0.455378 0.427298 0.138158 0.14549
1 0.652573 0.194532 0.168113 0.158078
1 0.246325 0.0689277 0.157176 0.137855
1 0.0997736 0.873675 0.127803 0.128797
1 0.3891 0.493772 0.144188 0.148867
1 0.117461 0.199982 0.147235 0.1439
1 0.166532 0.621493 0.148448 0.135754
1 0.571067 0.659784 0.138752 0.143388
1 0.0663728 0.273765 0.132746 0.1466
1 0.939227 0.221735 0.121546 0.135207
1 0.883335 0.298508 0.14654 0.137811
1 0.585603 0.282431 0.143005 0.149003
1 0.325803 0.56791 0.141277 0.144243
1 0.829023 0.384227 0.137022 0.141412
1 0.170457 0.129762 0.149516 0.146971
1 0.585477 0.044839 0.12167 0.0895154
1 0.963469 0.12268 0.0715384 0.121355
1 0.616651 0.908536 0.13779 0.112345
1 0.781548 0.785923 0.1607 0.194673
1 0.65429 0.611349 0.153044 0.156349
1 0.783261 0.0342908 0.128639 0.0685727
1 0.0923096 0.542988 0.173375 0.202125
1 0.961651 0.937147 0.0751238 0.118421
1 0.861974 0.746346 0.131118 0.144629
1 0.891548 0.969174 0.113341 0.0616519
1 0.38499 0.822815 0.119004 0.126754
1 0.289505 0.410722 0.0957092 0.092553
1 0.239797 0.970746 0.117837 0.0579996
1 0.0670294 0.036153 0.13349 0.0723061
1 0.20966 0.448037 0.151877 0.124797
1 0.181868 0.925509 0.10985 0.11204
1 0.0416973 0.789347 0.0833945 0.100811
1 0.487648 0.708977 0.130885 0.110993
1 0.325112 0.0363222 0.143774 0.0721917
1 0.258005 0.372046 0.108977 0.103477
1 0.0291191 0.350109 0.0582382 0.11139
1 0.965763 0.448411 0.0673316 0.124604
1 0.0316262 0.954399 0.0628112 0.0901458
1 0.0289436 0.0870161 0.057331 0.100805
1 0.491716 0.886645 0.0996043 0.140639
1 0.345724 0.303091 0.154325 0.133677
