0 0.217299 0.539313 0.103261 0.145237
1 0.865621 0.672352 0.105816 0.0855507
0 0.711865 0.225883 0.155458 0.0741093
1 0.312854 0.528819 0.123398 0.120077
0 0.686624 0.073538 0.117186 0.0716072
1 0.892908 0.529665 0.0965614 0.103487
1 0.663988 0.362395 0.172894 0.0681249
1 0.961147 0.405049 0.0766088 0.113419
1 0.939461 0.169344 0.121077 0.0759429
1 0.92832 0.283546 0.138579 0.114617
0 0.946397 0.0567316 0.0859509 0.0744539
1 0.684909 0.94142 0.147104 0.102844
1 0.914238 0.901443 0.171525 0.184246
1 0.497168 0.935602 0.202895 0.115975
0 0.4561 0.457218 0.106221 0.129066
1 0.456123 0.456063 0.105082 0.129538
2 0.495313 0.935053 0.207594 0.119379
0 0.680723 0.295547 0.198603 0.072858
1 0.689259 0.862832 0.0863146 0.0878185
1 0.685598 0.0736967 0.116889 0.0722388
1 0.8552 0.737345 0.102334 0.0584815
1 0.644781 0.873682 0.151578 0.117385
0 0.692698 0.012513 0.0924642 0.0250259
3 0.541359 0.807037 0.382465 0.232864
