0 0.677649 0.59687 0.104625 0.105462
0 0.941256 0.144481 0.113519 0.0973868
0 0.832609 0.362643 0.133713 0.102655
0 0.760089 0.553682 0.10217 0.0998044
1 0.598906 0.356277 0.1332 0.132939
1 0.32252 0.645021 0.111992 0.10476
1 0.596868 0.830965 0.125621 0.126928
1 0.6376 0.0672845 0.114697 0.122306
1 0.377169 0.13756 0.0882035 0.0812765
1 0.688386 0.769461 0.100423 0.0943559
1 0.78976 0.710662 0.111264 0.105164
1 0.66619 0.431331 0.110151 0.105851
1 0.52012 0.0997322 0.152505 0.150536
0 0.915282 0.495159 0.0894918 0.11905
1 0.18526 0.0703413 0.0984213 0.10924
0 0.935802 0.224135 0.128009 0.105848
1 0.955491 0.662705 0.0859523 0.103103
1 0.294963 0.556687 0.109568 0.109005
1 0.789584 0.286494 0.152072 0.144703
1 0.833724 0.510192 0.114914 0.13128
0 0.600049 0.639796 0.114558 0.125405
1 0.766546 0.195218 0.150948 0.119526
0 0.0518592 0.22535 0.102966 0.0952595
0 0.316035 0.410854 0.0848293 0.0914701
1 0.978657 0.465006 0.042424 0.105999
1 0.173474 0.489781 0.121991 0.122246
1 0.602313 0.638307 0.114756 0.122746
0 0.0331386 0.399913 0.0657231 0.114498
1 0.0498966 0.868477 0.097957 0.102889
1 0.870842 0.68426 0.0957198 0.11318
1 0.719821 0.0369928 0.12336 0.0736251
1 0.305069 0.0473168 0.0926347 0.0942088
1 0.0332862 0.397566 0.0661313 0.112198
