1 0.360005 0.710682 0.105694 0.0757866
1 0.0677411 0.164802 0.0900587 0.109263
1 0.415048 0.171327 0.0825145 0.127705
1 0.710174 0.327547 0.117902 0.113544
1 0.566181 0.698043 0.130047 0.083245
1 0.204087 0.964834 0.13627 0.0701309
1 0.186636 0.884718 0.137998 0.0881363
1 0.249428 0.166915 0.0813746 0.114473
1 0.329588 0.53176 0.155987 0.0956371
1 0.337272 0.313087 0.0775352 0.126932
1 0.573697 0.784857 0.132118 0.0848439
1 0.596062 0.308681 0.0752494 0.0932042
1 0.573579 0.519686 0.12906 0.0886143
1 0.509643 0.304518 0.0784785 0.118085
1 0.573565 0.863449 0.128824 0.0831792
1 0.184895 0.631954 0.107933 0.086884
1 0.248914 0.323435 0.0872101 0.135832
1 0.36179 0.883529 0.122331 0.0775478
1 0.923912 0.903439 0.0933108 0.108922
1 0.191978 0.79967 0.143025 0.0823693
1 0.595278 0.168143 0.0785084 0.132983
1 0.348534 0.798058 0.10875 0.0869162
1 0.186233 0.530045 0.116311 0.112022
1 0.19154 0.719319 0.139114 0.0740914
1 0.738679 0.736107 0.13179 0.126582
1 0.338542 0.164238 0.0861716 0.113135
1 0.728734 0.222745 0.117183 0.0957652
1 0.719702 0.121088 0.0823165 0.0596419
1 0.500134 0.1681 0.0875221 0.114055
1 0.930286 0.52863 0.0769303 0.121545
1 0.346228 0.963536 0.131937 0.0726697
1 0.727049 0.942831 0.134531 0.0788943
1 0.575271 0.949673 0.131119 0.0827258
1 0.342883 0.621578 0.141008 0.0810479
1 0.848738 0.666658 0.0817052 0.132029
1 0.0772592 0.316519 0.0885075 0.136278
0 0.926022 0.152959 0.0995166 0.142476
1 0.567777 0.61446 0.131662 0.0762969
0 0.155066 0.171118 0.0804668 0.120414
1 0.423839 0.305936 0.0975605 0.127288
1 0.936723 0.672897 0.080694 0.130044
1 0.165957 0.314183 0.0828308 0.122985
1 0.847062 0.536267 0.0809462 0.121446
0 0.932441 0.307857 0.0874937 0.0926961
1 0.762438 0.533281 0.0778491 0.108662
1 0.675788 0.532558 0.0777332 0.127832
1 0.0261332 0.968909 0.0515419 0.0605249
1 0.926469 0.153182 0.10061 0.142547
1 0.987815 0.9103 0.0239596 0.12341
1 0.934088 0.305532 0.0874543 0.0932025
1 0.0100169 0.152759 0.0197337 0.100881
1 0.99044 0.299363 0.0188041 0.122589
1 0.733526 0.847342 0.0882232 0.100202
1 0.988174 0.532373 0.023062 0.12442
