0 0.708912 0.584823 0.0803692 0.0769947
3 0.398643 0.904775 0.155278 0.155293
1 0.0773803 0.360617 0.154761 0.199093
1 0.225525 0.145482 0.114513 0.140801
1 0.662306 0.953475 0.0816057 0.0930506
1 0.145892 0.413753 0.106246 0.136096
0 0.449781 0.643651 0.0956695 0.100389
2 0.418654 0.234097 0.322615 0.421612
1 0.303494 0.197269 0.149441 0.147259
2 0.751685 0.172043 0.211179 0.279935
1 0.85224 0.58809 0.12428 0.0802188
1 0.78403 0.453252 0.124991 0.10153
1 0.275283 0.0323268 0.11162 0.0642371
0 0.62715 0.766476 0.113425 0.123327
3 0.77665 0.947574 0.115585 0.104461
1 0.0411662 0.0642099 0.0823323 0.12842
1 0.0821031 0.59661 0.132832 0.131686
0 0.879823 0.531408 0.0908519 0.0754763
2 0.0771835 0.910543 0.153455 0.139279
3 0.320721 0.858227 0.144014 0.182511
1 0.197563 0.433099 0.102813 0.126145
1 0.354206 0.0427617 0.0983778 0.0854075
1 0.200192 0.0869259 0.0767936 0.0815357
1 0.0773311 0.0841155 0.13348 0.167668
2 0.861306 0.0522634 0.137072 0.103947
1 0.551062 0.893799 0.0759747 0.0512152
1 0.182103 0.115309 0.116736 0.144878
1 0.0774077 0.912064 0.154354 0.139278
1 0.0312409 0.539803 0.0621517 0.11344
3 0.980008 0.912309 0.0397165 0.154112
1 0.391467 0.0603442 0.169826 0.120091
0 0.626983 0.64339 0.0909002 0.123826
0 0.683074 0.704398 0.0703516 0.0594829
