1 0.658173 0.202847 0.133189 0.123291
0 0.0741938 0.33998 0.136129 0.135566
0 0.782083 0.484978 0.127114 0.0753652
1 0.0860626 0.965603 0.106007 0.0687945
0 0.507743 0.673401 0.145477 0.155691
1 0.580858 0.724504 0.139901 0.143468
1 0.0391038 0.13049 0.0780505 0.111334
0 0.740074 0.332444 0.136404 0.129131
1 0.495151 0.287597 0.0870548 0.0748943
1 0.649599 0.797085 0.138589 0.135609
1 0.254002 0.128363 0.0711387 0.0681725
0 0.33905 0.561645 0.0757264 0.0825609
0 0.96217 0.764338 0.0747399 0.0874401
1 0.202462 0.418956 0.137692 0.120821
1 0.414249 0.317324 0.0914022 0.0899106
0 0.425975 0.970879 0.0947504 0.0582423
1 0.640042 0.403761 0.097188 0.0863895
1 0.797008 0.0627117 0.0779214 0.0952069
0 0.432041 0.649648 0.0798489 0.0904484
0 0.735723 0.148012 0.122223 0.108781
0 0.0464727 0.555598 0.0929454 0.118607
1 0.577788 0.0247182 0.063158 0.0492032
1 0.0591593 0.871769 0.113128 0.092149
1 0.0369719 0.775168 0.0722923 0.0645753
1 0.587067 0.244032 0.0956974 0.101983
1 0.689612 0.026699 0.0595076 0.0533287
0 0.637248 0.0392823 0.0568523 0.0708208
1 0.930654 0.959213 0.132916 0.081244
0 0.0984358 0.604698 0.0772478 0.067292
0 0.391346 0.0206374 0.115738 0.0410632
1 0.49629 0.148599 0.0782228 0.0803705
1 0.842787 0.397682 0.0894003 0.099673
0 0.542731 0.967052 0.0858548 0.0657622
1 0.382892 0.18439 0.106877 0.118071
1 0.397578 0.893005 0.110252 0.0889201
0 0.932083 0.957967 0.12863 0.0835863
0 0.397778 0.891967 0.11098 0.0913086
1 0.421662 0.971051 0.0872126 0.0575677
0 0.0372033 0.77533 0.0742699 0.0649302
0 0.228716 0.0296061 0.077949 0.0590357
0 0.382613 0.186484 0.10754 0.121834
1 0.0474305 0.553088 0.0948611 0.118423
0 0.37694 0.0143709 0.0766577 0.0286323
0 0.78612 0.946139 0.109062 0.106778
0 0.495481 0.148714 0.0791752 0.0774258
