1 0.0984193 0.617756 0.138911 0.134013
0 0.678385 0.666162 0.0972421 0.0979366
1 0.25361 0.767156 0.0752556 0.114261
1 0.508774 0.4337 0.1044 0.113113
1 0.102227 0.480773 0.183072 0.14084
0 0.383071 0.273584 0.159759 0.119555
1 0.374664 0.451041 0.148748 0.175033
1 0.078197 0.764625 0.0981326 0.140349
1 0.395308 0.695188 0.0991699 0.0996859
1 0.826681 0.32074 0.111937 0.120703
1 0.555103 0.7119 0.112044 0.116072
0 0.677023 0.190453 0.158416 0.130293
1 0.675096 0.189821 0.156996 0.127803
1 0.380882 0.274201 0.160432 0.120106
1 0.34368 0.0445465 0.177454 0.0883524
0 0.342492 0.0458311 0.178654 0.0916622
0 0.12535 0.027426 0.114018 0.0545495
1 0.732949 0.465596 0.0812863 0.0841013
0 0.719261 0.321191 0.0659385 0.0815338
1 0.125564 0.0276332 0.113489 0.0550473
0 0.824714 0.321372 0.112327 0.117367
1 0.640061 0.372811 0.10834 0.175483
