1 0.196616 0.854248 0.124518 0.146085
1 0.823186 0.410657 0.169832 0.139091
1 0.427365 0.562478 0.114307 0.158668
1 0.870966 0.791272 0.163118 0.175899
1 0.777501 0.143676 0.170836 0.149579
1 0.578746 0.533733 0.13357 0.182773
1 0.817541 0.277037 0.170525 0.140012
1 0.469463 0.843079 0.146045 0.175799
2 0.124007 0.0594313 0.112885 0.117461
1 0.880703 0.961951 0.108602 0.0758715
2 0.385942 0.342864 0.14681 0.2041
1 0.964794 0.262985 0.069344 0.11411
1 0.722235 0.817697 0.137907 0.195997
2 0.548136 0.318343 0.146762 0.194415
1 0.959953 0.387981 0.0800909 0.128958
1 0.834919 0.54316 0.153319 0.117147
1 0.604687 0.822217 0.113437 0.167569
1 0.939919 0.131159 0.118457 0.142867
1 0.346556 0.843871 0.113094 0.147807
1 0.751872 0.970717 0.115104 0.0580661
0 0.29878 0.566835 0.116179 0.174006
1 0.0534204 0.596821 0.1061 0.150017
1 0.64356 0.0355905 0.0907412 0.071181
1 0.30043 0.566236 0.112013 0.177002
1 0.176837 0.578353 0.119419 0.175304
2 0.357453 0.0558872 0.0529036 0.109924
2 0.518796 0.0487728 0.125044 0.0962393
2 0.246736 0.0667662 0.0957116 0.132802
2 0.108787 0.320552 0.111002 0.155844
1 0.975314 0.519787 0.0489124 0.0986297
1 0.487811 0.991711 0.117714 0.0163962
2 0.241729 0.327365 0.113591 0.148315
2 0.399572 0.056213 0.077134 0.110846
0 0.0115829 0.878622 0.022547 0.137541
1 0.614554 0.966186 0.135368 0.0675652
