1 0.448922 0.443921 0.126468 0.122099
1 0.565574 0.351617 0.147021 0.105547
1 0.79675 0.926685 0.134672 0.136186
1 0.195527 0.141158 0.105317 0.14602
1 0.595281 0.665844 0.167458 0.143098
1 0.968592 0.823151 0.0620481 0.10088
1 0.208548 0.675955 0.151056 0.156567
1 0.442566 0.929587 0.129878 0.116792
1 0.850999 0.349479 0.158825 0.12383
1 0.3044 0.81782 0.136229 0.119714
0 0.302209 0.817828 0.130724 0.1186
1 0.964674 0.0411808 0.0692184 0.0724011
1 0.879594 0.3202 0.208881 0.190781
0 0.971448 0.655213 0.0566435 0.0735074
1 0.971629 0.654939 0.056357 0.0719781
1 0.0201987 0.316865 0.0398857 0.0925872
