0 0.505876 0.0329389 0.0820032 0.0658754
0 0.292146 0.515997 0.116384 0.115049
0 0.481822 0.123798 0.118558 0.0949125
0 0.129764 0.116506 0.0878114 0.073169
1 0.221639 0.576341 0.120359 0.132117
1 0.0840515 0.403648 0.116558 0.128009
0 0.173298 0.354964 0.117449 0.123765
1 0.230795 0.22076 0.0928898 0.0882515
0 0.423616 0.192197 0.0892146 0.0848242
0 0.0922531 0.0475522 0.169721 0.0950406
0 0.0531081 0.651734 0.0950542 0.114151
1 0.397676 0.283251 0.0891447 0.0711308
1 0.051875 0.653576 0.0935995 0.113978
0 0.137228 0.6804 0.091683 0.105448
0 0.362148 0.361489 0.0942972 0.0933635
1 0.0924721 0.0475886 0.168529 0.0949515
