1 0.376977 0.421235 0.130626 0.0665156
1 0.779342 0.415772 0.0913849 0.128203
1 0.0588019 0.777964 0.116723 0.13716
1 0.675894 0.41625 0.111429 0.153883
1 0.36988 0.494434 0.171292 0.0759424
1 0.777202 0.588419 0.082477 0.110045
1 0.0621398 0.254631 0.123883 0.134533
1 0.790723 0.181574 0.100318 0.154079
1 0.662771 0.815256 0.118925 0.134651
1 0.37899 0.338861 0.122845 0.068495
1 0.677549 0.182874 0.133342 0.156969
1 0.67799 0.584457 0.104203 0.12377
1 0.0504894 0.608406 0.100236 0.145767
1 0.965264 0.428339 0.0674863 0.131596
1 0.385693 0.263296 0.131478 0.0715723
1 0.968217 0.0507726 0.0627054 0.101545
1 0.88767 0.198353 0.0811307 0.112102
1 0.405984 0.650074 0.212477 0.0819612
1 0.858328 0.822407 0.0883236 0.133304
1 0.874381 0.421402 0.105658 0.136119
1 0.669225 0.959474 0.0977302 0.0806093
1 0.890055 0.0487446 0.08518 0.0965467
1 0.374939 0.806774 0.196177 0.0762188
1 0.0534317 0.0818711 0.106631 0.120129
1 0.363256 0.884419 0.140989 0.0758253
1 0.394343 0.570705 0.180261 0.0721837
1 0.964219 0.202808 0.0710517 0.170147
1 0.378404 0.960863 0.155834 0.0772843
0 0.787971 0.0430429 0.089788 0.0849725
1 0.364397 0.728067 0.181006 0.0721241
1 0.859236 0.959465 0.100223 0.0806675
1 0.0449484 0.923028 0.0887117 0.112996
1 0.68887 0.034954 0.113534 0.0695282
1 0.8742 0.581119 0.102298 0.132821
1 0.955085 0.95659 0.0888026 0.0864151
1 0.767769 0.816211 0.0904469 0.131341
1 0.953444 0.825106 0.0931126 0.140169
1 0.96018 0.595611 0.0777466 0.107738
1 0.392212 0.187718 0.244514 0.0784951
0 0.767172 0.817125 0.0899165 0.131526
0 0.954362 0.82186 0.0910728 0.127928
0 0.0632865 0.429048 0.125766 0.176964
1 0.754828 0.955352 0.0962336 0.0886267
1 0.983816 0.956068 0.0322483 0.0878649
1 0.0637276 0.427063 0.126859 0.179641
3 0.065461 0.426188 0.129654 0.180849
0 0.0523978 0.0799494 0.103782 0.120651
2 0.39683 0.185581 0.2618 0.0837074
