1 0.498601 0.0878279 0.149153 0.135935
1 0.0666262 0.902526 0.125974 0.117509
0 0.977367 0.224931 0.0445771 0.096075
1 0.949293 0.534771 0.101317 0.122779
1 0.369149 0.452212 0.109083 0.108706
1 0.259707 0.0660227 0.160021 0.131754
1 0.783536 0.0923093 0.126863 0.110369
1 0.727425 0.200981 0.0789714 0.0720464
1 0.390075 0.564565 0.104633 0.11852
0 0.460386 0.36693 0.114862 0.124399
0 0.964051 0.0526551 0.0703716 0.0785443
2 0.795244 0.0943387 0.149852 0.10999
1 0.659613 0.992293 0.0986365 0.015003
