1 0.183895 0.523173 0.0960154 0.130311
0 0.939029 0.480391 0.0729849 0.0843487
1 0.579438 0.535958 0.087577 0.121134
1 0.276597 0.541948 0.097721 0.110319
1 0.575988 0.973391 0.0941957 0.0531657
1 0.0745748 0.523719 0.11998 0.133087
0 0.186544 0.776894 0.101756 0.143852
1 0.535067 0.76718 0.0966678 0.123532
1 0.451563 0.779568 0.0890778 0.104351
1 0.477861 0.562585 0.100951 0.163199
1 0.673867 0.771208 0.182061 0.10463
0 0.360981 0.779524 0.0886555 0.147
1 0.312514 0.979221 0.0932626 0.0411968
2 0.886543 0.940496 0.193273 0.119008
1 0.376083 0.56049 0.0933118 0.154962
1 0.66623 0.963328 0.104589 0.0730602
1 0.03676 0.673916 0.07352 0.0931149
1 0.688328 0.518687 0.0509706 0.108065
1 0.750091 0.95045 0.0986478 0.0987363
1 0.773613 0.495131 0.0545175 0.0756092
1 0.273364 0.785229 0.0854821 0.102601
1 0.205602 0.960638 0.107316 0.0786228
1 0.40018 0.979879 0.0934649 0.0398977
1 0.103177 0.757184 0.0975137 0.103681
1 0.884885 0.941 0.193247 0.117072
0 0.837249 0.492438 0.0885533 0.0991316
1 0.483382 0.977469 0.0984064 0.0449166
1 0.376703 0.979819 0.045001 0.0399144
