1 0.828391 0.647915 0.169108 0.132861
1 0.475435 0.659309 0.1379 0.153772
1 0.475955 0.854765 0.162626 0.122262
1 0.0678658 0.891625 0.135732 0.137387
1 0.634982 0.264151 0.140872 0.138706
1 0.396025 0.427895 0.134461 0.131513
1 0.0820233 0.651122 0.162485 0.180557
1 0.705701 0.912039 0.124674 0.10114
1 0.890503 0.924763 0.1421 0.102338
1 0.281186 0.781877 0.137692 0.110829
1 0.868207 0.836051 0.150118 0.114074
1 0.417385 0.721191 0.126176 0.133361
1 0.553893 0.600912 0.13481 0.13178
1 0.162263 0.580095 0.118909 0.133015
1 0.550465 0.319445 0.143161 0.145123
1 0.477028 0.373074 0.143577 0.152888
1 0.307641 0.879107 0.128735 0.0947086
1 0.663205 0.547345 0.109233 0.130083
1 0.858513 0.734888 0.159843 0.0960817
1 0.808975 0.556066 0.126496 0.094218
1 0.662058 0.698124 0.130827 0.100001
1 0.484645 0.952773 0.149254 0.0938344
1 0.786934 0.447894 0.13678 0.114556
1 0.240452 0.529036 0.158322 0.159989
1 0.326663 0.976101 0.150292 0.0474865
1 0.738507 0.217415 0.139999 0.159832
1 0.684451 0.802103 0.12919 0.108056
1 0.942887 0.174386 0.106347 0.106444
1 0.0353096 0.696718 0.0698565 0.145398
1 0.716576 0.984493 0.118706 0.0310141
1 0.205526 0.0916213 0.124575 0.103278
1 0.905281 0.981725 0.10913 0.0362459
1 0.98132 0.436925 0.0369596 0.0913376
