1 0.537904 0.857251 0.146942 0.13431
1 0.0404119 0.792542 0.0808238 0.107497
1 0.624044 0.670216 0.0878091 0.0903397
1 0.648061 0.583277 0.122501 0.113441
1 0.177836 0.695578 0.133278 0.13053
0 0.278501 0.907106 0.105399 0.106753
0 0.197638 0.866651 0.10781 0.0938911
1 0.437569 0.766408 0.0957659 0.102498
1 0.744566 0.928225 0.102987 0.117201
1 0.231648 0.609915 0.0930083 0.0803461
1 0.63228 0.968513 0.113406 0.062973
0 0.784274 0.292781 0.0980453 0.102025
1 0.621811 0.805207 0.0609399 0.0637565
1 0.890511 0.527875 0.121478 0.0995593
1 0.0932692 0.977463 0.0998394 0.0448468
0 0.0313934 0.917855 0.0623327 0.108205
1 0.967731 0.467519 0.0640018 0.0776389
