2 0.829391 0.717494 0.156246 0.274922
1 0.068351 0.247795 0.113335 0.129593
1 0.465012 0.303532 0.109892 0.100318
1 0.0724045 0.834398 0.131587 0.136417
1 0.416011 0.560472 0.113765 0.0944321
1 0.429911 0.396005 0.0911939 0.0965377
1 0.502782 0.155844 0.128449 0.129482
1 0.361999 0.937387 0.140739 0.124154
1 0.713813 0.146842 0.0848365 0.104799
1 0.629629 0.134876 0.0722764 0.100744
1 0.155718 0.874015 0.14601 0.15964
2 0.55628 0.948455 0.227934 0.101977
1 0.255724 0.250805 0.0913118 0.0949773
1 0.202798 0.548099 0.121813 0.105018
1 0.398567 0.652707 0.124537 0.0784519
1 0.406587 0.825575 0.128604 0.0993521
1 0.0534918 0.508431 0.105853 0.14811
2 0.566041 0.70554 0.16988 0.389713
1 0.235077 0.953365 0.155864 0.0923564
0 0.673882 0.279037 0.131244 0.120206
1 0.287944 0.0466125 0.0975418 0.0931395
1 0.379735 0.725474 0.114701 0.105061
1 0.39127 0.0842308 0.115817 0.120689
1 0.129373 0.0424536 0.099733 0.0847434
1 0.251918 0.333853 0.100832 0.0808356
1 0.0364346 0.771757 0.0728692 0.103661
1 0.869675 0.187904 0.0787919 0.0957479
1 0.761992 0.310983 0.0773768 0.110008
1 0.824459 0.323589 0.076833 0.116349
0 0.937956 0.350852 0.0751638 0.0857747
1 0.941484 0.20991 0.0717584 0.113357
1 0.79661 0.177121 0.0966563 0.120341
1 0.202891 0.635676 0.08264 0.0780177
0 0.796432 0.18371 0.102363 0.131573
2 0.579185 0.610044 0.13247 0.196019
0 0.0308609 0.194951 0.0616062 0.145208
2 0.79687 0.95565 0.098552 0.0884519
0 0.934683 0.0383162 0.125173 0.0762714
1 0.956744 0.987485 0.0803676 0.0247846
1 0.0308425 0.195749 0.0613769 0.151723
