2 0.0548174 0.0942986 0.108665 0.159614
2 0.809854 0.179576 0.255756 0.200051
1 0.729805 0.836152 0.119104 0.147075
1 0.700673 0.425385 0.142925 0.140075
1 0.494673 0.724405 0.199269 0.190871
1 0.568632 0.902038 0.148637 0.149529
1 0.843409 0.608167 0.117981 0.173161
1 0.376265 0.544106 0.104811 0.123004
1 0.810776 0.803131 0.152232 0.156877
2 0.175147 0.0606776 0.154945 0.120882
1 0.608168 0.673673 0.109969 0.146873
1 0.362051 0.969663 0.132817 0.0602374
1 0.929565 0.35128 0.130333 0.133632
1 0.929965 0.949173 0.139022 0.100739
1 0.951906 0.539155 0.0947009 0.125494
1 0.790288 0.402392 0.0931482 0.116848
2 0.378699 0.321327 0.223115 0.177429
1 0.843365 0.379682 0.107732 0.1437
1 0.151763 0.953773 0.20169 0.0912648
1 0.728881 0.651141 0.12008 0.172448
1 0.489972 0.508103 0.115935 0.129202
1 0.607147 0.453847 0.107674 0.141722
1 0.670838 0.872496 0.105262 0.119228
1 0.40356 0.320736 0.171959 0.174713
0 0.108247 0.857518 0.204103 0.133935
1 0.549109 0.455712 0.11245 0.165574
1 0.328199 0.347895 0.126112 0.166378
0 0.776786 0.615113 0.100847 0.140905
1 0.269706 0.373353 0.097756 0.147638
1 0.664743 0.667016 0.104942 0.154205
1 0.804759 0.97118 0.155891 0.0571071
1 0.0588433 0.660922 0.116357 0.127501
1 0.0795895 0.748408 0.159039 0.125522
1 0.289628 0.797121 0.121949 0.100188
1 0.325996 0.903945 0.139838 0.099833
2 0.0339828 0.436274 0.0671726 0.0995227
0 0.0744073 0.752592 0.148815 0.125787
0 0.631231 0.228157 0.139148 0.150503
1 0.631886 0.22932 0.138493 0.147317
0 0.909724 0.759977 0.170128 0.17537
2 0.411573 0.0202169 0.122028 0.040348
1 0.981117 0.731478 0.0373218 0.104521
1 0.894457 0.566489 0.0881746 0.112779
