1 0.63851 0.407935 0.138532 0.139092
1 0.696206 0.311856 0.161631 0.148807
1 0.936327 0.361309 0.126762 0.139733
1 0.297168 0.901395 0.1643 0.150378
1 0.273684 0.293744 0.142888 0.137097
1 0.610909 0.865501 0.142275 0.147916
1 0.776278 0.622503 0.143153 0.14425
1 0.410703 0.503761 0.139075 0.137142
1 0.397135 0.108688 0.1556 0.146724
1 0.876351 0.0609956 0.13255 0.121991
1 0.756674 0.21774 0.147545 0.136278
1 0.529346 0.58519 0.131586 0.142094
1 0.336047 0.210358 0.148187 0.130423
1 0.461457 0.657856 0.143928 0.131465
1 0.214513 0.371735 0.157134 0.14725
1 0.355938 0.583497 0.134377 0.136283
1 0.816604 0.786108 0.146841 0.120518
1 0.196672 0.824525 0.157151 0.165884
1 0.640234 0.162703 0.132625 0.121507
1 0.82208 0.133794 0.148829 0.15412
1 0.161917 0.452401 0.148756 0.145871
1 0.471835 0.414212 0.146866 0.1498
1 0.115863 0.294208 0.149157 0.13963
1 0.214066 0.128009 0.120465 0.119467
1 0.359279 0.81311 0.160548 0.155295
1 0.0670178 0.610224 0.134021 0.150341
1 0.162383 0.208414 0.134023 0.121706
1 0.0650711 0.373572 0.130142 0.129228
1 0.883667 0.44153 0.135867 0.144843
1 0.831457 0.542123 0.155416 0.152168
1 0.58617 0.500638 0.119342 0.126095
1 0.555813 0.939035 0.140341 0.121044
1 0.941897 0.616758 0.116205 0.113895
1 0.516639 0.324329 0.117175 0.128765
1 0.406461 0.731096 0.152555 0.140566
1 0.583044 0.238512 0.139497 0.14951
1 0.685268 0.0761681 0.126791 0.130973
1 0.448576 0.0495557 0.143119 0.0985103
1 0.279272 0.0493565 0.126809 0.098713
1 0.717708 0.704751 0.158918 0.152804
1 0.733518 0.946141 0.132018 0.107718
1 0.0348978 0.696771 0.068629 0.112752
1 0.664696 0.782405 0.145102 0.143135
1 0.964306 0.271633 0.0706668 0.113341
1 0.773028 0.870538 0.133149 0.130293
1 0.305457 0.658434 0.146282 0.130387
1 0.745157 0.0240927 0.121335 0.0481049
1 0.246474 0.742075 0.12478 0.110862
1 0.789107 0.848703 0.0949886 0.0847307
1 0.875506 0.701252 0.134904 0.129749
1 0.644897 0.974691 0.0920134 0.0504518
1 0.983713 0.228546 0.0321352 0.05318
1 0.941159 0.0172605 0.0677156 0.034521
1 0.976927 0.527446 0.0456214 0.100054
1 0.494453 0.976251 0.0968817 0.0470364
1 0.903481 0.703918 0.088128 0.103106
