1 0.619342 0.53271 0.151192 0.136637
1 0.677683 0.610142 0.134908 0.124952
1 0.591235 0.12748 0.100372 0.105429
1 0.75566 0.657761 0.127826 0.128165
0 0.408137 0.151241 0.10371 0.124569
1 0.55438 0.792559 0.135111 0.123033
1 0.151972 0.212124 0.0911698 0.100311
1 0.766683 0.946637 0.128818 0.106609
1 0.44467 0.934075 0.129909 0.125541
1 0.323524 0.169977 0.096666 0.128404
1 0.179654 0.700702 0.134036 0.126392
1 0.361749 0.562579 0.159412 0.134117
1 0.551 0.356713 0.151403 0.134456
1 0.770769 0.096002 0.102064 0.115523
1 0.086542 0.0566481 0.095518 0.113296
1 0.682868 0.118478 0.0957873 0.113692
1 0.0745427 0.931654 0.148042 0.136693
1 0.858554 0.514308 0.126943 0.116546
1 0.376366 0.880463 0.114237 0.115648
1 0.061334 0.209456 0.109308 0.12361
1 0.500542 0.14651 0.0984945 0.107664
1 0.473817 0.74086 0.151776 0.163612
1 0.151737 0.442956 0.0981218 0.123745
1 0.342715 0.411265 0.102876 0.12511
1 0.681263 0.919634 0.157396 0.160033
1 0.236162 0.768939 0.121599 0.118982
1 0.245474 0.441358 0.113164 0.150079
1 0.947906 0.0700637 0.104189 0.129616
1 0.825875 0.716392 0.136587 0.144434
1 0.336037 0.0364547 0.0885283 0.0726033
1 0.41138 0.647584 0.190152 0.14394
1 0.795607 0.457323 0.122642 0.12292
1 0.0442971 0.875862 0.0879907 0.15775
1 0.249916 0.0486533 0.0984915 0.0968098
1 0.238857 0.186259 0.108982 0.124562
1 0.85603 0.0820017 0.105503 0.12813
1 0.314657 0.815926 0.127557 0.133226
1 0.926444 0.589415 0.126012 0.143109
1 0.173062 0.0575907 0.0993341 0.115181
1 0.579075 0.450025 0.14375 0.129052
1 0.10153 0.640451 0.132598 0.13874
1 0.0581908 0.456161 0.0985014 0.120097
1 0.94053 0.291656 0.118098 0.136524
1 0.885878 0.780168 0.105148 0.115981
1 0.70689 0.358202 0.16308 0.147199
1 0.0266527 0.0623647 0.0533054 0.109064
1 0.949684 0.837622 0.100633 0.123719
0 0.527527 0.955948 0.139668 0.0876226
1 0.588846 0.023783 0.0916235 0.0471747
1 0.159431 0.957976 0.135855 0.0832794
1 0.50769 0.0314675 0.0829285 0.0626046
1 0.526644 0.956592 0.140173 0.0857065
1 0.237809 0.983554 0.0810184 0.0326483
0 0.713506 0.357607 0.176664 0.149084
1 0.843047 0.977871 0.0934808 0.0437672
1 0.958879 0.645166 0.081152 0.132087
0 0.422925 0.0351337 0.101029 0.0700171
1 0.424356 0.0347631 0.0995876 0.0692832
