1 0.841512 0.32592 0.129191 0.143109
1 0.742399 0.472242 0.12227 0.109874
1 0.16119 0.139652 0.119731 0.131544
1 0.568898 0.643428 0.105393 0.0860323
1 0.859026 0.704111 0.125975 0.121542
1 0.4041 0.298377 0.0983696 0.120624
1 0.550731 0.0385431 0.127908 0.0765716
1 0.886558 0.903084 0.0860581 0.0894281
1 0.498038 0.397644 0.119931 0.133567
1 0.265654 0.741746 0.0653077 0.0838881
1 0.662624 0.854333 0.122154 0.120092
1 0.353066 0.755572 0.12042 0.107035
1 0.974203 0.700671 0.0515945 0.117569
1 0.21069 0.540574 0.0726144 0.100712
1 0.383616 0.600606 0.114197 0.135442
1 0.374293 0.969018 0.15183 0.0610758
1 0.449495 0.77938 0.101944 0.100002
1 0.966817 0.934067 0.065928 0.124174
0 0.298208 0.571708 0.113204 0.159554
1 0.298287 0.573249 0.113141 0.162004
0 0.709333 0.578737 0.111918 0.0939536
1 0.364257 0.862235 0.127323 0.10762
1 0.36885 0.026129 0.0925077 0.0519423
1 0.862495 0.970108 0.118792 0.059548
1 0.253495 0.211161 0.124761 0.117046
0 0.134904 0.483401 0.0892684 0.117285
