0 0.937693 0.266701 0.0962058 0.0892327
2 0.343556 0.631243 0.201191 0.185522
2 0.686675 0.638257 0.099896 0.158251
0 0.80683 0.646018 0.109773 0.113807
0 0.853395 0.399113 0.0801233 0.0864502
1 0.846133 0.792952 0.133039 0.0908995
3 0.0837771 0.631614 0.134419 0.153069
1 0.81766 0.860823 0.0726408 0.0735507
1 0.949782 0.4215 0.0995009 0.153648
0 0.382349 0.796543 0.115549 0.0971129
1 0.821339 0.453552 0.0891142 0.0861636
1 0.55942 0.858887 0.0975411 0.0844584
0 0.949627 0.417838 0.100015 0.159391
