0 0.865863 0.939249 0.12697 0.119911
0 0.695149 0.852486 0.136627 0.205826
1 0.833379 0.0693325 0.190858 0.138528
1 0.184666 0.753653 0.0923033 0.142383
1 0.559123 0.206077 0.096545 0.133021
0 0.0281343 0.752072 0.0559123 0.121786
0 0.767029 0.920471 0.105868 0.121956
1 0.189252 0.969717 0.0810275 0.0605668
0 0.139896 0.3673 0.110461 0.125193
1 0.104955 0.961122 0.0752007 0.077756
1 0.221857 0.137331 0.0631469 0.1206
0 0.53094 0.809897 0.124903 0.171229
1 0.528933 0.810974 0.126222 0.172329
1 0.0367393 0.955145 0.0729979 0.0887077
1 0.643636 0.475533 0.110656 0.162138
1 0.279026 0.973519 0.0898852 0.0529623
1 0.292752 0.378273 0.16464 0.133322
1 0.716589 0.234876 0.0953434 0.146444
1 0.268006 0.771508 0.0965696 0.128895
1 0.102312 0.745767 0.0841959 0.150839
1 0.793305 0.47656 0.0670593 0.0799745
1 0.96871 0.0753118 0.0607841 0.130736
1 0.766863 0.920024 0.106848 0.118306
0 0.602668 0.86108 0.105936 0.129753
1 0.361551 0.98036 0.0770659 0.0388644
1 0.10016 0.128435 0.110825 0.137354
0 0.570185 0.0383332 0.115928 0.0758384
1 0.601562 0.861969 0.105693 0.13233
0 0.437589 0.804373 0.0941766 0.1311
1 0.356194 0.781677 0.110517 0.163515
1 0.0281502 0.751817 0.0560569 0.119862
0 0.356721 0.781477 0.112507 0.165896
0 0.978544 0.286215 0.0424736 0.0588902
1 0.448164 0.415875 0.173026 0.134401
0 0.436456 0.168905 0.108085 0.158429
1 0.415145 0.506215 0.0638612 0.0968574
0 0.99132 0.596175 0.0170753 0.06846
