0 0.717089 0.238347 0.102516 0.119764
0 0.452869 0.611742 0.102465 0.152529
0 0.586064 0.424797 0.0891733 0.119572
0 0.531737 0.203771 0.112651 0.109094
1 0.245417 0.261412 0.139418 0.145695
1 0.378523 0.0716048 0.126845 0.120599
0 0.841966 0.48483 0.109654 0.130968
0 0.376237 0.78196 0.084246 0.111485
1 0.804462 0.664156 0.104383 0.110532
1 0.115189 0.448026 0.108815 0.0925574
0 0.955674 0.280466 0.0881245 0.128974
1 0.876734 0.267807 0.0829966 0.102852
1 0.538376 0.814753 0.0906851 0.116989
1 0.414062 0.379713 0.0816974 0.0898858
1 0.0499695 0.212861 0.0985938 0.13758
1 0.161599 0.33456 0.0851352 0.0846078
1 0.0709743 0.135135 0.0994022 0.0993563
1 0.666536 0.0474495 0.110397 0.0941135
1 0.71477 0.85705 0.0849969 0.102655
1 0.338004 0.153897 0.136331 0.122623
1 0.15641 0.0914768 0.176047 0.157525
0 0.957624 0.702043 0.0841678 0.111655
1 0.633284 0.626131 0.0972631 0.112294
0 0.503383 0.380504 0.118848 0.166232
1 0.0529061 0.920058 0.105237 0.14626
1 0.204108 0.0290598 0.101698 0.0581197
1 0.286463 0.759196 0.0937807 0.117076
1 0.287582 0.548715 0.110689 0.121953
0 0.675525 0.417897 0.104255 0.161825
0 0.208625 0.755997 0.101268 0.14099
1 0.37855 0.567185 0.0935462 0.133207
1 0.537789 0.610305 0.105259 0.124351
0 0.980514 0.501738 0.0383286 0.106132
1 0.46103 0.796903 0.0924436 0.104039
0 0.461981 0.797031 0.0940744 0.103826
0 0.923966 0.0779394 0.112318 0.153931
0 0.795253 0.853125 0.102978 0.145576
0 0.630713 0.836124 0.0914202 0.0934513
1 0.832843 0.0713025 0.104016 0.121483
1 0.0314297 0.705706 0.0628594 0.0847518
0 0.743587 0.47084 0.0760456 0.126473
0 0.501671 0.01851 0.0949044 0.0365398
1 0.397604 0.971595 0.0792824 0.0567449
0 0.977485 0.0771038 0.0444553 0.154208
0 0.626704 0.209507 0.0916923 0.124853
1 0.63111 0.835737 0.0919372 0.0929501
1 0.714189 0.63743 0.0947771 0.116106
1 0.216949 0.962799 0.0813115 0.0690506
1 0.126087 0.712593 0.104732 0.136923
1 0.921692 0.0827112 0.106495 0.141162
1 0.886809 0.665689 0.0931054 0.0990095
1 0.752762 0.0444199 0.0919795 0.0888397
1 0.795456 0.854032 0.101622 0.140964
0 0.900254 0.883881 0.144471 0.128578
1 0.0190234 0.294391 0.0378061 0.0796379
0 0.125276 0.713308 0.10716 0.134035
0 0.756632 0.0447531 0.100022 0.0886334
1 0.806524 0.235007 0.0920215 0.0900174
1 0.674616 0.432593 0.101978 0.135234
1 0.0169033 0.391799 0.033639 0.0798835
