1 0.652626 0.597588 0.125956 0.131989
1 0.835882 0.531274 0.100715 0.106996
1 0.464112 0.42907 0.103042 0.16189
1 0.897623 0.769253 0.122368 0.166883
1 0.122278 0.232288 0.104695 0.127857
1 0.281802 0.928727 0.161861 0.121031
1 0.914012 0.112462 0.0996218 0.102343
1 0.120539 0.711643 0.146012 0.114647
1 0.431666 0.573174 0.138688 0.0964693
1 0.0350282 0.254069 0.0700565 0.117104
1 0.0541631 0.870637 0.108326 0.107554
1 0.819142 0.118525 0.10146 0.135186
1 0.632596 0.39436 0.0971168 0.13615
1 0.751078 0.546942 0.0937941 0.117545
1 0.735501 0.13287 0.103584 0.125584
1 0.370613 0.760527 0.147762 0.130828
1 0.914605 0.511853 0.0973368 0.122979
1 0.163747 0.454226 0.123801 0.0941063
0 0.465755 0.178198 0.0873665 0.113368
1 0.381509 0.433603 0.0956715 0.122665
1 0.790826 0.36969 0.0984876 0.154745
0 0.965397 0.727418 0.0677876 0.106487
1 0.0894106 0.793086 0.142179 0.119701
1 0.514646 0.850281 0.141934 0.119818
1 0.319715 0.837712 0.145015 0.127584
0 0.577456 0.691627 0.112968 0.105092
0 0.379099 0.193364 0.0889649 0.127729
1 0.710669 0.379711 0.0997559 0.140312
1 0.407705 0.662934 0.149214 0.107507
1 0.179538 0.531937 0.110379 0.0816552
0 0.545877 0.775803 0.139959 0.111915
1 0.200127 0.218476 0.0970756 0.134113
1 0.464121 0.913946 0.174186 0.152641
1 0.543793 0.414075 0.0985439 0.142121
0 0.5541 0.157466 0.0980496 0.12026
0 0.296079 0.207497 0.103244 0.156703
0 0.643392 0.141517 0.106922 0.147648
1 0.972576 0.504287 0.054467 0.125872
1 0.887237 0.362001 0.107947 0.147622
1 0.962867 0.337292 0.0732179 0.159967
1 0.575629 0.692288 0.116997 0.106871
0 0.719232 0.954385 0.156943 0.0912304
1 0.644127 0.139757 0.106324 0.1483
0 0.969331 0.0945238 0.0605478 0.113935
1 0.0439129 0.597086 0.0872069 0.114412
1 0.0360106 0.480527 0.0715973 0.121319
0 0.88889 0.359311 0.109384 0.144671
1 0.227409 0.980069 0.0956925 0.0397378
1 0.554121 0.157553 0.0959411 0.123036
1 0.377442 0.192707 0.0847666 0.122067
1 0.968656 0.0931363 0.0624764 0.110333
1 0.705932 0.954382 0.141077 0.090639
1 0.402154 0.97281 0.122121 0.0537187
0 0.96226 0.333326 0.0749958 0.16677
1 0.296251 0.203215 0.0999566 0.140732
