1 0.904954 0.185809 0.187752 0.113207
1 0.647348 0.0373886 0.130895 0.0740886
1 0.900985 0.295835 0.191716 0.111044
1 0.954284 0.96894 0.0897627 0.0621195
1 0.279211 0.851718 0.1631 0.118467
1 0.36689 0.672267 0.146412 0.145545
1 0.621557 0.14004 0.158451 0.113113
1 0.942482 0.424031 0.114248 0.111407
1 0.542853 0.705285 0.129704 0.141835
1 0.899492 0.0762138 0.150615 0.112028
1 0.925319 0.011384 0.131713 0.0226916
1 0.655073 0.878468 0.225583 0.170638
0 0.784947 0.657346 0.0933602 0.091531
1 0.349042 0.958996 0.114132 0.0816993
1 0.701229 0.862142 0.129624 0.136686
