1 0.740896 0.448159 0.102635 0.105298
1 0.528868 0.391906 0.0957581 0.109774
1 0.445297 0.424595 0.0867018 0.107461
1 0.658458 0.479578 0.104444 0.10708
1 0.810227 0.63263 0.0921713 0.109659
1 0.895404 0.602307 0.0956833 0.115345
1 0.617671 0.145647 0.104189 0.11015
1 0.366005 0.455614 0.0925646 0.108073
1 0.824902 0.418226 0.106705 0.121821
1 0.498322 0.546085 0.100921 0.110275
1 0.688114 0.328158 0.0949633 0.109208
1 0.606696 0.359986 0.0930469 0.109369
1 0.650108 0.69591 0.0856953 0.108559
1 0.482439 0.0564855 0.0941171 0.110671
1 0.578034 0.511033 0.102474 0.107101
1 0.371899 0.239537 0.103716 0.106144
1 0.404772 0.0876278 0.0925419 0.108298
1 0.454197 0.207677 0.10102 0.105727
1 0.945742 0.724536 0.102514 0.115932
1 0.963196 0.57182 0.072449 0.120436
1 0.420544 0.58477 0.108568 0.127467
1 0.537149 0.177714 0.104556 0.114058
0 0.852208 0.109831 0.170789 0.0922256
1 0.86009 0.755863 0.106293 0.107374
1 0.320988 0.117507 0.0884008 0.105639
1 0.339477 0.618678 0.103154 0.130451
1 0.565968 0.0386477 0.089937 0.0760888
1 0.935728 0.934103 0.0929756 0.109727
1 0.735888 0.66275 0.0958046 0.105367
1 0.652034 0.0223143 0.0731444 0.0441122
1 0.573167 0.727914 0.0879233 0.104696
1 0.987531 0.682796 0.0249382 0.0734363
1 0.777329 0.785388 0.0857975 0.104087
