1 0.26161 0.55764 0.160591 0.153057
1 0.805131 0.86431 0.161775 0.087728
1 0.562226 0.472697 0.142406 0.111027
1 0.0579493 0.11118 0.115899 0.1174
1 0.318749 0.476245 0.127092 0.106312
1 0.825081 0.945144 0.135211 0.0828023
1 0.0870709 0.711848 0.17118 0.146712
1 0.607446 0.312487 0.116932 0.102636
1 0.408313 0.214672 0.122584 0.107585
1 0.295655 0.0858181 0.132157 0.125525
1 0.259331 0.184042 0.128182 0.121178
1 0.441348 0.13281 0.13351 0.126186
1 0.884448 0.0545684 0.13919 0.106478
1 0.78512 0.392346 0.154417 0.0952153
1 0.229191 0.265531 0.138825 0.113233
1 0.583812 0.392734 0.128465 0.108759
1 0.177959 0.366068 0.141985 0.135493
1 0.645037 0.239228 0.128342 0.098215
1 0.791554 0.702538 0.110437 0.084524
1 0.69582 0.958263 0.0955061 0.0834732
1 0.697117 0.0751458 0.148142 0.120848
1 0.767295 0.486019 0.184551 0.107887
1 0.214268 0.946888 0.154389 0.105793
1 0.472718 0.7115 0.151322 0.119606
1 0.670401 0.165289 0.136317 0.11028
1 0.858959 0.130131 0.146745 0.10321
1 0.471769 0.0514604 0.15212 0.102347
1 0.970973 0.575963 0.0565813 0.109521
1 0.0639478 0.61864 0.127896 0.116142
0 0.045693 0.535392 0.0912557 0.129392
1 0.535241 0.553587 0.148882 0.105784
1 0.82185 0.216586 0.160647 0.116145
1 0.738226 0.032541 0.141459 0.064762
1 0.181694 0.872031 0.138455 0.112877
1 0.794163 0.304835 0.156076 0.109986
1 0.342759 0.389155 0.122895 0.102887
1 0.972405 0.42426 0.0547667 0.116123
0 0.38628 0.789329 0.187607 0.189541
1 0.979489 0.771609 0.0404062 0.0773051
1 0.369254 0.30195 0.130119 0.114894
1 0.38836 0.788452 0.186634 0.184258
1 0.0259637 0.442472 0.0516321 0.0955861
1 0.796402 0.780792 0.113699 0.0807185
0 0.509383 0.62841 0.143782 0.115575
1 0.326191 0.0240493 0.118022 0.0480312
1 0.985259 0.851157 0.0290382 0.0805988
1 0.916039 0.0160912 0.0865459 0.0321824
1 0.0469338 0.53257 0.0923653 0.127898
1 0.268165 0.984631 0.105288 0.0302044
1 0.108798 0.0734768 0.0703902 0.0811804
1 0.510492 0.629089 0.144546 0.111919
1 0.612884 0.98081 0.086404 0.0381196
1 0.96679 0.670541 0.0660349 0.0795069
1 0.0382188 0.0404055 0.0761939 0.0804969
0 0.323129 0.0214322 0.112608 0.0428645
1 0.828198 0.991973 0.143077 0.0158015
0 0.982077 0.321659 0.0353885 0.0855898
