1 0.451711 0.74029 0.119512 0.132127
1 0.15252 0.394269 0.110622 0.156562
1 0.238053 0.374922 0.12073 0.159336
1 0.345928 0.761306 0.0971023 0.120736
1 0.774761 0.242364 0.206285 0.184351
1 0.16368 0.799529 0.0990919 0.134324
1 0.539963 0.708572 0.130441 0.146034
1 0.626236 0.676139 0.1248 0.144723
1 0.422095 0.510654 0.132553 0.14874
1 0.0611044 0.416077 0.119047 0.157143
1 0.330764 0.0897179 0.129348 0.171307
1 0.704382 0.634334 0.120439 0.140882
1 0.0527108 0.588917 0.104043 0.121581
1 0.582098 0.0886027 0.127298 0.143607
1 0.335199 0.52725 0.108559 0.122409
1 0.415146 0.33172 0.111583 0.159759
1 0.0747426 0.81792 0.102346 0.137391
1 0.323954 0.341552 0.100019 0.12602
1 0.697697 0.160956 0.162996 0.147638
0 0.432828 0.0716109 0.123191 0.14271
1 0.258103 0.781391 0.104637 0.129471
1 0.145726 0.565679 0.10862 0.125813
1 0.241977 0.551782 0.0963684 0.104888
0 0.519689 0.308317 0.142813 0.160644
1 0.518225 0.472377 0.124818 0.152829
0 0.239162 0.0948015 0.118928 0.177508
1 0.101947 0.185337 0.202443 0.148129
0 0.944863 0.852501 0.10985 0.127201
1 0.79102 0.350363 0.17644 0.167097
1 0.724818 0.959198 0.139968 0.0808692
0 0.82772 0.86752 0.135503 0.127853
0 0.10527 0.181396 0.205966 0.148432
1 0.602168 0.443866 0.123836 0.174762
0 0.602202 0.443618 0.126114 0.176762
1 0.115989 0.0671839 0.141568 0.131544
0 0.0143578 0.427661 0.0285511 0.120956
1 0.519681 0.310986 0.14141 0.162101
