1 0.696936 0.747182 0.144664 0.141329
1 0.834073 0.219724 0.15925 0.179876
1 0.748415 0.457921 0.157923 0.14689
0 0.315753 0.413386 0.184543 0.18077
1 0.0462105 0.966038 0.092421 0.0677588
1 0.971302 0.412942 0.0567975 0.109224
1 0.482355 0.611002 0.128087 0.144213
0 0.461443 0.113247 0.137498 0.126566
0 0.495715 0.861821 0.119163 0.127476
1 0.970719 0.0969952 0.0580523 0.141122
0 0.438415 0.93249 0.178412 0.134663
1 0.153477 0.558351 0.182452 0.215694
1 0.735557 0.311837 0.0704412 0.0664421
1 0.947442 0.849785 0.104269 0.126446
0 0.872117 0.0182564 0.101942 0.0363631
0 0.443463 0.799634 0.0748304 0.0729729
0 0.0203557 0.57698 0.0402011 0.0820855
0 0.0720011 0.775938 0.113809 0.108722
1 0.0720435 0.776652 0.111051 0.105184
