1 0.814094 0.614456 0.121212 0.133429
2 0.227715 0.348209 0.182252 0.3103
1 0.329949 0.929198 0.109618 0.103552
1 0.0593805 0.642946 0.106234 0.12742
0 0.720545 0.212698 0.115854 0.135112
2 0.0447745 0.285154 0.0888259 0.157808
1 0.377402 0.763286 0.124661 0.166641
0 0.917308 0.0520936 0.107174 0.102971
1 0.49446 0.956336 0.111104 0.0862637
0 0.779637 0.856394 0.0929571 0.119001
1 0.250324 0.897134 0.107509 0.130862
0 0.699814 0.833978 0.117561 0.131836
1 0.438192 0.501686 0.120341 0.139888
1 0.159089 0.885844 0.138598 0.187392
1 0.727444 0.584412 0.104832 0.12135
0 0.849691 0.487347 0.109433 0.12143
1 0.297052 0.715916 0.0957047 0.108446
0 0.951902 0.514156 0.0961963 0.130176
1 0.662324 0.965279 0.10697 0.0690615
1 0.634251 0.549872 0.11735 0.133011
0 0.908256 0.241155 0.119042 0.121347
1 0.859395 0.882056 0.108089 0.135851
1 0.141645 0.670705 0.104026 0.137287
1 0.408053 0.943447 0.104663 0.111757
1 0.898816 0.639994 0.107269 0.123741
0 0.966295 0.654542 0.0665743 0.149879
1 0.611398 0.81993 0.108229 0.161551
1 0.778786 0.852918 0.0967305 0.117566
0 0.635331 0.549576 0.117634 0.135101
0 0.466483 0.762871 0.0828771 0.0961213
0 0.297926 0.715889 0.0961488 0.106994
0 0.53547 0.53536 0.109109 0.113182
1 0.536077 0.534018 0.110244 0.115974
1 0.976232 0.042461 0.0470405 0.0844614
1 0.908503 0.242448 0.121633 0.121898
0 0.551411 0.774695 0.111126 0.131921
0 0.974087 0.266712 0.0511577 0.105941
1 0.973975 0.265695 0.0515423 0.107922
1 0.952146 0.513085 0.0943375 0.125126
1 0.966358 0.660452 0.0662856 0.135966
0 0.976151 0.0422263 0.0472462 0.0844527
0 0.531183 0.146306 0.125333 0.151555
0 0.859196 0.881504 0.106263 0.133677
1 0.530694 0.135312 0.119975 0.169047
0 0.578978 0.96573 0.0788618 0.0681611
1 0.98948 0.888132 0.0209038 0.0865121
