1 0.931258 0.594242 0.123411 0.123636
1 0.798312 0.377284 0.165852 0.165105
1 0.354393 0.235711 0.140662 0.104776
1 0.508271 0.290735 0.14155 0.0991677
1 0.0636259 0.214957 0.126185 0.104226
1 0.73025 0.173459 0.144165 0.100304
1 0.383382 0.403895 0.133443 0.0856251
1 0.130763 0.642706 0.136796 0.097167
1 0.0716638 0.301919 0.139564 0.0975238
1 0.0878372 0.385273 0.144685 0.0971056
1 0.413315 0.575485 0.143247 0.103626
1 0.715241 0.0883769 0.143674 0.097731
1 0.0520641 0.918306 0.104128 0.0895216
1 0.733039 0.262692 0.121487 0.0926146
1 0.571557 0.639411 0.141383 0.145244
1 0.470436 0.925818 0.133539 0.124622
1 0.528298 0.387074 0.147997 0.119586
1 0.166542 0.724977 0.141753 0.0980282
1 0.184905 0.895396 0.157066 0.102249
1 0.119434 0.461471 0.0976906 0.0887387
1 0.902343 0.178182 0.121202 0.106514
1 0.7763 0.807202 0.130528 0.130474
1 0.575732 0.477706 0.158287 0.143001
1 0.400295 0.486867 0.150123 0.102992
1 0.419138 0.656908 0.115854 0.0921041
1 0.438863 0.740318 0.121927 0.0996001
1 0.120108 0.553825 0.1297 0.095089
1 0.191683 0.803309 0.125468 0.0953511
1 0.0507979 0.0510674 0.101596 0.0956862
1 0.502262 0.207224 0.128935 0.0940363
1 0.86815 0.078809 0.12824 0.113325
1 0.0595932 0.128754 0.118516 0.0910481
1 0.624243 0.944287 0.11739 0.101411
1 0.47229 0.0416051 0.140831 0.0811601
1 0.363731 0.322705 0.109128 0.0960081
1 0.0478643 0.83338 0.0954346 0.103602
1 0.96278 0.526823 0.0737445 0.095094
0 0.625728 0.569826 0.122323 0.10937
1 0.828836 0.738664 0.127759 0.124224
1 0.199223 0.967025 0.11774 0.0651891
1 0.966946 0.442685 0.0649408 0.0910656
1 0.489014 0.116995 0.124135 0.0783972
1 0.0548351 0.977261 0.10967 0.0452096
1 0.706449 0.0246016 0.123226 0.0489262
1 0.867817 0.268733 0.103088 0.0970971
1 0.0250405 0.578232 0.0496396 0.0865021
1 0.715469 0.880306 0.111571 0.116071
1 0.330359 0.0673343 0.154044 0.0965828
1 0.653521 0.844722 0.0784299 0.0824559
1 0.0371078 0.746756 0.0731798 0.0846629
1 0.618932 0.570348 0.134449 0.105528
1 0.864936 0.666616 0.0754416 0.0813634
1 0.878089 0.0165228 0.094118 0.0326906
1 0.0310333 0.666387 0.0618076 0.0948901
1 0.34063 0.145709 0.153041 0.104943
1 0.312504 0.0136291 0.115821 0.0272582
1 0.476744 0.99164 0.116628 0.0164156
