1 0.883021 0.297958 0.145099 0.123485
1 0.835106 0.602498 0.170529 0.189478
1 0.912422 0.784193 0.168391 0.15704
1 0.606932 0.510786 0.171638 0.131622
1 0.204301 0.858179 0.199254 0.224791
1 0.643216 0.387025 0.165977 0.119171
1 0.559472 0.600777 0.157388 0.163371
1 0.569469 0.896389 0.184405 0.181069
1 0.770034 0.746979 0.187279 0.172926
1 0.883938 0.430415 0.145484 0.14825
1 0.316174 0.79179 0.15875 0.152262
1 0.615253 0.0382001 0.170103 0.0763559
1 0.617109 0.131962 0.171148 0.109346
1 0.882678 0.0355271 0.137156 0.0704962
1 0.425552 0.96691 0.0939938 0.0661798
1 0.67544 0.956145 0.159775 0.0848955
1 0.838385 0.870633 0.175938 0.160022
1 0.889143 0.150443 0.1334 0.111156
1 0.100128 0.92927 0.191384 0.141328
1 0.629239 0.270585 0.113877 0.0946162
1 0.0377561 0.959487 0.0740463 0.0806894
1 0.952934 0.651119 0.0937904 0.143645
1 0.988955 0.297122 0.0219126 0.0849401
