1 0.672653 0.917921 0.123673 0.155031
2 0.212787 0.0499508 0.135172 0.0989636
2 0.291877 0.72009 0.12822 0.306707
0 0.970029 0.913723 0.059067 0.150075
0 0.976407 0.0753194 0.046833 0.150639
1 0.828967 0.91849 0.105436 0.151319
1 0.400506 0.314613 0.118778 0.0732203
1 0.307662 0.0512757 0.0830352 0.102551
1 0.54407 0.9599 0.116891 0.0796218
1 0.927315 0.302043 0.1037 0.106264
2 0.401642 0.279752 0.162103 0.260865
3 0.749261 0.446761 0.128341 0.190977
3 0.087964 0.0382816 0.117122 0.0765631
0 0.0891274 0.0385994 0.120893 0.0758488
1 0.213458 0.0502045 0.135158 0.0991756
2 0.0523279 0.437203 0.103611 0.11314
0 0.928284 0.300589 0.101953 0.105461
2 0.827604 0.91819 0.108703 0.157576
0 0.659822 0.463414 0.0805988 0.105798
3 0.915914 0.446898 0.108066 0.192308
3 0.536658 0.399507 0.0933364 0.15998
