1 0.67998 0.642796 0.215573 0.132102
1 0.586024 0.327302 0.131826 0.0956922
1 0.571904 0.243466 0.143098 0.107602
2 0.0423097 0.0873622 0.0836829 0.173593
1 0.629942 0.493971 0.135956 0.101154
1 0.0757252 0.895017 0.134333 0.135145
1 0.242347 0.064936 0.117047 0.128561
1 0.215319 0.480665 0.0693928 0.1036
1 0.251519 0.307656 0.105106 0.134993
1 0.765126 0.97266 0.156623 0.0545828
1 0.426306 0.829971 0.0876321 0.119984
1 0.05388 0.342741 0.0842492 0.120792
1 0.158677 0.338197 0.135388 0.135431
1 0.379899 0.290311 0.0768689 0.110867
1 0.299759 0.851268 0.0809338 0.108184
1 0.279111 0.472819 0.0727688 0.102889
1 0.121698 0.49594 0.150384 0.154008
1 0.493972 0.821708 0.0895612 0.140092
1 0.0460518 0.741637 0.0917602 0.136546
1 0.694419 0.752706 0.0856602 0.1201
1 0.329587 0.686364 0.0912555 0.116718
1 0.756701 0.708813 0.0916741 0.0740516
0 0.606628 0.41195 0.135737 0.102058
1 0.36296 0.838058 0.0785493 0.101999
1 0.257009 0.699851 0.0861854 0.144705
1 0.629598 0.969751 0.101717 0.0599186
1 0.119326 0.732781 0.094634 0.133924
1 0.0244702 0.510771 0.0486415 0.116168
1 0.178038 0.876243 0.0817823 0.132273
1 0.486379 0.0524387 0.17291 0.104009
1 0.606228 0.41043 0.130946 0.105896
1 0.559155 0.786178 0.0925959 0.139385
1 0.658795 0.572328 0.154459 0.100229
1 0.402847 0.448202 0.09171 0.114295
1 0.389978 0.676268 0.074337 0.132767
1 0.236459 0.855278 0.0807394 0.100336
0 0.325305 0.0607867 0.0889943 0.121573
1 0.336963 0.459862 0.0862327 0.110788
1 0.186237 0.715051 0.095564 0.123189
1 0.00946614 0.36451 0.018698 0.10644
0 0.449869 0.660174 0.0986576 0.117751
