1 0.540607 0.126717 0.11733 0.061205
1 0.812423 0.0396582 0.140164 0.0632064
1 0.458568 0.499824 0.0960282 0.0895229
1 0.57055 0.400337 0.151646 0.119454
1 0.510193 0.449008 0.11216 0.0903143
2 0.0693806 0.158816 0.138029 0.317631
1 0.449097 0.271504 0.11128 0.0677504
1 0.789273 0.115205 0.172551 0.105893
1 0.368661 0.420627 0.135077 0.0619087
2 0.323719 0.193009 0.327325 0.382709
1 0.747623 0.185789 0.117143 0.0586062
1 0.712129 0.28959 0.123814 0.0687298
0 0.480142 0.228815 0.117895 0.0631436
1 0.511659 0.176353 0.124395 0.06247
1 0.392377 0.376584 0.118998 0.0611826
0 0.661616 0.336794 0.1424 0.0645623
