1 0.351441 0.307362 0.136481 0.0924055
1 0.568617 0.118796 0.138848 0.0928256
1 0.200833 0.399429 0.125796 0.0885084
1 0.70839 0.299429 0.146917 0.0950151
1 0.71686 0.393764 0.142186 0.0899357
1 0.212352 0.875053 0.121507 0.111996
1 0.209888 0.679386 0.125535 0.0903289
1 0.206 0.30496 0.132982 0.092911
1 0.198274 0.213625 0.112205 0.0845702
1 0.930957 0.204316 0.138086 0.0899193
1 0.937499 0.483239 0.122267 0.0958587
1 0.741652 0.90724 0.154293 0.148753
1 0.204785 0.584603 0.152631 0.0947728
1 0.575276 0.578226 0.122046 0.0841336
1 0.932498 0.579746 0.135003 0.0915143
1 0.209509 0.772073 0.120688 0.0931027
1 0.569698 0.208934 0.120795 0.0879124
1 0.19906 0.490699 0.131693 0.0860514
1 0.931543 0.388199 0.129026 0.0877311
1 0.345578 0.120876 0.138056 0.0962308
1 0.595061 0.885961 0.142444 0.109166
1 0.358756 0.769393 0.146732 0.10109
1 0.707423 0.111288 0.136492 0.10236
1 0.567691 0.489041 0.112493 0.0890442
1 0.362986 0.585323 0.140831 0.0922801
1 0.230971 0.953724 0.153169 0.0925519
1 0.572954 0.667906 0.125989 0.0879754
1 0.7101 0.578145 0.125133 0.0910478
1 0.57133 0.388806 0.128146 0.100258
1 0.375142 0.874084 0.156943 0.11274
1 0.929147 0.295932 0.138645 0.09031
1 0.353503 0.489319 0.147916 0.0903184
1 0.35124 0.673625 0.136131 0.0800972
0 0.567896 0.767688 0.143216 0.0969779
1 0.56927 0.298519 0.121822 0.0783421
1 0.344802 0.212319 0.140064 0.0873631
1 0.36038 0.39497 0.144957 0.0856829
1 0.933362 0.666958 0.126958 0.083403
1 0.716905 0.673391 0.130935 0.0921868
1 0.930914 0.100579 0.134245 0.105778
1 0.71129 0.486968 0.128472 0.0851389
1 0.197159 0.120613 0.112821 0.0884309
1 0.621351 0.95485 0.145999 0.0891123
1 0.708707 0.206163 0.129957 0.0873014
1 0.944619 0.764266 0.110761 0.0947781
1 0.7217 0.776674 0.165287 0.115099
1 0.390074 0.953282 0.187937 0.0929945
1 0.0153016 0.493032 0.0303945 0.0895873
1 0.963794 0.97727 0.0719535 0.0454605
1 0.0283927 0.890743 0.0567258 0.0916555
1 0.0297568 0.96631 0.0592368 0.0672348
1 0.00980222 0.680348 0.0192212 0.0858934
