0 0.305977 0.441463 0.145053 0.070765
0 0.789993 0.0927048 0.0561619 0.107034
1 0.665441 0.282628 0.0680799 0.108014
0 0.952168 0.0618379 0.0674963 0.0815535
0 0.97298 0.947805 0.0519068 0.0764414
3 0.0679541 0.555248 0.13425 0.305379
1 0.779415 0.290084 0.0954874 0.164456
0 0.881752 0.277565 0.0734189 0.0810894
2 0.0683782 0.553071 0.136756 0.305171
1 0.35687 0.624374 0.197104 0.0805448
0 0.438031 0.27814 0.0700221 0.090595
1 0.978336 0.235932 0.0429741 0.0823773
0 0.321121 0.337526 0.162787 0.0980968
1 0.584002 0.514518 0.0894291 0.0823222
0 0.289699 0.258391 0.153357 0.0888616
1 0.583976 0.121705 0.0538012 0.0946125
0 0.340089 0.708354 0.099844 0.0836713
1 0.54454 0.292308 0.0659039 0.0961229
0 0.853324 0.0949898 0.0697584 0.11195
0 0.720962 0.0972314 0.0872476 0.10068
1 0.854906 0.0931491 0.0706233 0.111481
1 0.360153 0.140356 0.0993511 0.0750245
1 0.869224 0.40581 0.0684763 0.0593812
1 0.882934 0.277924 0.0735013 0.0841789
1 0.472341 0.38072 0.0895466 0.0782472
0 0.634214 0.020593 0.0702989 0.0408657
0 0.460245 0.290412 0.096071 0.0893393
1 0.298659 0.497539 0.117234 0.0361681
0 0.50749 0.0385537 0.0593491 0.0740859
1 0.319184 0.341888 0.168346 0.102187
3 0.700594 0.613403 0.593833 0.768618
1 0.992729 0.349564 0.0143809 0.0730306
