1 0.243565 0.370432 0.137112 0.123816
1 0.725157 0.330555 0.141735 0.131305
1 0.125367 0.85213 0.144776 0.138443
1 0.894746 0.529744 0.160864 0.157665
1 0.138634 0.0590448 0.133509 0.11758
1 0.414435 0.567637 0.156421 0.139256
1 0.190612 0.91917 0.138551 0.132608
1 0.255944 0.235816 0.134474 0.136334
1 0.31903 0.182338 0.114388 0.11861
1 0.660057 0.266215 0.144514 0.136916
1 0.515224 0.708611 0.16098 0.151094
1 0.89083 0.832112 0.121256 0.114877
1 0.650633 0.586356 0.139618 0.120649
1 0.774042 0.407546 0.147718 0.140092
1 0.593724 0.526651 0.134238 0.123989
1 0.442134 0.321803 0.134488 0.120425
1 0.0748406 0.777182 0.145281 0.134919
1 0.0770181 0.110789 0.122902 0.126229
1 0.158425 0.617872 0.144509 0.133642
1 0.287911 0.447669 0.122021 0.113666
1 0.566029 0.7693 0.134036 0.124022
1 0.416182 0.937314 0.139754 0.121621
1 0.186516 0.285614 0.138566 0.137662
1 0.362134 0.888014 0.162049 0.155176
1 0.211948 0.677934 0.139047 0.137238
1 0.689813 0.90983 0.136756 0.12654
1 0.527578 0.474758 0.151785 0.131544
1 0.819818 0.481651 0.126572 0.11849
1 0.348947 0.509511 0.136513 0.119958
1 0.114602 0.538893 0.134405 0.118274
1 0.719246 0.645849 0.119641 0.111159
1 0.901664 0.299924 0.148988 0.140662
0 0.474349 0.408435 0.150573 0.1494
1 0.319329 0.800161 0.145487 0.123935
1 0.832835 0.776815 0.11591 0.10254
1 0.936253 0.923983 0.126958 0.15011
1 0.372661 0.275802 0.145959 0.146436
1 0.458073 0.635195 0.159166 0.15143
1 0.77094 0.944728 0.144134 0.110543
1 0.207998 0.0355745 0.110086 0.071149
1 0.752824 0.192814 0.0902147 0.102541
1 0.0384534 0.397294 0.0761501 0.133509
1 0.939287 0.605044 0.121424 0.130628
1 0.270025 0.737442 0.129134 0.116201
1 0.490595 0.961785 0.131818 0.0759594
1 0.973698 0.675313 0.0521708 0.0940771
1 0.688179 0.0493123 0.143088 0.0981549
1 0.810219 0.153944 0.11644 0.108004
1 0.607796 0.203327 0.155899 0.114659
1 0.565362 0.134038 0.140365 0.111297
1 0.484951 0.0506257 0.112251 0.0970746
1 0.0652345 0.472965 0.101131 0.108933
1 0.871132 0.214855 0.0919645 0.0984335
1 0.834367 0.896703 0.0843828 0.0845954
1 0.0290569 0.713451 0.0576883 0.0872908
1 0.708129 0.12001 0.0706775 0.0797837
0 0.957178 0.355488 0.0850058 0.108056
1 0.744412 0.73029 0.152135 0.152001
1 0.874989 0.976514 0.0962708 0.0468889
1 0.226493 0.972737 0.10981 0.0542738
1 0.987698 0.41977 0.0241904 0.047555
1 0.565771 0.0342915 0.125289 0.0685829
1 0.585133 0.0194658 0.0748757 0.0387965
1 0.629008 0.846669 0.154046 0.152872
1 0.922903 0.398496 0.103567 0.0997876
1 0.325349 0.984266 0.0602074 0.0314689
1 0.75622 0.0888954 0.120405 0.111474
