1 0.859727 0.919684 0.131783 0.132075
1 0.528809 0.759629 0.156388 0.176053
1 0.863252 0.49192 0.14269 0.148627
0 0.723826 0.965864 0.0960927 0.0681119
1 0.916596 0.716092 0.125646 0.123874
1 0.935906 0.43386 0.125837 0.149914
1 0.554975 0.976833 0.0836341 0.0461383
1 0.796681 0.826451 0.131106 0.134954
1 0.431955 0.843605 0.16818 0.163824
1 0.611318 0.9601 0.0973911 0.0794315
1 0.814569 0.544175 0.11382 0.122716
1 0.644875 0.661694 0.167488 0.172435
1 0.671428 0.81427 0.0735414 0.0764867
1 0.410303 0.951266 0.0947292 0.0944159
2 0.740129 0.598034 0.169498 0.16773
2 0.644969 0.660375 0.168773 0.171756
1 0.737903 0.598204 0.166969 0.168396
1 0.987454 0.594294 0.0246952 0.0581332
