0 0.371121 0.105133 0.0894575 0.100781
1 0.559008 0.370882 0.0923574 0.104162
1 0.436784 0.276426 0.0859743 0.105113
1 0.586707 0.0981817 0.122509 0.134379
1 0.343916 0.363055 0.0805091 0.0964879
0 0.235354 0.246352 0.109212 0.0924491
0 0.497404 0.190771 0.100841 0.102818
1 0.0768811 0.446205 0.098757 0.103037
1 0.736102 0.157078 0.086742 0.104526
0 0.939724 0.136249 0.074756 0.0921902
1 0.2223 0.564283 0.0828213 0.106196
0 0.150594 0.288194 0.0868657 0.0941591
1 0.151432 0.287265 0.088465 0.0943818
