1 0.62701 0.349398 0.153667 0.112813
1 0.898273 0.624954 0.172614 0.153287
1 0.390261 0.16659 0.14585 0.108909
1 0.775609 0.743977 0.144136 0.142626
1 0.113073 0.635829 0.173112 0.18138
0 0.896926 0.0359016 0.154479 0.0716197
1 0.350381 0.43466 0.155166 0.131767
1 0.385825 0.702215 0.125289 0.157674
0 0.145095 0.0335218 0.105022 0.0668538
1 0.617086 0.477781 0.146909 0.107848
1 0.813343 0.872977 0.096431 0.0631986
1 0.885419 0.493779 0.140806 0.110579
1 0.635097 0.0988582 0.132623 0.107628
0 0.263317 0.665914 0.127312 0.155578
1 0.870275 0.145611 0.134116 0.11399
1 0.619087 0.224447 0.146303 0.100573
1 0.393518 0.0476035 0.119084 0.0952071
1 0.884604 0.370333 0.147842 0.109854
1 0.376837 0.295293 0.195644 0.124546
1 0.115039 0.251113 0.177978 0.110167
1 0.707139 0.84847 0.0790547 0.0814533
1 0.0750247 0.384111 0.136149 0.131314
1 0.621972 0.0213539 0.13926 0.0423424
1 0.139452 0.136428 0.159766 0.115538
0 0.519287 0.721343 0.123841 0.143092
1 0.518219 0.716108 0.132166 0.155822
1 0.161111 0.743253 0.0699225 0.0675366
0 0.140061 0.138849 0.166304 0.116358
