1 0.908153 0.284359 0.183694 0.192155
1 0.542218 0.725181 0.157937 0.144374
1 0.59925 0.184247 0.155352 0.149782
1 0.475724 0.578449 0.172587 0.201364
1 0.793198 0.354779 0.154949 0.141532
1 0.668312 0.447444 0.169157 0.15281
1 0.741019 0.825262 0.132509 0.151556
1 0.833198 0.858414 0.136429 0.169449
1 0.339524 0.318184 0.150613 0.153737
1 0.744187 0.50141 0.140692 0.117943
1 0.28013 0.629876 0.117939 0.123008
1 0.133177 0.696416 0.125131 0.149382
1 0.684759 0.0870171 0.169211 0.156054
1 0.464971 0.256932 0.193281 0.188806
1 0.378376 0.054626 0.167566 0.108932
0 0.92604 0.899536 0.130589 0.134144
1 0.261392 0.0985279 0.191725 0.186139
1 0.64763 0.767402 0.121776 0.115236
1 0.36799 0.62288 0.118954 0.123278
1 0.976731 0.402182 0.0460684 0.0839767
1 0.931923 0.480608 0.134779 0.126121
1 0.021085 0.456838 0.0421701 0.109278
1 0.197532 0.369097 0.168307 0.116862
1 0.22509 0.424532 0.139813 0.104465
1 0.923998 0.617185 0.151508 0.152328
1 0.294011 0.720829 0.134558 0.10241
1 0.977311 0.227276 0.0444465 0.0854313
1 0.774902 0.0404341 0.125254 0.0800526
0 0.453822 0.254896 0.215044 0.186603
1 0.233565 0.85226 0.0677463 0.0899411
0 0.0169598 0.358985 0.0335773 0.0910417
0 0.974773 0.931377 0.0501587 0.136044
1 0.501892 0.0216781 0.0907228 0.0433543
