1 0.647792 0.29325 0.120017 0.126632
1 0.45343 0.415337 0.128363 0.141509
1 0.540109 0.113221 0.0882871 0.0875687
1 0.542429 0.494163 0.137164 0.134155
1 0.593679 0.582013 0.0695019 0.0741546
1 0.751189 0.655883 0.120708 0.119884
1 0.278694 0.351188 0.12086 0.169471
0 0.450882 0.64439 0.134903 0.147398
1 0.798674 0.160559 0.105952 0.124478
1 0.437828 0.0553919 0.12214 0.10979
1 0.290731 0.0343439 0.150332 0.0681887
1 0.798416 0.72914 0.102018 0.0968549
1 0.556847 0.197234 0.159468 0.151835
0 0.0399434 0.195328 0.0787303 0.135922
1 0.0442534 0.195508 0.0885067 0.135276
0 0.47596 0.791848 0.146551 0.157538
3 0.475474 0.790347 0.145238 0.158216
