1 0.692312 0.25033 0.137308 0.151415
1 0.911624 0.0869678 0.149203 0.157453
1 0.720715 0.442827 0.161485 0.166934
1 0.0972277 0.413384 0.143512 0.140939
0 0.269853 0.766697 0.148513 0.150888
1 0.90088 0.575229 0.150665 0.135757
1 0.559093 0.874538 0.146281 0.160241
1 0.167968 0.639265 0.132334 0.139628
1 0.490669 0.927695 0.137257 0.144327
1 0.296614 0.521477 0.131037 0.142117
1 0.213632 0.83298 0.136768 0.146163
1 0.139553 0.886331 0.144284 0.153243
0 0.837838 0.637207 0.0793117 0.0855308
1 0.407714 0.661431 0.141547 0.154785
1 0.614467 0.311112 0.131765 0.140017
1 0.879676 0.348408 0.15378 0.163213
1 0.708093 0.749072 0.141126 0.154341
1 0.419663 0.0611253 0.152595 0.121688
1 0.811984 0.405518 0.139066 0.133787
1 0.0422516 0.0733447 0.0839995 0.119409
1 0.766184 0.193949 0.137434 0.145793
1 0.240516 0.59499 0.146581 0.158762
1 0.176212 0.363338 0.135132 0.13022
1 0.0607174 0.169499 0.121435 0.121993
1 0.841675 0.135475 0.141312 0.145272
1 0.482305 0.439485 0.153355 0.175491
1 0.405468 0.950073 0.129268 0.0993074
1 0.551628 0.368394 0.165639 0.179979
1 0.651741 0.515457 0.156307 0.171669
1 0.578641 0.570895 0.119209 0.134887
1 0.342842 0.719848 0.148873 0.157664
1 0.769029 0.691359 0.11242 0.125008
1 0.0802929 0.262982 0.160586 0.137212
1 0.0403333 0.465808 0.0802644 0.129268
1 0.098565 0.684422 0.133027 0.12607
1 0.632404 0.967898 0.143826 0.0639154
1 0.0529932 0.74176 0.10597 0.162699
1 0.349829 0.586348 0.100172 0.0912838
1 0.0677212 0.929724 0.133918 0.128624
1 0.461181 0.141212 0.122696 0.112997
1 0.935558 0.280201 0.128885 0.138747
1 0.349925 0.234618 0.163068 0.157136
1 0.334827 0.980395 0.0852304 0.0388976
1 0.633597 0.0309872 0.124477 0.0616823
1 0.962074 0.04544 0.0749826 0.0904621
1 0.303297 0.142944 0.15562 0.125625
1 0.260897 0.0656051 0.152663 0.123702
0 0.302747 0.143789 0.155579 0.12504
0 0.26081 0.0656492 0.150595 0.124096
1 0.966715 0.524402 0.065961 0.127502
1 0.975122 0.215029 0.0491259 0.116963
1 0.00939552 0.791291 0.0185241 0.0620508
