0 0.287192 0.539162 0.134178 0.132903
1 0.283567 0.744279 0.0923116 0.125925
1 0.677797 0.39019 0.14398 0.139272
1 0.0709468 0.271855 0.141698 0.137404
1 0.860851 0.632332 0.10855 0.117301
1 0.516228 0.712306 0.12022 0.086848
1 0.76695 0.0800827 0.144852 0.144758
1 0.631864 0.140623 0.17317 0.162566
1 0.396568 0.195432 0.161282 0.150942
1 0.47655 0.53469 0.147538 0.0934028
1 0.354732 0.0506378 0.134733 0.100101
1 0.885372 0.0350664 0.0953815 0.0691501
1 0.130168 0.792335 0.225088 0.200083
1 0.71217 0.582626 0.132027 0.11266
1 0.839395 0.348194 0.146966 0.139426
1 0.815903 0.22696 0.138143 0.134097
1 0.454826 0.436236 0.137472 0.0900989
1 0.647925 0.2754 0.158617 0.126832
1 0.695805 0.493659 0.135141 0.107847
1 0.792477 0.883298 0.119807 0.139921
1 0.549376 0.932159 0.126069 0.134927
1 0.378922 0.7291 0.0963279 0.137904
1 0.500899 0.618513 0.156303 0.0913279
1 0.252194 0.966276 0.117596 0.0674484
1 0.953113 0.606523 0.0936954 0.119958
1 0.439956 0.308029 0.174734 0.0937464
1 0.449329 0.946334 0.11425 0.106284
0 0.879101 0.866248 0.0933456 0.138416
1 0.965543 0.0429613 0.0685499 0.085738
1 0.950494 0.849767 0.098662 0.151065
1 0.626766 0.0365093 0.139275 0.0726753
1 0.355977 0.954193 0.120547 0.0907073
0 0.955658 0.432175 0.0884699 0.143484
1 0.171235 0.382627 0.0640134 0.0624541
1 0.453319 0.0165597 0.102804 0.0331195
1 0.166972 0.767817 0.146603 0.148976
1 0.140781 0.541092 0.153349 0.20065
1 0.729618 0.670783 0.121872 0.0849931
2 0.142667 0.54029 0.154412 0.197433
1 0.314948 0.370459 0.0611376 0.0628526
1 0.150673 0.979507 0.123285 0.0407088
0 0.0371168 0.362284 0.0735971 0.0977107
1 0.956105 0.4322 0.0875344 0.143763
1 0.0495212 0.838183 0.0911929 0.126195
