2 0.0511461 0.565838 0.100431 0.199548
1 0.593366 0.33879 0.130873 0.084918
1 0.18043 0.934703 0.142833 0.0882745
1 0.446107 0.337394 0.143062 0.077794
1 0.199201 0.413736 0.106884 0.0793436
1 0.601282 0.584 0.118468 0.0859588
1 0.434941 0.755633 0.142064 0.0904741
1 0.585846 0.933076 0.136516 0.0904722
1 0.839697 0.67225 0.120791 0.092242
1 0.60138 0.153385 0.140693 0.092689
1 0.849145 0.407759 0.14066 0.0900673
1 0.959626 0.0333194 0.0799155 0.0666389
1 0.194266 0.848548 0.16312 0.0858955
1 0.590161 0.847328 0.14769 0.0803435
1 0.409766 0.666638 0.0957389 0.0815382
1 0.82654 0.222179 0.0893588 0.0840047
1 0.441789 0.243753 0.124539 0.0946032
1 0.846984 0.047417 0.132484 0.0933181
1 0.188394 0.752993 0.159645 0.0883899
1 0.601298 0.66381 0.118027 0.0969863
1 0.432086 0.845304 0.131831 0.0864053
1 0.4364 0.502169 0.12925 0.0863015
1 0.602586 0.0630464 0.138749 0.0885323
1 0.445876 0.0638749 0.136656 0.0931417
1 0.967247 0.495588 0.0651095 0.0792505
1 0.445553 0.421479 0.140801 0.081013
1 0.19281 0.578065 0.121505 0.078141
1 0.600329 0.762059 0.139302 0.0982642
1 0.595734 0.422055 0.145563 0.0812392
1 0.195848 0.327938 0.129185 0.0818434
1 0.829225 0.941099 0.102702 0.0852113
1 0.84335 0.768733 0.138584 0.0924274
1 0.971439 0.314348 0.0569694 0.0830364
1 0.833194 0.135453 0.101599 0.0791595
1 0.428885 0.14811 0.120516 0.0852461
1 0.962819 0.763199 0.0739055 0.08356
1 0.186492 0.663909 0.133391 0.0870624
0 0.197825 0.0548897 0.135331 0.0826743
1 0.970517 0.398808 0.0587971 0.0759003
1 0.0515541 0.753542 0.102413 0.16794
1 0.96899 0.580881 0.061244 0.0858123
2 0.0565609 0.368798 0.111687 0.16888
1 0.193615 0.496982 0.114576 0.0848382
1 0.422405 0.580562 0.110583 0.0887213
1 0.608469 0.239015 0.112707 0.0801148
1 0.852706 0.313695 0.145869 0.0868732
0 0.430938 0.929989 0.140488 0.0802853
1 0.447719 0.009338 0.144603 0.0185317
1 0.850553 0.574535 0.141365 0.103266
1 0.597636 0.499828 0.124432 0.0691553
1 0.979999 0.939445 0.039685 0.0714841
1 0.0526681 0.935488 0.103867 0.127762
1 0.984707 0.683591 0.0301549 0.067777
1 0.18559 0.143827 0.135518 0.0903533
1 0.184051 0.239333 0.145959 0.0901393
1 0.433117 0.935386 0.13922 0.0750442
1 0.401014 0.991772 0.0675313 0.016216
1 0.438567 0.991719 0.149071 0.0163119
1 0.0556755 0.369578 0.110348 0.171895
2 0.0316021 0.162881 0.0625223 0.168728
0 0.18534 0.240294 0.149049 0.0880343
1 0.83004 0.295285 0.0947692 0.0505911
1 0.822616 0.859891 0.10297 0.0788939
1 0.963398 0.172058 0.0725839 0.15464
1 0.969142 0.85399 0.0613728 0.0785067
