1 0.690694 0.355866 0.157033 0.139248
1 0.593549 0.506812 0.164336 0.152882
1 0.790782 0.203674 0.14051 0.124478
1 0.568646 0.590966 0.144498 0.130729
1 0.842452 0.119718 0.138393 0.143411
1 0.395192 0.915546 0.143296 0.129994
1 0.244213 0.733017 0.164039 0.142967
1 0.446009 0.82158 0.147437 0.133795
1 0.903972 0.845036 0.142028 0.138523
1 0.948485 0.381606 0.10303 0.136891
1 0.655321 0.066831 0.125772 0.129846
1 0.658523 0.437053 0.136808 0.128927
1 0.152049 0.895319 0.166437 0.147877
1 0.467141 0.350935 0.162872 0.149564
1 0.559643 0.200722 0.150497 0.141127
1 0.211729 0.820985 0.183523 0.138941
1 0.508401 0.663705 0.164183 0.144296
1 0.730309 0.762606 0.130921 0.13
1 0.333645 0.581469 0.181526 0.146215
1 0.860588 0.611455 0.171161 0.142051
1 0.416525 0.423951 0.178145 0.147475
1 0.275901 0.6538 0.149228 0.133043
1 0.7095 0.0334447 0.119057 0.0668894
1 0.732481 0.274859 0.16682 0.143688
1 0.368867 0.5054 0.165431 0.139828
1 0.919603 0.452905 0.135644 0.12063
1 0.502111 0.274192 0.14137 0.1348
1 0.898499 0.539207 0.182697 0.15203
1 0.950213 0.915308 0.0973678 0.136487
1 0.613721 0.938749 0.148419 0.121519
1 0.817479 0.797834 0.135453 0.135464
1 0.612116 0.138632 0.138114 0.141326
1 0.345182 0.971739 0.121976 0.055877
1 0.117843 0.954853 0.179083 0.0894167
1 0.805909 0.672826 0.173413 0.139386
1 0.971187 0.291241 0.0569825 0.136264
0 0.711113 0.964075 0.108914 0.0715778
0 0.807311 0.671881 0.174105 0.140137
0 0.476978 0.739947 0.16766 0.12765
0 0.946993 0.772063 0.10344 0.108574
1 0.473896 0.739675 0.166355 0.13068
0 0.950383 0.0251572 0.0967553 0.0503042
1 0.535384 0.0793385 0.0799191 0.0895675
0 0.612053 0.137462 0.135874 0.141316
