1 0.680156 0.20837 0.157206 0.153604
1 0.0680358 0.218029 0.0791066 0.0899648
1 0.144403 0.94775 0.107386 0.103408
1 0.770535 0.333047 0.111336 0.106627
1 0.214861 0.105089 0.091838 0.123155
1 0.444411 0.718024 0.0823732 0.107538
1 0.586565 0.076601 0.107697 0.105931
1 0.573768 0.694418 0.103568 0.0721564
1 0.812877 0.416494 0.139231 0.142649
0 0.405669 0.496021 0.114537 0.102683
1 0.53603 0.603165 0.124221 0.144043
0 0.525486 0.455293 0.104479 0.0961736
1 0.289165 0.792998 0.0772599 0.0866753
1 0.533499 0.790247 0.107824 0.0754935
1 0.765035 0.622031 0.134298 0.120788
1 0.134826 0.0461656 0.0520484 0.0615932
0 0.896727 0.0817126 0.0758343 0.0836964
0 0.961215 0.149439 0.0756898 0.0764101
1 0.805601 0.547626 0.118878 0.102013
0 0.804394 0.548679 0.123317 0.104328
