0 0.551154 0.578435 0.0806427 0.0999006
1 0.43064 0.739131 0.0781547 0.100289
1 0.0999884 0.440085 0.106165 0.108748
1 0.102995 0.923575 0.109131 0.118909
1 0.467796 0.282656 0.12536 0.118008
1 0.127211 0.270421 0.101126 0.0882354
1 0.214035 0.624411 0.117623 0.104541
1 0.473161 0.635884 0.119855 0.111719
1 0.192944 0.0391869 0.10855 0.0783737
1 0.518955 0.340358 0.0946966 0.0969829
1 0.933484 0.74566 0.12344 0.138288
1 0.246055 0.288907 0.132524 0.124478
1 0.613596 0.166014 0.119878 0.119486
1 0.10301 0.592847 0.0988928 0.118431
1 0.0400088 0.259966 0.0771782 0.086275
0 0.198846 0.491345 0.0923892 0.0860051
1 0.304103 0.426208 0.089321 0.0770675
1 0.067189 0.721312 0.128377 0.121836
1 0.0337675 0.433939 0.0671826 0.126245
1 0.450703 0.419468 0.126968 0.1226
1 0.328977 0.48358 0.0497687 0.0584786
1 0.321078 0.812132 0.140396 0.124098
0 0.0441073 0.848448 0.0876523 0.133918
