1 0.711327 0.716693 0.112987 0.129847
1 0.436866 0.789361 0.109995 0.102207
1 0.156036 0.159531 0.134383 0.157271
1 0.425141 0.161603 0.138117 0.128362
1 0.447011 0.352153 0.106076 0.0950565
1 0.0927879 0.857925 0.104698 0.0936612
1 0.523079 0.811616 0.113329 0.113147
0 0.944678 0.513967 0.108397 0.137755
1 0.779873 0.884284 0.102325 0.117118
1 0.864747 0.485363 0.0891707 0.0903324
1 0.243723 0.521079 0.0905243 0.107547
1 0.694715 0.432331 0.120414 0.114522
1 0.527454 0.378168 0.11691 0.11433
1 0.258922 0.931692 0.108575 0.101616
1 0.314323 0.263112 0.0871319 0.110824
1 0.866635 0.916146 0.097676 0.0915074
1 0.0398378 0.967987 0.0796756 0.0640268
1 0.344376 0.105783 0.131895 0.118097
1 0.185785 0.661314 0.0896639 0.115373
1 0.696766 0.871638 0.107664 0.107866
1 0.296984 0.570874 0.133914 0.151833
1 0.538616 0.201444 0.0885369 0.101717
0 0.817812 0.722925 0.147622 0.113194
1 0.200341 0.900657 0.0672832 0.0748823
0 0.127526 0.6249 0.132124 0.141796
1 0.371964 0.301491 0.114019 0.126985
1 0.224839 0.682372 0.0974106 0.118646
1 0.361728 0.752442 0.107403 0.100756
1 0.444426 0.970565 0.104833 0.0585952
1 0.544166 0.661719 0.122273 0.128643
1 0.919378 0.1051 0.0999719 0.114282
0 0.0525749 0.575876 0.104209 0.150876
1 0.576467 0.0285725 0.124933 0.0568489
1 0.173935 0.468104 0.0802625 0.0887204
1 0.27541 0.719035 0.102859 0.105592
1 0.691838 0.27546 0.114216 0.108679
1 0.0301853 0.369249 0.0603707 0.0935023
1 0.388521 0.580459 0.106992 0.0930405
1 0.127995 0.448512 0.0922134 0.117969
1 0.786477 0.303594 0.114122 0.114679
1 0.976107 0.11923 0.0476011 0.1348
1 0.950507 0.931988 0.0926578 0.0866189
1 0.649097 0.68902 0.0805528 0.107353
1 0.854157 0.0893883 0.0785966 0.105889
1 0.947206 0.352554 0.105588 0.12164
1 0.341031 0.957142 0.129318 0.0852474
1 0.61385 0.830433 0.109035 0.135092
1 0.0581388 0.404514 0.0706862 0.0804006
1 0.0966551 0.423338 0.0769658 0.0915304
1 0.668377 0.0393505 0.112328 0.0782663
1 0.0519738 0.573832 0.103241 0.155118
1 0.608051 0.418423 0.106128 0.0892408
0 0.775789 0.45184 0.114486 0.143312
0 0.650125 0.688905 0.0831535 0.10821
1 0.58802 0.218427 0.0674891 0.078443
1 0.774573 0.453627 0.109758 0.13683
0 0.296422 0.57022 0.136771 0.15171
1 0.753577 0.06421 0.114405 0.109183
0 0.754073 0.0612299 0.121499 0.120246
0 0.946085 0.351802 0.107735 0.122266
1 0.86387 0.327948 0.113179 0.140849
1 0.223156 0.211568 0.128905 0.14006
1 0.186963 0.0258985 0.091044 0.0515885
