1 0.873859 0.655057 0.14278 0.138723
1 0.418504 0.330807 0.141311 0.136716
1 0.10662 0.0908276 0.131313 0.124082
1 0.359701 0.39158 0.132081 0.123433
1 0.831013 0.725225 0.126396 0.117816
1 0.562636 0.838532 0.127064 0.114588
1 0.363724 0.712661 0.146368 0.129347
1 0.508173 0.192612 0.158549 0.140215
1 0.91237 0.365206 0.15738 0.152505
1 0.56609 0.444012 0.124182 0.119861
1 0.186572 0.251594 0.122492 0.119517
1 0.0790678 0.386698 0.146461 0.137625
1 0.509608 0.906867 0.116231 0.118184
1 0.269901 0.85941 0.11636 0.122903
1 0.12709 0.320256 0.140259 0.131618
1 0.309826 0.787408 0.165541 0.138906
1 0.620592 0.777949 0.146423 0.126819
1 0.804345 0.497597 0.122583 0.119215
1 0.0782362 0.826296 0.156472 0.145762
1 0.71813 0.639856 0.144861 0.130622
1 0.27503 0.105705 0.144648 0.127596
0 0.20856 0.602791 0.133689 0.111956
1 0.274444 0.549576 0.164664 0.149117
1 0.668186 0.709713 0.151373 0.138812
1 0.753762 0.569889 0.125879 0.118636
1 0.414791 0.640421 0.13498 0.124972
1 0.478973 0.959265 0.148493 0.0812016
1 0.309395 0.460652 0.130014 0.114183
1 0.69235 0.927735 0.15006 0.130362
1 0.459661 0.266159 0.122503 0.121998
1 0.617321 0.372878 0.114385 0.123156
1 0.326397 0.047224 0.112181 0.0944481
1 0.554359 0.127433 0.137123 0.130698
1 0.103415 0.739332 0.119714 0.116188
1 0.182741 0.687223 0.169432 0.162517
1 0.237945 0.179203 0.141181 0.14633
1 0.932421 0.947398 0.129027 0.105006
1 0.930016 0.585635 0.139968 0.135526
1 0.791974 0.794969 0.123077 0.119907
1 0.746471 0.864357 0.134871 0.146171
1 0.47396 0.575598 0.115499 0.115108
1 0.0503387 0.458889 0.100023 0.113696
1 0.0606613 0.156745 0.116914 0.117212
0 0.699379 0.235331 0.140254 0.129188
2 0.840915 0.0578983 0.238787 0.114499
1 0.662781 0.309278 0.122519 0.111419
1 0.866667 0.438065 0.152119 0.135764
1 0.637268 0.956932 0.157735 0.0858207
1 0.170608 0.0410525 0.136869 0.082105
1 0.22241 0.92898 0.125663 0.121053
1 0.96767 0.504866 0.0645334 0.0796269
1 0.169887 0.968917 0.136382 0.0617297
1 0.512693 0.506595 0.122573 0.116946
1 0.0386107 0.230002 0.0766515 0.130927
1 0.0522602 0.898624 0.104443 0.130502
1 0.699004 0.235162 0.138035 0.131161
1 0.0307109 0.965989 0.060845 0.0674679
1 0.023981 0.542979 0.0477273 0.104118
1 0.957785 0.525456 0.0844305 0.125866
1 0.230333 0.0121776 0.053093 0.0243552
1 0.269352 0.022083 0.0544139 0.0439852
1 0.66564 0.0271668 0.116342 0.0542291
