1 0.289923 0.799596 0.112579 0.123666
1 0.157349 0.667934 0.128583 0.0894864
1 0.705129 0.938792 0.114883 0.121674
1 0.583578 0.723388 0.113021 0.108627
1 0.178761 0.569263 0.150444 0.130433
1 0.765778 0.664412 0.122159 0.130736
1 0.676575 0.70103 0.112158 0.111086
1 0.492743 0.74977 0.10404 0.111352
0 0.867422 0.64474 0.100413 0.122668
0 0.923265 0.439275 0.130965 0.167449
1 0.93669 0.848064 0.126619 0.125533
0 0.83252 0.406275 0.110365 0.11978
1 0.586884 0.943246 0.139613 0.11209
1 0.298304 0.205032 0.129374 0.130762
1 0.403337 0.809683 0.130947 0.149153
1 0.0673261 0.118682 0.121449 0.101968
1 0.182092 0.844517 0.138447 0.108225
1 0.0579984 0.231882 0.115314 0.110819
0 0.635359 0.408573 0.144952 0.188528
0 0.736008 0.394613 0.124462 0.154905
1 0.245001 0.393823 0.140416 0.116157
1 0.539282 0.41195 0.131468 0.186147
0 0.373544 0.467005 0.127198 0.0958332
1 0.272288 0.304531 0.143726 0.119073
0 0.539752 0.4095 0.140794 0.190694
0 0.807684 0.921861 0.128744 0.154857
1 0.357001 0.980593 0.107736 0.0384625
1 0.132294 0.772594 0.129603 0.105964
1 0.807533 0.922847 0.129269 0.154307
1 0.737632 0.391656 0.12226 0.153399
3 0.776862 0.0389882 0.14524 0.0779764
0 0.971166 0.482258 0.0566676 0.152863
1 0.374514 0.46819 0.123021 0.09544
1 0.0381844 0.315598 0.0763688 0.0973508
0 0.271863 0.304544 0.142338 0.119773
1 0.23329 0.986325 0.108896 0.0267155
0 0.0394664 0.316798 0.0776266 0.0986291
