1 0.198229 0.431366 0.178212 0.186079
1 0.55105 0.0665938 0.145788 0.133188
1 0.3346 0.275401 0.156796 0.153861
1 0.46358 0.453332 0.145683 0.145375
1 0.154517 0.0826076 0.175994 0.164595
1 0.945417 0.302904 0.109096 0.135818
1 0.383828 0.503955 0.166954 0.169087
1 0.893129 0.893639 0.168437 0.156046
1 0.942738 0.587858 0.114523 0.13771
1 0.169139 0.714435 0.161282 0.160666
1 0.90129 0.510918 0.138694 0.146061
1 0.482456 0.130518 0.145261 0.153187
1 0.485337 0.752487 0.162406 0.16028
1 0.0955055 0.78975 0.190899 0.174664
1 0.410434 0.203164 0.155662 0.148495
1 0.0829889 0.169855 0.165331 0.161149
1 0.944894 0.943637 0.109484 0.112727
1 0.556431 0.817249 0.137493 0.14414
1 0.63653 0.618357 0.15625 0.122641
1 0.617202 0.883413 0.152666 0.14449
1 0.684181 0.703833 0.17008 0.149503
1 0.257564 0.330736 0.135318 0.134317
1 0.117541 0.482867 0.145866 0.150993
1 0.248847 0.634683 0.15353 0.153285
1 0.321194 0.590812 0.154613 0.168204
1 0.900509 0.237341 0.154266 0.146839
1 0.973605 0.380719 0.052228 0.097361
1 0.831696 0.821915 0.146762 0.132607
1 0.0563403 0.554215 0.112315 0.1419
1 0.354407 0.935323 0.172047 0.128601
1 0.684801 0.939249 0.160986 0.121502
1 0.75557 0.0772489 0.119059 0.113789
1 0.0603076 0.88831 0.120005 0.133426
1 0.0489465 0.243441 0.0970511 0.149817
1 0.760956 0.978435 0.0901506 0.0428292
0 0.842109 0.432603 0.156104 0.144526
1 0.759023 0.75626 0.146004 0.11235
1 0.603467 0.124255 0.0847325 0.0801068
1 0.0622118 0.957175 0.123249 0.0851933
1 0.64271 0.0208981 0.105636 0.0417752
0 0.904312 0.238221 0.156358 0.150334
1 0.93531 0.0168242 0.0712953 0.0336485
0 0.591307 0.340328 0.0874717 0.0819718
1 0.979312 0.663616 0.0407579 0.091568
