0 0.509673 0.0984004 0.120043 0.0967598
1 0.27116 0.0298035 0.128667 0.059607
1 0.897212 0.415198 0.138972 0.0965732
1 0.190799 0.893462 0.117051 0.130345
1 0.0713691 0.0955433 0.131127 0.0898179
1 0.903657 0.329453 0.12936 0.091125
1 0.165821 0.740306 0.121259 0.154751
1 0.478002 0.527088 0.124716 0.112619
1 0.481753 0.350384 0.135621 0.0929799
1 0.934993 0.082045 0.125929 0.0817724
1 0.916486 0.249761 0.136276 0.103669
1 0.656359 0.317696 0.148306 0.100061
1 0.22395 0.344363 0.145689 0.0841773
1 0.0706394 0.520945 0.103476 0.118502
1 0.218089 0.433975 0.139518 0.12425
1 0.353434 0.692815 0.111246 0.124011
1 0.466352 0.806738 0.109191 0.127804
1 0.865904 0.577192 0.122691 0.0854027
1 0.643216 0.413021 0.140024 0.0999863
1 0.0802327 0.0262911 0.128462 0.0524892
1 0.927724 0.156468 0.13123 0.0952761
1 0.677367 0.158224 0.150264 0.0904366
1 0.257555 0.177392 0.121752 0.0828413
1 0.262836 0.0964121 0.124759 0.0850647
1 0.664152 0.238198 0.141211 0.0913416
1 0.877359 0.489061 0.119841 0.0868412
1 0.48568 0.266407 0.124835 0.0921756
1 0.159167 0.497387 0.104825 0.104207
1 0.628312 0.578434 0.166146 0.121373
1 0.700191 0.0718375 0.134793 0.0853569
1 0.858844 0.65705 0.126659 0.093696
1 0.51234 0.0297762 0.103102 0.0595523
1 0.472841 0.432791 0.142805 0.091823
1 0.44786 0.628256 0.144213 0.148387
1 0.630942 0.674178 0.171229 0.100321
1 0.0825377 0.761217 0.115257 0.137422
1 0.378559 0.826722 0.0887361 0.107452
1 0.0219815 0.541782 0.0434163 0.0954995
1 0.492644 0.183211 0.112019 0.0785475
1 0.257859 0.262363 0.143248 0.0915532
1 0.9623 0.773617 0.0737636 0.127056
1 0.640019 0.487191 0.116737 0.0670676
1 0.245475 0.724733 0.109234 0.101842
1 0.278705 0.876102 0.0899545 0.0990703
1 0.110023 0.921972 0.122438 0.125507
1 0.0442115 0.928298 0.0876165 0.143404
1 0.938972 0.0193352 0.109915 0.038411
1 0.0648867 0.183346 0.129773 0.105021
0 0.0629788 0.183754 0.125958 0.107244
1 0.590899 0.834466 0.128585 0.090349
1 0.92463 0.98194 0.0849526 0.0360389
1 0.0342552 0.786259 0.067956 0.133114
0 0.848908 0.776641 0.141994 0.1605
0 0.592691 0.835796 0.13296 0.0885965
1 0.851064 0.744322 0.130826 0.0895205
0 0.924032 0.982396 0.0822861 0.0347242
1 0.717048 0.0143081 0.083364 0.0286014
1 0.759884 0.990213 0.0803597 0.0193992
