0 0.114557 0.768077 0.146979 0.140948
1 0.0812804 0.137213 0.150276 0.134058
1 0.16455 0.288955 0.135662 0.132065
1 0.897165 0.421787 0.107192 0.113594
1 0.732855 0.734901 0.158852 0.0899005
0 0.715535 0.232721 0.119922 0.0725146
1 0.740903 0.822003 0.152583 0.092427
0 0.194171 0.635367 0.108375 0.10832
1 0.904694 0.21599 0.142832 0.0955722
1 0.948122 0.932212 0.103756 0.104714
1 0.709933 0.409453 0.12244 0.0805138
1 0.716508 0.572722 0.136962 0.082534
0 0.388884 0.0415986 0.074265 0.0831972
1 0.902009 0.307252 0.0944406 0.076625
1 0.904154 0.637008 0.159152 0.112452
1 0.310272 0.0598905 0.0891302 0.109571
1 0.746565 0.903111 0.152648 0.0894638
1 0.306133 0.794725 0.10553 0.114812
0 0.47125 0.493669 0.145969 0.172405
0 0.492473 0.663806 0.140627 0.145232
1 0.725232 0.156256 0.125635 0.0783643
1 0.22067 0.93216 0.139137 0.126063
1 0.29719 0.500051 0.115855 0.106575
1 0.49016 0.176267 0.134864 0.0814382
1 0.938707 0.836229 0.121468 0.101476
1 0.709678 0.316663 0.114743 0.0809203
1 0.73387 0.65327 0.13221 0.0945091
1 0.905939 0.52594 0.0985453 0.079836
1 0.908694 0.743701 0.158871 0.114966
1 0.820841 0.521939 0.0599378 0.064589
1 0.27976 0.249988 0.0809256 0.122123
1 0.919454 0.110798 0.0952358 0.0966949
1 0.489755 0.0911923 0.152194 0.0920967
1 0.700817 0.479348 0.118323 0.0764005
1 0.122434 0.351806 0.11919 0.122935
1 0.134067 0.0767677 0.137901 0.115888
1 0.0645919 0.835201 0.129184 0.132637
1 0.241771 0.852322 0.133624 0.110977
1 0.367554 0.697024 0.123874 0.139017
1 0.473046 0.252151 0.128886 0.0726003
0 0.360023 0.21673 0.0949291 0.13143
0 0.501899 0.0220947 0.11951 0.0437444
0 0.721407 0.0677799 0.11916 0.0855578
1 0.723391 0.0687831 0.118054 0.0858386
1 0.359862 0.219035 0.0929132 0.128
0 0.0450711 0.923688 0.0901323 0.114512
1 0.0262052 0.596121 0.0522244 0.0988812
1 0.0616481 0.427128 0.123296 0.12278
1 0.159281 0.973038 0.127545 0.0536741
1 0.0282129 0.973878 0.0557296 0.0522449
1 0.0456484 0.924773 0.0910161 0.115484
1 0.0220645 0.294637 0.0438221 0.0970967
0 0.0407138 0.507853 0.0808057 0.116377
1 0.0450453 0.514515 0.089903 0.128109
