1 0.927357 0.919376 0.145287 0.133213
1 0.116809 0.734587 0.0491631 0.0626646
1 0.37581 0.902666 0.149889 0.139466
1 0.948738 0.779195 0.102456 0.11746
0 0.787966 0.935298 0.117301 0.11227
1 0.395205 0.491515 0.0554497 0.0771979
1 0.819815 0.867974 0.12706 0.109238
1 0.15344 0.0644042 0.0990834 0.115569
1 0.499361 0.966284 0.128785 0.067433
1 0.901094 0.189098 0.122407 0.111662
1 0.750753 0.976793 0.133759 0.0460165
1 0.231225 0.881555 0.0762651 0.0842247
1 0.644978 0.85301 0.0654202 0.0650767
1 0.161648 0.495909 0.0964637 0.0725434
0 0.161065 0.49627 0.0983222 0.0728377
1 0.444062 0.843557 0.0514089 0.0547569
0 0.900359 0.187235 0.125947 0.112463
