0 0.751572 0.178247 0.127558 0.127534
0 0.955625 0.239808 0.0887501 0.104183
1 0.811413 0.315314 0.126393 0.128328
1 0.662557 0.149441 0.107291 0.147162
0 0.949175 0.446182 0.100269 0.126109
1 0.160533 0.363765 0.188504 0.168913
1 0.866726 0.949283 0.143593 0.101434
1 0.808814 0.651506 0.139999 0.1313
1 0.59306 0.120684 0.0915378 0.109965
1 0.693357 0.0344533 0.152175 0.0684653
0 0.472654 0.436631 0.115666 0.110487
1 0.497886 0.576665 0.201014 0.181358
0 0.726201 0.494257 0.166582 0.170525
1 0.0768996 0.307327 0.100043 0.0962442
1 0.474396 0.438894 0.11526 0.109475
