0 0.313407 0.579458 0.13368 0.120601
1 0.801712 0.597962 0.157019 0.144695
1 0.477572 0.299682 0.141313 0.131588
1 0.376566 0.510997 0.158369 0.141217
1 0.148684 0.417861 0.136648 0.138165
1 0.771967 0.194204 0.137137 0.125586
1 0.829936 0.512752 0.126187 0.117038
1 0.282261 0.654896 0.159519 0.156053
1 0.632965 0.401848 0.139862 0.128697
1 0.29115 0.191178 0.133644 0.136994
1 0.158695 0.118852 0.16033 0.14342
1 0.448293 0.369202 0.125007 0.107326
1 0.46904 0.635015 0.19736 0.234382
1 0.951285 0.567268 0.0974299 0.148286
1 0.187103 0.795571 0.131278 0.126844
1 0.139923 0.860521 0.170572 0.144652
1 0.365988 0.808519 0.172185 0.144627
1 0.898694 0.454867 0.152367 0.133382
1 0.726762 0.260048 0.154463 0.136242
1 0.541824 0.244109 0.140199 0.119484
1 0.408471 0.735555 0.175979 0.15102
1 0.0903416 0.930966 0.14608 0.127022
1 0.227832 0.721814 0.148252 0.128299
1 0.587784 0.172147 0.155798 0.133297
1 0.815302 0.117388 0.158487 0.134099
1 0.931179 0.392038 0.131566 0.129887
1 0.680503 0.0513279 0.153304 0.102656
1 0.323388 0.888968 0.126027 0.115402
1 0.85728 0.0594733 0.159411 0.118176
1 0.600836 0.468728 0.132213 0.115008
1 0.578445 0.934586 0.166783 0.130355
1 0.675777 0.32827 0.164812 0.143298
1 0.0434398 0.337309 0.0863779 0.135942
1 0.0955685 0.502626 0.11009 0.0958028
1 0.671996 0.803359 0.16514 0.156155
1 0.632712 0.872491 0.159722 0.144402
0 0.709278 0.728301 0.134786 0.136754
1 0.291304 0.955287 0.145611 0.0894256
1 0.215493 0.0383157 0.112462 0.0765268
1 0.959879 0.934155 0.0791365 0.131691
1 0.0892121 0.218416 0.151964 0.154757
1 0.705373 0.97584 0.1229 0.0478939
1 0.974695 0.230947 0.0503235 0.092334
1 0.910174 0.028746 0.121198 0.0571419
1 0.0685072 0.554424 0.124738 0.104966
1 0.0500181 0.969959 0.0993691 0.0596668
1 0.0464184 0.616569 0.0924861 0.10346
1 0.96006 0.686207 0.0793272 0.171293
1 0.0300103 0.679604 0.0600207 0.121031
1 0.373054 0.076951 0.170935 0.151575
1 0.420915 0.0252453 0.0964583 0.0502728
1 0.862813 0.875763 0.119918 0.121588
0 0.629579 0.10119 0.139457 0.129365
1 0.629449 0.100466 0.13979 0.127094
1 0.756118 0.889263 0.126092 0.124449
1 0.231441 0.282336 0.104862 0.0922971
1 0.489621 0.591232 0.156534 0.148217
0 0.672686 0.803152 0.168456 0.150252
