1 0.381139 0.950406 0.145721 0.0981724
1 0.371002 0.777914 0.223263 0.228417
2 0.711144 0.1934 0.0841876 0.158826
1 0.273523 0.385457 0.174196 0.16603
1 0.0861856 0.862068 0.143003 0.116672
1 0.222328 0.211999 0.194129 0.116534
1 0.06565 0.642958 0.105703 0.0882701
1 0.808366 0.633547 0.15741 0.156172
1 0.189756 0.0556099 0.195761 0.110848
2 0.758135 0.455529 0.160818 0.213467
2 0.866587 0.808819 0.227627 0.197931
1 0.117165 0.950369 0.13513 0.0977094
0 0.973432 0.199672 0.0528383 0.0976497
1 0.430188 0.530289 0.0715741 0.101689
1 0.038115 0.369884 0.0757853 0.108436
1 0.861508 0.8105 0.213944 0.196452
0 0.986819 0.0531586 0.0262139 0.0980642
0 0.037266 0.367867 0.0745321 0.113583
