2 0.884237 0.828159 0.18673 0.207882
1 0.337916 0.26827 0.122926 0.0996998
1 0.37442 0.615506 0.115865 0.0854535
1 0.496495 0.0552844 0.14149 0.110569
1 0.220799 0.878198 0.161257 0.108002
1 0.629718 0.717878 0.157448 0.0959706
1 0.369447 0.700022 0.1455 0.093421
1 0.143291 0.553236 0.165318 0.106779
1 0.239773 0.0786969 0.125896 0.127939
1 0.10485 0.473325 0.165948 0.12357
1 0.1666 0.722812 0.134288 0.102279
1 0.541306 0.141397 0.140504 0.104438
0 0.633172 0.912398 0.142364 0.094032
1 0.615944 0.631474 0.152475 0.0906482
1 0.0957685 0.387443 0.135395 0.102391
1 0.221663 0.958359 0.150886 0.0827198
1 0.589645 0.473989 0.1415 0.0893404
1 0.343422 0.351152 0.13755 0.112922
1 0.192188 0.798982 0.133513 0.094892
1 0.348731 0.450589 0.0935136 0.0849943
1 0.153344 0.635334 0.15703 0.103536
1 0.395573 0.774647 0.118359 0.0884457
1 0.0814724 0.0711699 0.131365 0.115941
1 0.0783383 0.268735 0.156179 0.177735
1 0.577868 0.396204 0.147282 0.0910532
1 0.0496925 0.150493 0.0988511 0.14306
1 0.605839 0.550755 0.149924 0.0873232
1 0.412819 0.945811 0.119648 0.0987754
1 0.393352 0.858457 0.134124 0.0799468
1 0.644281 0.811395 0.149815 0.0961125
1 0.0304701 0.932068 0.0609402 0.0923276
2 0.911802 0.947515 0.175242 0.103793
2 0.925504 0.377873 0.148413 0.245489
2 0.771739 0.629071 0.172129 0.196213
1 0.574784 0.306315 0.158299 0.0995459
1 0.162019 0.0326382 0.133744 0.0652764
1 0.286063 0.176802 0.12093 0.108643
1 0.355235 0.536409 0.1165 0.0836082
2 0.813761 0.47245 0.253269 0.226461
3 0.761226 0.196378 0.180129 0.156686
2 0.644934 0.810756 0.149268 0.0954332
2 0.677871 0.974326 0.156417 0.0505037
3 0.84036 0.503875 0.186598 0.156014
3 0.93949 0.675393 0.119755 0.156555
2 0.777908 0.416107 0.209409 0.160012
0 0.575761 0.306318 0.155256 0.0975711
0 0.763406 0.195029 0.17876 0.153451
1 0.169576 0.148882 0.102756 0.111591
1 0.432498 0.989927 0.0985665 0.0197765
1 0.439654 0.0118268 0.0734923 0.0236536
0 0.94508 0.585959 0.109092 0.122375
