2 0.0893273 0.864204 0.178655 0.252005
1 0.566312 0.834877 0.160705 0.157176
1 0.708522 0.328618 0.171395 0.167316
1 0.747717 0.941163 0.151619 0.117675
1 0.942332 0.196071 0.115337 0.151416
1 0.198239 0.579593 0.191375 0.151942
2 0.0839568 0.30904 0.154791 0.187616
1 0.147254 0.662755 0.193113 0.168852
1 0.337923 0.861895 0.143634 0.128032
1 0.572214 0.0351617 0.101884 0.0703235
1 0.587039 0.254198 0.113109 0.128752
1 0.886384 0.768712 0.112842 0.136185
1 0.913415 0.0535337 0.139153 0.10671
2 0.294811 0.357612 0.261998 0.198028
1 0.852793 0.131816 0.153682 0.152774
1 0.286249 0.0779259 0.171018 0.155114
1 0.510554 0.518818 0.107343 0.124861
1 0.651051 0.887182 0.114223 0.126186
1 0.825483 0.400614 0.136582 0.165309
1 0.634996 0.0517191 0.11571 0.102465
1 0.425536 0.706693 0.126823 0.110893
1 0.566007 0.551381 0.121492 0.134259
1 0.300651 0.91914 0.141483 0.117489
1 0.838599 0.730181 0.118852 0.140782
1 0.777627 0.705786 0.144373 0.170811
1 0.483896 0.175476 0.100401 0.116124
1 0.0445751 0.736964 0.0891502 0.114674
1 0.465772 0.964982 0.0710137 0.0687971
1 0.877989 0.445426 0.101469 0.133959
1 0.826663 0.962318 0.127687 0.0748168
1 0.635331 0.266902 0.091539 0.11779
1 0.971326 0.8433 0.0568295 0.127241
1 0.62364 0.590664 0.125346 0.141739
1 0.27243 0.9534 0.136142 0.0921943
1 0.939319 0.80516 0.0936391 0.109787
0 0.936644 0.486453 0.126712 0.169038
1 0.405495 0.116985 0.147849 0.149437
1 0.513865 0.211815 0.147986 0.143832
1 0.73157 0.0719708 0.152403 0.143293
2 0.243224 0.43996 0.266888 0.241868
1 0.0356214 0.216198 0.0706806 0.116361
0 0.372498 0.804649 0.134418 0.116612
1 0.238649 0.603933 0.105932 0.0984462
1 0.69237 0.916862 0.0933516 0.113341
1 0.373686 0.80244 0.135711 0.120568
1 0.933549 0.488238 0.132332 0.168309
