1 0.811961 0.149646 0.149815 0.145287
1 0.221934 0.330921 0.141494 0.148621
1 0.492809 0.907588 0.130953 0.159957
1 0.913511 0.561253 0.159117 0.145172
1 0.243898 0.0809259 0.137027 0.161849
1 0.745071 0.331944 0.154339 0.136088
1 0.617942 0.173484 0.143313 0.121308
1 0.586882 0.516294 0.156595 0.176909
1 0.600371 0.683587 0.140788 0.159842
1 0.866378 0.653048 0.159693 0.13933
1 0.949316 0.377691 0.100217 0.116672
1 0.488236 0.642538 0.128992 0.135738
1 0.583935 0.25488 0.13968 0.117282
1 0.364017 0.174631 0.19177 0.142664
1 0.38269 0.585034 0.13023 0.154115
1 0.0862162 0.0512148 0.170172 0.101249
1 0.779508 0.242879 0.149209 0.114322
1 0.374274 0.839308 0.151513 0.170707
0 0.403519 0.0824226 0.155133 0.135135
1 0.271487 0.767282 0.121005 0.14005
1 0.681246 0.536869 0.131757 0.158461
1 0.655163 0.0955752 0.145699 0.117054
1 0.963295 0.293445 0.0725667 0.112171
1 0.306505 0.383185 0.123475 0.159002
1 0.387761 0.427621 0.11999 0.111471
0 0.0335636 0.846814 0.066963 0.0818692
1 0.933643 0.473796 0.132714 0.142126
1 0.681771 0.0379564 0.151566 0.0750571
1 0.505045 0.47417 0.120294 0.14086
1 0.0512268 0.255831 0.101972 0.135164
1 0.419575 0.97292 0.100119 0.0538995
1 0.168808 0.458769 0.155241 0.110323
3 0.90702 0.936528 0.18596 0.125725
1 0.610073 0.920471 0.122662 0.115794
1 0.121449 0.589561 0.147702 0.128227
0 0.120577 0.589757 0.14439 0.129404
1 0.354108 0.875442 0.105236 0.099252
1 0.0729031 0.688129 0.135957 0.116708
1 0.963916 0.747894 0.0711803 0.148472
