1 0.564412 0.0585652 0.137756 0.115838
2 0.911374 0.357502 0.177252 0.306839
1 0.347864 0.0514773 0.122392 0.102955
2 0.604496 0.582686 0.26485 0.227692
1 0.509523 0.093791 0.137982 0.134804
1 0.110387 0.365234 0.163303 0.141611
1 0.279616 0.942045 0.0913428 0.110108
1 0.0595604 0.16336 0.119121 0.141478
1 0.723927 0.775117 0.153718 0.155786
2 0.896949 0.0836773 0.204968 0.167355
1 0.310364 0.26923 0.134692 0.144348
2 0.629703 0.421388 0.406171 0.193374
0 0.0892141 0.0448682 0.125467 0.0897365
1 0.403817 0.189492 0.153749 0.142225
1 0.145464 0.780786 0.154444 0.151019
0 0.170499 0.571767 0.12955 0.185379
1 0.631544 0.0302342 0.113111 0.0604685
1 0.49232 0.89263 0.164298 0.203706
1 0.352414 0.237273 0.127571 0.13914
1 0.0504671 0.821115 0.100934 0.143708
1 0.856434 0.751977 0.154045 0.178012
1 0.295919 0.0892235 0.13391 0.13588
1 0.278235 0.723368 0.101918 0.131559
0 0.590758 0.855915 0.124665 0.18684
1 0.0703245 0.964756 0.128951 0.0704889
0 0.43911 0.649364 0.128198 0.163798
1 0.901638 0.934362 0.145235 0.127578
1 0.0329653 0.396458 0.0646358 0.13764
1 0.0705362 0.584887 0.141072 0.144742
1 0.438972 0.651592 0.129295 0.16305
1 0.796966 0.912969 0.0808039 0.0790375
0 0.234925 0.583998 0.0974802 0.105743
1 0.415873 0.024425 0.0922717 0.0487437
1 0.803858 0.970871 0.108939 0.0578189
1 0.164827 0.950824 0.104793 0.0970476
1 0.604141 0.580095 0.266856 0.224839
0 0.855448 0.748143 0.152776 0.175483
1 0.968339 0.913941 0.0626242 0.126056
1 0.0120146 0.61769 0.0239655 0.101729
1 0.417192 0.607428 0.0781375 0.0720992
1 0.237196 0.75085 0.123538 0.115328
1 0.0701488 0.277861 0.139587 0.106948
1 0.399657 0.913078 0.11243 0.162711
1 0.671071 0.97726 0.134156 0.0451972
1 0.642822 0.81354 0.103261 0.133523
1 0.225548 0.946482 0.0765096 0.106019
1 0.255789 0.132432 0.129803 0.131353
1 0.955493 0.712417 0.0884033 0.151085
