2 0.535074 0.469879 0.169321 0.175313
2 0.313828 0.202232 0.215756 0.195227
2 0.396681 0.0655021 0.185311 0.129958
2 0.640746 0.10934 0.154543 0.179462
2 0.902688 0.940409 0.193537 0.117793
2 0.319025 0.925439 0.159691 0.148638
3 0.518059 0.941518 0.148161 0.116087
2 0.893028 0.0738147 0.188542 0.146904
2 0.46685 0.648571 0.159521 0.162444
2 0.706205 0.652032 0.229334 0.225892
0 0.639342 0.108881 0.15503 0.180865
2 0.572095 0.315035 0.174212 0.2122
0 0.699663 0.652077 0.23143 0.229172
3 0.049217 0.39296 0.0969725 0.168873
3 0.639367 0.108733 0.155501 0.181894
