1 0.0923635 0.355801 0.138184 0.0887754
1 0.932025 0.7404 0.124736 0.150518
1 0.270118 0.152763 0.157473 0.108344
1 0.263785 0.0659276 0.145408 0.097986
1 0.0703373 0.188991 0.137725 0.102513
1 0.0855067 0.268598 0.132292 0.0917568
1 0.0634791 0.106226 0.126133 0.094371
1 0.701379 0.67301 0.143601 0.110205
1 0.87068 0.309041 0.126907 0.148503
1 0.66292 0.23344 0.147806 0.132993
1 0.879616 0.944794 0.109859 0.110413
1 0.818515 0.111652 0.102313 0.115992
1 0.894063 0.136737 0.105943 0.121465
1 0.953834 0.343441 0.0909038 0.118791
1 0.132241 0.684955 0.132391 0.0860143
2 0.159994 0.849286 0.164945 0.262433
1 0.0983532 0.43541 0.125354 0.0859658
1 0.964197 0.577745 0.0700147 0.119713
1 0.288188 0.241592 0.107514 0.0940627
1 0.894625 0.566626 0.123317 0.151788
2 0.335639 0.570209 0.158421 0.113003
1 0.246774 0.0148207 0.114296 0.0294764
1 0.354289 0.733071 0.111054 0.0891867
2 0.100888 0.600542 0.194282 0.10321
0 0.970621 0.149141 0.0579391 0.105767
1 0.334613 0.56687 0.16167 0.10971
1 0.958121 0.963992 0.0805116 0.0720168
1 0.340312 0.653681 0.141536 0.0964649
0 0.958549 0.963624 0.0798781 0.0725608
1 0.152109 0.768135 0.135115 0.0910118
0 0.807041 0.526751 0.144295 0.151494
2 0.33644 0.656682 0.152469 0.092623
2 0.383134 0.84598 0.169139 0.218691
1 0.977218 0.764765 0.0453349 0.143873
1 0.30049 0.340803 0.136881 0.118623
1 0.849185 0.710383 0.0711906 0.0913687
0 0.57654 0.0681447 0.129243 0.119081
2 0.339857 0.65687 0.165573 0.601793
1 0.321767 0.48164 0.12262 0.0947623
1 0.0496259 0.0308587 0.0978883 0.0611415
