2 0.596665 0.37021 0.174724 0.185112
2 0.421524 0.858562 0.233431 0.189502
1 0.35663 0.343443 0.148934 0.12641
1 0.417246 0.0990133 0.103022 0.0866465
1 0.376548 0.249107 0.158404 0.114057
1 0.175449 0.195948 0.120156 0.0968691
1 0.150623 0.282697 0.138233 0.115022
1 0.232686 0.0424138 0.114653 0.0842228
1 0.202992 0.115245 0.127097 0.0869923
1 0.394531 0.167388 0.117167 0.0938658
0 0.045997 0.566584 0.0919939 0.107407
2 0.687639 0.920222 0.216538 0.158634
2 0.797668 0.812523 0.403271 0.374687
1 0.60537 0.0519779 0.0986098 0.103714
0 0.0233744 0.972333 0.0462077 0.0553342
3 0.0654938 0.578356 0.130431 0.140707
