1 0.908902 0.640463 0.138914 0.133473
0 0.757624 0.129183 0.102036 0.0945928
1 0.573022 0.428177 0.167218 0.148467
1 0.875234 0.337273 0.152004 0.148557
1 0.698218 0.916744 0.126124 0.139756
1 0.121365 0.210918 0.155238 0.147523
1 0.779699 0.849013 0.14226 0.132904
1 0.567912 0.0623357 0.139926 0.124671
1 0.564483 0.73538 0.134216 0.127594
1 0.932145 0.282883 0.13571 0.14157
1 0.224499 0.829836 0.14619 0.145894
1 0.731793 0.233038 0.145634 0.145446
1 0.6625 0.588566 0.131794 0.137124
1 0.817505 0.784003 0.148584 0.135745
1 0.359007 0.349399 0.171555 0.147761
1 0.777572 0.964331 0.114155 0.070477
1 0.612758 0.65715 0.12482 0.123745
1 0.914588 0.938114 0.147181 0.123772
1 0.816349 0.392758 0.150801 0.150472
1 0.760144 0.461735 0.131709 0.137188
1 0.529206 0.50425 0.133639 0.113033
1 0.0624964 0.291621 0.124376 0.110718
1 0.871564 0.729584 0.161549 0.157815
1 0.400464 0.635651 0.133288 0.121758
1 0.946624 0.888022 0.106753 0.120144
1 0.712224 0.534255 0.101758 0.0949591
1 0.25906 0.474564 0.150337 0.130633
0 0.0456343 0.50431 0.0909909 0.113663
1 0.419641 0.968636 0.0957074 0.0624784
1 0.439973 0.606225 0.102243 0.0910554
1 0.364893 0.689389 0.155083 0.151892
1 0.228696 0.0653814 0.137262 0.130763
1 0.540702 0.116125 0.152821 0.158004
1 0.497659 0.156623 0.163465 0.145867
1 0.50802 0.806196 0.193323 0.15432
1 0.031435 0.371342 0.0626573 0.119525
1 0.693612 0.315786 0.11694 0.121028
1 0.9526 0.199897 0.0948007 0.124868
1 0.195941 0.548105 0.212854 0.200196
1 0.303068 0.406043 0.176528 0.161156
1 0.969066 0.711096 0.0602155 0.118274
1 0.54628 0.814731 0.108439 0.120335
1 0.47666 0.556715 0.141077 0.137342
1 0.17942 0.130419 0.153602 0.142367
0 0.959581 0.808439 0.0799389 0.131511
1 0.0336613 0.0254953 0.0673225 0.0508631
1 0.625166 0.0414264 0.0911665 0.0825948
1 0.0632992 0.763598 0.12647 0.152099
1 0.633813 0.34595 0.14737 0.151326
1 0.0448928 0.506624 0.0897856 0.113945
1 0.300798 0.729709 0.122195 0.110572
1 0.123944 0.691711 0.126881 0.107573
0 0.938761 0.0234664 0.0976357 0.0469101
