1 0.89006 0.891675 0.170596 0.179607
1 0.0754027 0.322193 0.150805 0.173505
1 0.884813 0.490433 0.176147 0.160568
1 0.709096 0.68372 0.219418 0.226536
1 0.523317 0.445638 0.148386 0.150291
1 0.604184 0.74154 0.175541 0.149382
1 0.424949 0.544804 0.168666 0.16544
1 0.262157 0.158724 0.146221 0.157201
1 0.729751 0.287581 0.17239 0.161326
1 0.0872691 0.504312 0.153766 0.166072
1 0.346241 0.625917 0.184876 0.171887
1 0.15594 0.227721 0.137755 0.150863
1 0.597401 0.0828273 0.143419 0.149988
1 0.398759 0.248753 0.155039 0.14673
1 0.180696 0.422482 0.162414 0.145243
1 0.477459 0.173183 0.18237 0.16212
1 0.125217 0.773027 0.150746 0.14528
1 0.93236 0.380349 0.133623 0.178981
1 0.795695 0.568413 0.166749 0.161594
1 0.0658786 0.0728239 0.131415 0.145648
1 0.305752 0.947989 0.119839 0.104022
1 0.368346 0.0602715 0.137755 0.119866
1 0.629702 0.376805 0.184813 0.184872
1 0.0376967 0.567015 0.0746114 0.140329
1 0.0465612 0.845058 0.0918703 0.138027
1 0.388489 0.912177 0.147989 0.143808
1 0.804109 0.961635 0.146999 0.0761648
1 0.502778 0.815607 0.164725 0.171578
1 0.229759 0.720114 0.179509 0.172126
0 0.839718 0.21103 0.186476 0.169756
1 0.149097 0.972974 0.115581 0.0537441
1 0.297288 0.328817 0.170631 0.166086
1 0.68375 0.0603438 0.181836 0.119803
1 0.171946 0.836884 0.111948 0.10538
1 0.490933 0.0362233 0.109173 0.0724465
0 0.966333 0.804939 0.0660402 0.142207
1 0.5478 0.123657 0.105978 0.122289
1 0.227052 0.343773 0.135051 0.153215
1 0.978697 0.0954715 0.0421698 0.0874618
0 0.959477 0.0434536 0.0800791 0.0869071
1 0.840078 0.210419 0.186231 0.166446
1 0.0198318 0.38145 0.0393488 0.0717553
1 0.990073 0.691345 0.0197065 0.0602872
1 0.353761 0.78312 0.0803123 0.0813529
