1 0.633984 0.586177 0.14177 0.141249
1 0.8864 0.491285 0.163326 0.157281
1 0.54686 0.728677 0.128441 0.129191
1 0.474378 0.94711 0.128672 0.105781
2 0.909769 0.102742 0.180101 0.202061
1 0.149909 0.67507 0.140726 0.138767
1 0.23948 0.950021 0.13007 0.0995051
1 0.943309 0.944772 0.113382 0.110456
1 0.682781 0.832271 0.137871 0.13724
1 0.0638521 0.770842 0.127704 0.148944
1 0.443255 0.405427 0.132536 0.134184
1 0.762752 0.719873 0.157361 0.154686
1 0.374663 0.353132 0.123339 0.122304
1 0.292077 0.478571 0.142143 0.140298
1 0.515325 0.462216 0.125691 0.108714
1 0.926577 0.572151 0.137748 0.144964
1 0.691552 0.651798 0.152893 0.152568
1 0.424334 0.593375 0.157371 0.155612
1 0.411633 0.891762 0.118684 0.119506
1 0.364895 0.538163 0.139129 0.131217
1 0.564219 0.521974 0.151578 0.138299
1 0.128521 0.830598 0.149368 0.154407
1 0.214141 0.723402 0.137257 0.128793
1 0.0620004 0.442459 0.124001 0.120806
1 0.780304 0.413129 0.201783 0.201514
1 0.861557 0.961822 0.118263 0.0758642
1 0.635952 0.26105 0.145867 0.157944
1 0.511942 0.158848 0.131577 0.136116
1 0.185349 0.88973 0.147737 0.150425
1 0.78054 0.0442187 0.129356 0.0882057
1 0.486084 0.662123 0.167385 0.16946
1 0.276075 0.779501 0.144665 0.149056
1 0.608139 0.788181 0.154703 0.169289
1 0.56979 0.210461 0.121745 0.138239
1 0.0255954 0.526955 0.0501941 0.0965192
1 0.344345 0.847398 0.141931 0.147108
1 0.777626 0.982262 0.0864413 0.0350847
1 0.842742 0.777152 0.147073 0.143867
1 0.315465 0.968082 0.109634 0.0633283
1 0.958512 0.633342 0.0828419 0.151471
1 0.684784 0.32195 0.139946 0.132171
1 0.35386 0.0332022 0.121895 0.0659827
1 0.975827 0.909303 0.0477234 0.102609
1 0.321093 0.821181 0.111395 0.110877
2 0.352674 0.0327022 0.127907 0.0649154
