0 0.940511 0.189251 0.0926747 0.101164
1 0.841187 0.189794 0.0889994 0.0897567
0 0.7361 0.352146 0.129535 0.108673
1 0.256949 0.0331271 0.116325 0.0660513
1 0.479048 0.972316 0.120393 0.0550723
0 0.892938 0.490571 0.109824 0.111185
1 0.442893 0.0437307 0.130754 0.0873834
1 0.56235 0.346292 0.167787 0.173602
1 0.693788 0.0389522 0.118304 0.0773284
1 0.388886 0.0841467 0.117048 0.109852
1 0.631099 0.100277 0.135728 0.126568
1 0.862135 0.327954 0.0840316 0.118924
0 0.926537 0.349683 0.0861762 0.0987176
1 0.34628 0.568071 0.126225 0.0725298
1 0.536367 0.820164 0.132158 0.124885
3 0.430126 0.524021 0.295897 0.176499
0 0.858425 0.329261 0.0823617 0.12055
1 0.925392 0.344109 0.0853617 0.108306
0 0.632977 0.102654 0.138258 0.126629
0 0.769292 0.183532 0.0642598 0.0783934
