1 0.322173 0.845975 0.112957 0.120774
1 0.6925 0.409665 0.131244 0.121421
1 0.090777 0.76166 0.108282 0.111763
1 0.108731 0.941583 0.117645 0.115055
1 0.539405 0.214759 0.138698 0.123375
1 0.163104 0.790618 0.115342 0.122474
1 0.153527 0.361792 0.0977455 0.107405
1 0.639565 0.489781 0.102138 0.0983456
1 0.230891 0.822831 0.0805902 0.0917532
1 0.408006 0.657767 0.0977615 0.0975608
1 0.692839 0.325999 0.0897046 0.0628913
1 0.378344 0.477169 0.112329 0.139725
1 0.59135 0.0390621 0.11694 0.0774574
1 0.0977762 0.163153 0.123273 0.125333
1 0.391739 0.260927 0.119826 0.105358
0 0.818473 0.948475 0.117825 0.102194
0 0.196938 0.174544 0.0880273 0.0902051
1 0.738287 0.23265 0.0733513 0.0974782
1 0.556769 0.848185 0.105564 0.0983648
1 0.405981 0.16473 0.157365 0.1445
0 0.971537 0.284068 0.0560334 0.130077
0 0.562305 0.107088 0.114045 0.108801
0 0.236779 0.0646673 0.091063 0.087227
1 0.463355 0.491378 0.115868 0.13152
1 0.0273831 0.526555 0.0545258 0.108537
1 0.776049 0.135931 0.112178 0.102523
1 0.236145 0.606404 0.113745 0.114732
1 0.502882 0.302527 0.145112 0.115582
1 0.0282786 0.957424 0.0564546 0.0827177
1 0.214878 0.42719 0.127097 0.155898
1 0.314973 0.636425 0.126791 0.150058
1 0.603178 0.587383 0.121063 0.113191
1 0.0732941 0.346598 0.118334 0.132082
1 0.0333209 0.747537 0.0666417 0.128651
1 0.435928 0.0665851 0.111413 0.0969533
1 0.0691923 0.0319605 0.137841 0.0637671
0 0.301102 0.430079 0.0947779 0.0968466
0 0.313912 0.638764 0.125076 0.148562
0 0.405535 0.166537 0.161952 0.151102
1 0.078482 0.537625 0.0993141 0.104019
0 0.938372 0.825553 0.122727 0.133023
