1 0.811423 0.669645 0.130271 0.129864
1 0.165793 0.0970101 0.154311 0.115616
1 0.727658 0.932863 0.102234 0.115537
0 0.437875 0.0395998 0.106279 0.0791997
1 0.691708 0.409171 0.118291 0.0981634
0 0.477255 0.131995 0.125915 0.0897246
1 0.354374 0.957475 0.0975103 0.0849255
0 0.640205 0.209344 0.0862111 0.0877301
1 0.846612 0.0361834 0.0964223 0.0722918
1 0.263511 0.272421 0.113173 0.11818
1 0.660834 0.719173 0.0859998 0.113717
0 0.937383 0.166266 0.0888867 0.0810713
1 0.968535 0.907696 0.0617449 0.11056
1 0.0526747 0.0246758 0.105349 0.0491688
1 0.316227 0.0253904 0.102574 0.0506808
1 0.437639 0.0402557 0.104072 0.0805113
0 0.822039 0.971676 0.100817 0.0562382
0 0.639043 0.027021 0.109671 0.0536816
1 0.957176 0.749033 0.0854613 0.173512
0 0.987666 0.230375 0.0243618 0.0687243
0 0.660128 0.719609 0.0868919 0.116234
0 0.956384 0.493268 0.0866194 0.103358
