2 0.319322 0.589668 0.312787 0.322768
1 0.0615964 0.0473865 0.123193 0.0947355
1 0.14877 0.10526 0.13485 0.139601
2 0.62567 0.771376 0.166483 0.173645
1 0.209119 0.0586512 0.128829 0.117302
1 0.0898028 0.1864 0.153494 0.139832
1 0.554165 0.370473 0.151861 0.148411
1 0.223436 0.79561 0.122583 0.118498
2 0.471602 0.273591 0.224072 0.21152
2 0.641473 0.436794 0.168076 0.144763
1 0.641676 0.43675 0.165571 0.143912
1 0.470844 0.273257 0.207958 0.207772
2 0.089221 0.186554 0.154896 0.142677
1 0.0331665 0.0923903 0.0657208 0.120423
1 0.414824 0.968362 0.108024 0.0628409
1 0.271048 0.0305362 0.116455 0.0606617
1 0.515903 0.916049 0.189534 0.166892
1 0.187638 0.970031 0.121403 0.059532
1 0.056467 0.746629 0.0853692 0.0882037
