1 0.689154 0.703392 0.0883274 0.102512
1 0.22701 0.911757 0.168161 0.175081
1 0.814373 0.231024 0.113173 0.114862
1 0.676097 0.540922 0.0909266 0.0712547
1 0.657897 0.849239 0.101578 0.142962
1 0.474434 0.75602 0.153255 0.17492
1 0.894834 0.0742543 0.121889 0.112051
1 0.445227 0.311661 0.0882569 0.104313
1 0.331184 0.192877 0.103758 0.100937
1 0.483181 0.0462556 0.135735 0.0924743
1 0.893422 0.6787 0.0473845 0.0427462
0 0.719818 0.0925585 0.122499 0.121194
1 0.111119 0.840024 0.0947979 0.0500418
1 0.366051 0.247983 0.102356 0.0967247
1 0.963142 0.0234531 0.0729519 0.0466033
1 0.458251 0.515453 0.168659 0.172539
0 0.740623 0.0309986 0.120845 0.0617559
1 0.72181 0.0838734 0.1147 0.0893687
0 0.612252 0.138394 0.11333 0.121841
1 0.614749 0.136228 0.116106 0.11671
1 0.739094 0.0315227 0.122585 0.0629651
0 0.36734 0.24735 0.106027 0.096548
