0 0.867561 0.450856 0.11555 0.0907545
0 0.798074 0.569668 0.0818155 0.093918
0 0.399448 0.206591 0.103013 0.0963439
1 0.42052 0.390846 0.113704 0.139986
1 0.484273 0.117299 0.124084 0.120821
1 0.527117 0.3954 0.0624654 0.0860201
1 0.578461 0.0447085 0.107124 0.089417
1 0.881881 0.357993 0.093938 0.0907647
1 0.324843 0.307403 0.110452 0.0916931
1 0.87055 0.240255 0.146077 0.14111
1 0.689716 0.102161 0.117166 0.114861
1 0.976004 0.4499 0.0476365 0.122455
1 0.457003 0.0324387 0.0758084 0.0648774
0 0.769168 0.428715 0.0806619 0.112324
1 0.03595 0.472687 0.0714366 0.0683237
1 0.634104 0.282421 0.126773 0.104426
0 0.978357 0.618807 0.0426042 0.112723
1 0.671056 0.235865 0.0951958 0.0698746
0 0.950009 0.0175153 0.075763 0.0350307
1 0.770161 0.426386 0.080405 0.112239
1 0.888273 0.579505 0.0850053 0.0831143
0 0.888617 0.579413 0.0857821 0.083728
