0 0.36887 0.635091 0.0982577 0.135299
1 0.93864 0.519762 0.122719 0.10348
1 0.486413 0.471565 0.130003 0.120679
1 0.704406 0.554418 0.149221 0.115489
0 0.272264 0.632877 0.0932516 0.0954342
1 0.819857 0.0627985 0.119586 0.100463
1 0.388492 0.360143 0.0897746 0.0831561
0 0.0258243 0.518335 0.0513568 0.120146
0 0.373236 0.444739 0.0795838 0.0985564
1 0.928004 0.602298 0.138921 0.104614
1 0.501835 0.0460441 0.0978961 0.0920494
1 0.268188 0.854892 0.100032 0.149482
1 0.190754 0.101049 0.0797591 0.0903417
1 0.755901 0.245767 0.167371 0.137194
1 0.384069 0.168637 0.150497 0.0886353
1 0.948027 0.428673 0.102386 0.116416
1 0.357539 0.892931 0.0979192 0.161753
1 0.879364 0.803694 0.145064 0.127793
1 0.143595 0.971314 0.114404 0.0571107
1 0.586557 0.0496447 0.122422 0.0988462
1 0.593574 0.180272 0.108157 0.131931
1 0.792868 0.962955 0.101606 0.0737247
1 0.712647 0.450288 0.153444 0.128971
1 0.651187 0.735841 0.112205 0.0928912
1 0.43557 0.903347 0.104744 0.137053
1 0.670346 0.618629 0.134493 0.0818101
1 0.0347061 0.916327 0.0689226 0.124993
1 0.533169 0.925265 0.1203 0.145385
1 0.539312 0.667257 0.111762 0.146797
1 0.898109 0.693494 0.12485 0.111865
1 0.51597 0.18774 0.080567 0.0933117
1 0.625428 0.9436 0.108436 0.112199
1 0.161184 0.576665 0.10778 0.106466
1 0.453866 0.658048 0.0996015 0.127203
0 0.455584 0.656589 0.101031 0.124541
1 0.658116 0.67251 0.134943 0.0680099
1 0.0750329 0.0681775 0.0451466 0.0449872
1 0.403409 0.0314511 0.0979429 0.0625719
0 0.677433 0.0485238 0.100286 0.0966395
1 0.962041 0.338716 0.0754309 0.0915997
1 0.984714 0.138859 0.0303366 0.0800337
1 0.677792 0.0484824 0.101191 0.0969649
0 0.0520409 0.521279 0.103258 0.122601
1 0.87987 0.976012 0.0630118 0.0474877
1 0.797893 0.135452 0.114902 0.0704801
0 0.713964 0.447644 0.160634 0.125644
1 0.977977 0.731516 0.0437567 0.0896101
0 0.162108 0.577003 0.106359 0.107022
1 0.974602 0.229721 0.0504687 0.106303
