1 0.739819 0.655096 0.156452 0.175932
1 0.847164 0.771122 0.107232 0.135526
1 0.151638 0.877073 0.129011 0.162993
1 0.081638 0.192898 0.138556 0.0909289
1 0.878632 0.161606 0.150146 0.0999136
1 0.590011 0.460426 0.108423 0.0821908
1 0.479964 0.759951 0.115355 0.136646
1 0.0826902 0.111853 0.109222 0.0913427
1 0.240681 0.832414 0.109719 0.133192
1 0.865596 0.242373 0.138178 0.0881175
1 0.468649 0.253508 0.143646 0.0891125
1 0.0865738 0.0370555 0.121497 0.0734094
1 0.616309 0.876623 0.0948102 0.117033
1 0.484341 0.183747 0.141911 0.0860952
1 0.423658 0.520084 0.132199 0.0857943
1 0.455704 0.351884 0.139739 0.0954173
1 0.229077 0.19165 0.136427 0.0959335
1 0.242061 0.103675 0.143038 0.0924545
1 0.55641 0.718901 0.124652 0.140077
1 0.638079 0.112429 0.137112 0.0940867
1 0.524257 0.903736 0.132589 0.141483
1 0.186038 0.444304 0.151585 0.0718522
1 0.85757 0.325607 0.159538 0.0729175
1 0.403098 0.787783 0.118326 0.143151
1 0.172559 0.540084 0.166785 0.10364
1 0.87945 0.0774254 0.113246 0.0785425
1 0.630892 0.203849 0.123694 0.085796
1 0.830059 0.416674 0.123851 0.0876802
1 0.27376 0.971924 0.103313 0.0560083
1 0.644526 0.682728 0.132502 0.127222
1 0.322832 0.802191 0.117674 0.129756
1 0.814019 0.526808 0.14366 0.120138
1 0.49595 0.0761845 0.145961 0.120482
1 0.220397 0.270056 0.170225 0.0916071
1 0.208749 0.36793 0.145202 0.0936613
1 0.0605247 0.275319 0.121049 0.122279
1 0.788468 0.815175 0.107523 0.118331
1 0.913604 0.0238873 0.143761 0.0475472
1 0.602213 0.382812 0.125329 0.0785577
1 0.653228 0.037998 0.153404 0.0757461
1 0.0582942 0.899082 0.116299 0.129422
1 0.364866 0.955326 0.101358 0.0891731
1 0.441397 0.435304 0.147861 0.0914689
1 0.824585 0.968933 0.111118 0.0618989
1 0.25812 0.0309274 0.138977 0.0614971
1 0.0243141 0.487268 0.0482257 0.0915145
1 0.618434 0.292681 0.132343 0.0920926
1 0.70691 0.846192 0.103244 0.107241
1 0.416132 0.92841 0.154016 0.138958
1 0.509163 0.0193937 0.140235 0.0387874
0 0.621106 0.292198 0.140956 0.0933156
1 0.0492731 0.400204 0.0985461 0.107808
1 0.51099 0.0082404 0.141602 0.0163422
0 0.821298 0.969122 0.113789 0.0612316
