0 0.338135 0.707485 0.11433 0.122777
1 0.688416 0.929758 0.102929 0.137504
1 0.199568 0.958183 0.118721 0.0836343
0 0.398082 0.944942 0.116592 0.108709
0 0.244145 0.722249 0.101708 0.146989
1 0.303729 0.956706 0.107604 0.0857332
1 0.152132 0.743179 0.104644 0.13046
0 0.775932 0.905673 0.101595 0.115534
1 0.492281 0.941983 0.113711 0.115455
1 0.095222 0.967721 0.100471 0.0641923
1 0.621721 0.65016 0.11002 0.139293
1 0.438079 0.698117 0.102136 0.127996
0 0.840804 0.66348 0.104508 0.0911744
0 0.0573857 0.769138 0.101599 0.130895
0 0.72729 0.663094 0.113006 0.153519
0 0.437218 0.696784 0.102776 0.131322
2 0.187105 0.16958 0.231566 0.205121
1 0.727268 0.662754 0.110308 0.150767
1 0.533127 0.701127 0.102426 0.117171
2 0.0901177 0.0733366 0.180235 0.145349
0 0.58711 0.924399 0.100763 0.141792
1 0.583421 0.926184 0.106515 0.142325
1 0.187872 0.171784 0.232349 0.207793
