1 0.614512 0.0467594 0.110372 0.0934592
0 0.960936 0.0861418 0.0781281 0.159611
1 0.706476 0.0552608 0.106861 0.110522
1 0.446702 0.728229 0.138701 0.103086
1 0.225872 0.843705 0.119415 0.125749
0 0.592385 0.484764 0.106734 0.15571
1 0.463042 0.812562 0.143478 0.0987589
1 0.883261 0.932685 0.148812 0.105499
1 0.4821 0.970259 0.130271 0.0594828
0 0.854956 0.554254 0.0937123 0.137719
1 0.796659 0.0696062 0.10408 0.114795
1 0.640306 0.286483 0.110295 0.140765
1 0.621521 0.960925 0.13949 0.0777495
1 0.546427 0.261659 0.106964 0.132544
1 0.376419 0.215748 0.107079 0.126167
1 0.469564 0.901001 0.137147 0.0961528
1 0.598063 0.787188 0.126126 0.102041
1 0.462158 0.240944 0.110838 0.142742
1 0.516254 0.0339266 0.113958 0.0673592
1 0.627644 0.880363 0.138866 0.105999
1 0.727761 0.29842 0.0992782 0.126313
1 0.0409954 0.88386 0.0818735 0.168574
1 0.880934 0.0888177 0.0960193 0.113642
1 0.410933 0.463087 0.0957129 0.120538
1 0.419799 0.0199657 0.0850428 0.0397005
1 0.944188 0.564047 0.106315 0.154347
0 0.908734 0.342654 0.0926092 0.142406
1 0.1287 0.852385 0.10217 0.150949
0 0.0678406 0.447165 0.107597 0.145935
1 0.187789 0.704308 0.0916526 0.137922
1 0.50245 0.478912 0.0966851 0.130048
1 0.676289 0.502901 0.111407 0.169676
1 0.765274 0.528248 0.114396 0.157735
1 0.972816 0.816328 0.0539137 0.104957
0 0.765311 0.528672 0.11653 0.158493
0 0.968168 0.351378 0.0617423 0.114287
1 0.0993428 0.720631 0.11051 0.1317
1 0.969692 0.344501 0.0603597 0.101823
0 0.676191 0.50346 0.107736 0.169583
1 0.863723 0.817227 0.138117 0.101529
1 0.0278845 0.713446 0.0552593 0.108845
1 0.907728 0.344081 0.095107 0.142944
1 0.990325 0.582414 0.0190656 0.125123
0 0.10042 0.71957 0.117681 0.133393
0 0.500223 0.478403 0.0962892 0.129322
1 0.896402 0.989518 0.15073 0.0208468
1 0.0728878 0.196561 0.144863 0.266192
