0 0.535321 0.256941 0.0906808 0.139139
1 0.626517 0.183592 0.0935819 0.0628686
1 0.485644 0.959469 0.0911856 0.0807048
1 0.287489 0.943994 0.0857843 0.0872642
1 0.115977 0.198654 0.0993758 0.168411
0 0.37919 0.790609 0.099375 0.177516
1 0.350141 0.508035 0.0996646 0.165444
1 0.446008 0.486882 0.0918141 0.220015
1 0.0901653 0.963197 0.0901219 0.0729374
0 0.180209 0.787151 0.0998181 0.171316
1 0.14993 0.463708 0.0867834 0.0683804
1 0.804385 0.971621 0.105914 0.0564796
1 0.0321697 0.202634 0.0639913 0.182752
1 0.589951 0.94616 0.0892844 0.0998528
1 0.72816 0.801248 0.0917569 0.170969
1 0.388213 0.94949 0.085717 0.074331
1 0.777743 0.468188 0.0951748 0.166689
1 0.187284 0.951914 0.0848284 0.0952238
1 0.323343 0.13622 0.0861092 0.0628452
1 0.821944 0.741059 0.101436 0.105735
1 0.873311 0.222605 0.0918617 0.16479
1 0.284845 0.787752 0.08724 0.170719
1 0.87487 0.41398 0.0885259 0.105685
1 0.943358 0.963001 0.113225 0.0739766
0 0.427824 0.225073 0.0926219 0.134007
0 0.0868711 0.795819 0.0905818 0.171404
1 0.774047 0.239979 0.0952086 0.17703
1 0.924568 0.728758 0.101711 0.109543
1 0.962264 0.474694 0.0749328 0.161674
1 0.0457836 0.490099 0.0905338 0.186979
1 0.246421 0.540701 0.0908968 0.11046
1 0.475165 0.791284 0.0922545 0.177076
1 0.325044 0.197494 0.0955577 0.184569
0 0.874379 0.224759 0.0915428 0.165596
1 0.087286 0.794601 0.0891012 0.169048
1 0.539693 0.521424 0.0980022 0.129355
0 0.586803 0.839706 0.0871049 0.0642952
1 0.219295 0.298634 0.0843648 0.0619993
1 0.959997 0.197195 0.0800054 0.210541
1 0.830814 0.8237 0.0930589 0.061565
0 0.216952 0.209962 0.0993197 0.115767
1 0.932815 0.772141 0.126293 0.193471
1 0.639676 0.502771 0.0975688 0.109185
1 0.246302 0.45372 0.0839444 0.0637519
1 0.179873 0.78768 0.0979903 0.17056
1 0.875539 0.472149 0.0903649 0.218794
0 0.874573 0.47224 0.0919144 0.218152
0 0.540817 0.522189 0.0990947 0.135142
1 0.15408 0.515465 0.0999557 0.169167
0 0.828571 0.823644 0.0939994 0.0602247
2 0.773039 0.239631 0.0960952 0.177475
