0 0.953084 0.374304 0.0935037 0.13133
1 0.882322 0.0787959 0.139246 0.157592
1 0.219724 0.108589 0.177341 0.189406
1 0.850144 0.391678 0.132154 0.136349
1 0.306327 0.512935 0.209245 0.132301
1 0.0450086 0.0985498 0.0888759 0.121692
1 0.227286 0.28807 0.150053 0.115987
1 0.666183 0.109427 0.141052 0.138223
1 0.472846 0.220351 0.110017 0.111402
1 0.908247 0.911073 0.145271 0.133274
2 0.619834 0.899667 0.11157 0.199575
1 0.137236 0.968724 0.175445 0.0615863
1 0.587378 0.477691 0.099179 0.13826
0 0.961527 0.0828722 0.0767674 0.164308
1 0.481377 0.974572 0.0744082 0.0505613
1 0.189268 0.881468 0.187384 0.105251
1 0.0490871 0.627817 0.0978394 0.0844702
0 0.792243 0.911236 0.0825238 0.100623
1 0.0403197 0.77754 0.0802725 0.107983
0 0.881265 0.0801038 0.141458 0.160208
