1 0.125453 0.686704 0.191983 0.200102
1 0.288816 0.621271 0.115046 0.0997528
1 0.188282 0.830192 0.0951375 0.119583
1 0.553583 0.794075 0.134001 0.0868095
1 0.164691 0.930993 0.112238 0.0816448
1 0.554036 0.878884 0.135467 0.0859725
1 0.329501 0.845143 0.109146 0.0703887
1 0.551644 0.959856 0.128792 0.0774977
1 0.313626 0.929865 0.130482 0.0747132
1 0.202367 0.347469 0.104836 0.106361
1 0.550912 0.703545 0.0972745 0.0945177
1 0.034226 0.365767 0.0676364 0.104489
1 0.119648 0.312285 0.119694 0.112778
1 0.69077 0.954689 0.130935 0.089891
1 0.320642 0.756334 0.131598 0.0968406
1 0.920582 0.963673 0.10595 0.0714564
1 0.0379853 0.182315 0.0751439 0.130931
0 0.300397 0.545906 0.123558 0.102189
0 0.223917 0.0643484 0.130898 0.120683
1 0.169976 0.986664 0.109884 0.0266724
1 0.149479 0.047106 0.16073 0.0940382
1 0.322055 0.992402 0.124362 0.0146279
0 0.150381 0.0479846 0.163282 0.0951018
1 0.0374534 0.467902 0.0739637 0.0920587
