1 0.597519 0.744233 0.156929 0.147837
1 0.965383 0.236032 0.0688586 0.087123
1 0.820358 0.196729 0.0764198 0.0896353
1 0.733 0.801732 0.111689 0.134696
0 0.248056 0.957872 0.115535 0.0839236
1 0.760992 0.936856 0.10274 0.118759
1 0.0928467 0.579852 0.116577 0.108122
0 0.289764 0.716232 0.124507 0.124485
0 0.066443 0.850584 0.112165 0.126556
0 0.967057 0.726846 0.0646355 0.120204
1 0.881064 0.674704 0.128094 0.13921
1 0.640055 0.97946 0.0909753 0.040958
0 0.855381 0.973651 0.0879984 0.0526973
0 0.205139 0.777799 0.0634661 0.0704234
0 0.0930018 0.580176 0.115345 0.111941
1 0.288399 0.715968 0.122228 0.121996
