1 0.901863 0.444573 0.10343 0.103295
1 0.0716271 0.700571 0.143254 0.147473
1 0.566724 0.626124 0.147053 0.135549
1 0.581268 0.205913 0.151178 0.137896
1 0.421169 0.84845 0.150287 0.13778
1 0.624959 0.144484 0.142081 0.130003
1 0.742321 0.641723 0.158879 0.144309
1 0.588157 0.861032 0.151307 0.141366
1 0.41796 0.207843 0.147352 0.138667
1 0.68684 0.712274 0.145094 0.135667
1 0.369034 0.919219 0.160934 0.151173
1 0.543186 0.29271 0.118572 0.114798
1 0.197285 0.472094 0.110327 0.109526
1 0.132532 0.212016 0.120975 0.111243
1 0.436171 0.425288 0.157775 0.143502
1 0.767686 0.348861 0.128181 0.126923
1 0.367809 0.272103 0.13613 0.132443
1 0.619683 0.554426 0.139877 0.123955
1 0.265104 0.410387 0.136518 0.118144
1 0.867917 0.849259 0.134742 0.131267
1 0.115562 0.628183 0.141918 0.137389
1 0.657644 0.480339 0.112261 0.111356
1 0.806777 0.588166 0.118183 0.107667
1 0.306257 0.334539 0.120712 0.106776
1 0.461567 0.130406 0.139024 0.133004
1 0.519301 0.0460611 0.0955709 0.0888696
1 0.536374 0.929399 0.129227 0.111249
1 0.0861304 0.9153 0.127365 0.128437
1 0.186342 0.137966 0.12105 0.123043
1 0.24028 0.0748368 0.12738 0.121905
1 0.336947 0.569883 0.14861 0.140261
1 0.472457 0.775614 0.153586 0.150185
1 0.186805 0.782657 0.15986 0.158889
1 0.506062 0.372038 0.127768 0.127137
1 0.0470224 0.352875 0.0940448 0.108938
1 0.965423 0.128282 0.068356 0.1104
1 0.955399 0.712805 0.0885392 0.129119
1 0.524237 0.703981 0.14655 0.136862
1 0.637268 0.785702 0.158498 0.146857
1 0.312231 0.960636 0.12357 0.0782609
1 0.29085 0.641117 0.117626 0.124913
1 0.901774 0.0777281 0.137858 0.12942
1 0.0903612 0.283529 0.107625 0.107796
1 0.928183 0.777188 0.139619 0.133975
1 0.031138 0.758096 0.062276 0.101938
1 0.289314 0.0285654 0.103273 0.0567748
1 0.229118 0.707717 0.150686 0.11231
1 0.388289 0.498286 0.110635 0.106915
1 0.497822 0.969838 0.119907 0.0597148
1 0.063052 0.0439824 0.120291 0.0879648
1 0.823836 0.049892 0.11848 0.09938
1 0.810935 0.275214 0.111714 0.113687
1 0.843787 0.510126 0.142427 0.12781
1 0.974206 0.935571 0.051192 0.0982189
1 0.718592 0.424528 0.12486 0.123472
1 0.822453 0.915307 0.120804 0.105013
1 0.0315774 0.122134 0.0631548 0.0928345
1 0.132159 0.0275675 0.104195 0.0547593
1 0.944184 0.374293 0.1105 0.120959
1 0.775576 0.967533 0.119107 0.0645308
1 0.495083 0.0802459 0.0643238 0.0617023
0 0.943836 0.374538 0.108578 0.121864
1 0.0191814 0.431356 0.0382108 0.0785069
0 0.719711 0.424053 0.127677 0.122859
1 0.133821 0.856207 0.139304 0.119606
1 0.978057 0.621572 0.0438865 0.0915217
1 0.946747 0.976129 0.0966696 0.0474074
