1 0.631622 0.880093 0.104791 0.0868194
1 0.623557 0.236825 0.130907 0.118444
1 0.40869 0.49306 0.131347 0.120535
1 0.427318 0.954192 0.125172 0.0908818
0 0.47284 0.849175 0.0784549 0.0752324
0 0.442663 0.75103 0.0981147 0.0920117
1 0.881645 0.667756 0.112742 0.100945
1 0.795238 0.0871571 0.105261 0.105959
1 0.340099 0.597083 0.0938905 0.0834184
1 0.596137 0.516864 0.177436 0.131933
1 0.44374 0.750722 0.0967818 0.0890129
0 0.880583 0.667657 0.111469 0.0978059
1 0.885112 0.0426997 0.0354611 0.0486919
