1 0.635069 0.94257 0.147548 0.114211
1 0.579571 0.110663 0.12763 0.144304
1 0.731423 0.564284 0.145535 0.126224
1 0.911271 0.406732 0.154002 0.1361
1 0.689606 0.472867 0.147518 0.12191
1 0.507706 0.186553 0.142478 0.152856
1 0.453855 0.507224 0.152779 0.100271
1 0.450522 0.606297 0.162129 0.108021
1 0.473944 0.40005 0.144954 0.108938
2 0.0536481 0.131876 0.106395 0.165359
2 0.134178 0.928368 0.250471 0.139904
1 0.810693 0.228799 0.167287 0.170547
1 0.860923 0.124028 0.127139 0.13708
0 0.793017 0.848792 0.135119 0.165465
0 0.470504 0.286565 0.132411 0.127097
1 0.748787 0.657883 0.182384 0.1503
1 0.943997 0.750548 0.112005 0.157796
1 0.907798 0.0444357 0.0887755 0.087718
1 0.609254 0.822482 0.150199 0.139373
1 0.98415 0.218686 0.0312703 0.0704247
0 0.876651 0.808513 0.129781 0.138217
1 0.951925 0.341401 0.0958004 0.139326
1 0.698936 0.0280471 0.102457 0.0557885
0 0.45589 0.131552 0.0799671 0.100644
2 0.131296 0.617165 0.261426 0.175333
1 0.656481 0.419393 0.0699997 0.0642549
1 0.714353 0.90132 0.134549 0.147497
3 0.11311 0.460184 0.225612 0.10835
3 0.150533 0.552454 0.300322 0.297143
1 0.877316 0.80862 0.13152 0.141949
