0 0.652907 0.678792 0.0820005 0.0987284
1 0.886328 0.331387 0.0923611 0.0828968
1 0.90677 0.176231 0.116348 0.117109
0 0.834213 0.440415 0.173448 0.13221
1 0.845374 0.617891 0.0826873 0.0904818
1 0.914279 0.0648421 0.136644 0.12885
0 0.416131 0.287567 0.116463 0.104593
0 0.951197 0.756952 0.0618786 0.0712004
0 0.949743 0.523349 0.0999991 0.0785956
0 0.669586 0.396137 0.0919032 0.0947609
1 0.798989 0.74139 0.0904796 0.121202
1 0.629064 0.507962 0.123177 0.144062
0 0.629785 0.508505 0.123253 0.145756
0 0.799662 0.740413 0.0914478 0.120334
