1 0.867676 0.677396 0.0933083 0.0883777
0 0.977668 0.600846 0.0442595 0.0702162
0 0.935082 0.647655 0.0721123 0.0952816
1 0.966854 0.197316 0.065968 0.115323
0 0.919457 0.349345 0.073442 0.0651528
1 0.871413 0.123978 0.0847862 0.0708185
1 0.891797 0.20118 0.104399 0.120217
2 0.0654878 0.0615588 0.130976 0.122075
0 0.948211 0.0953995 0.0795823 0.0981626
0 0.845327 0.586465 0.104742 0.13435
0 0.692031 0.0238151 0.0818093 0.0476301
2 0.665242 0.350235 0.178468 0.337117
1 0.909178 0.288733 0.0749799 0.0761226
0 0.977988 0.325105 0.0433431 0.117322
1 0.861751 0.356384 0.0770824 0.0918432
3 0.0720844 0.39735 0.144033 0.133845
0 0.946023 0.444682 0.106688 0.157245
2 0.0721079 0.397318 0.143736 0.133079
1 0.0542114 0.290193 0.0876201 0.0667459
1 0.930146 0.0177448 0.0621061 0.0353215
1 0.772702 0.0274988 0.072597 0.0545097
0 0.861368 0.356524 0.0776415 0.0919939
