1 0.324927 0.086776 0.0868269 0.0853691
2 0.476628 0.79304 0.510826 0.412283
0 0.435704 0.350159 0.0914553 0.0987597
1 0.189041 0.144692 0.0879563 0.0884638
1 0.175325 0.0634045 0.133438 0.120855
1 0.255825 0.347428 0.0878748 0.0834002
0 0.422885 0.137501 0.0838478 0.0883277
1 0.236887 0.0876347 0.0710455 0.0760965
1 0.282043 0.125555 0.0843805 0.0852218
3 0.85812 0.0343784 0.142491 0.0687569
2 0.170158 0.964302 0.180471 0.0700164
1 0.139269 0.0337953 0.120925 0.0675266
0 0.544175 0.263265 0.113479 0.109119
3 0.921802 0.954911 0.156395 0.0895641
1 0.325305 0.18804 0.10839 0.0981219
1 0.523281 0.0920535 0.120003 0.106075
1 0.0289982 0.444829 0.0578688 0.130231
0 0.326421 0.189115 0.111464 0.0992534
1 0.483081 0.0530591 0.114898 0.106118
1 0.339607 0.399169 0.0920722 0.0923575
1 0.595022 0.160413 0.136461 0.139733
