1 0.0683986 0.860897 0.136797 0.13276
1 0.864302 0.149443 0.162055 0.150923
1 0.54608 0.785283 0.159604 0.168019
1 0.377885 0.22535 0.168394 0.163053
1 0.812316 0.0789814 0.155891 0.144816
1 0.394258 0.589967 0.130739 0.130972
1 0.917423 0.93839 0.150962 0.1123
1 0.230354 0.820517 0.149913 0.128116
1 0.689935 0.321944 0.12064 0.118032
1 0.203978 0.0508755 0.135041 0.101751
1 0.491499 0.129331 0.144622 0.134917
1 0.145998 0.278616 0.137105 0.167958
1 0.942721 0.298481 0.114559 0.155607
1 0.470989 0.372 0.162449 0.156565
1 0.274393 0.889411 0.115908 0.105179
1 0.201586 0.701419 0.182136 0.122403
1 0.303214 0.630187 0.142745 0.142233
1 0.719042 0.424264 0.139298 0.133719
1 0.141348 0.61425 0.105245 0.134356
1 0.480598 0.848616 0.12623 0.130987
1 0.417539 0.304298 0.126121 0.123011
1 0.124508 0.923764 0.131666 0.120518
1 0.527372 0.461863 0.126617 0.113104
1 0.0508987 0.160272 0.101725 0.128464
1 0.746512 0.711995 0.157871 0.145494
1 0.611044 0.254551 0.122111 0.114909
1 0.0490518 0.572919 0.0981036 0.112578
1 0.631487 0.375889 0.11785 0.120458
1 0.578233 0.520744 0.142185 0.136172
1 0.245892 0.541892 0.130656 0.152082
1 0.80319 0.779626 0.169215 0.157883
1 0.255021 0.0976607 0.168805 0.160555
1 0.630112 0.595384 0.107204 0.114044
1 0.633136 0.930964 0.143428 0.125872
1 0.0732061 0.325568 0.111917 0.113299
1 0.962624 0.0608908 0.0730739 0.121782
1 0.559705 0.960024 0.102713 0.0796847
1 0.544484 0.198114 0.158842 0.150137
1 0.744938 0.047269 0.14099 0.094538
1 0.0304025 0.380407 0.0608051 0.117804
1 0.0338055 0.783568 0.067611 0.116806
1 0.910437 0.23037 0.173235 0.163525
1 0.85025 0.535084 0.142426 0.127174
1 0.444221 0.0669625 0.153701 0.133925
1 0.945026 0.666844 0.109949 0.118629
1 0.467211 0.967619 0.137412 0.0642552
1 0.322072 0.155507 0.163179 0.15705
1 0.897257 0.855983 0.119287 0.108091
1 0.387896 0.0264889 0.108461 0.0527234
1 0.588854 0.409494 0.0806804 0.0890013
1 0.296651 0.187141 0.0964473 0.0893698
1 0.684242 0.661936 0.142593 0.10281
1 0.368711 0.955484 0.0845543 0.0618457
1 0.0167345 0.231243 0.0333246 0.0812989
1 0.675436 0.0209374 0.091419 0.0418749
1 0.895882 0.0303752 0.102749 0.0606629
1 0.848892 0.248971 0.0523752 0.0491873
0 0.895394 0.0300481 0.10048 0.0598505
1 0.286482 0.464159 0.113824 0.12378
1 0.88053 0.281521 0.0589681 0.0602973
1 0.254895 0.417848 0.0583499 0.051405
1 0.163254 0.959491 0.146943 0.0785127
1 0.912503 0.601971 0.139611 0.122604
1 0.382169 0.886683 0.0901085 0.0955079
0 0.774879 0.480551 0.168458 0.159669
0 0.382295 0.88856 0.0881588 0.0966256
