0 0.592579 0.681091 0.15713 0.157523
1 0.520695 0.741386 0.15687 0.145367
1 0.704997 0.556515 0.156895 0.153183
1 0.45534 0.0784051 0.137869 0.147145
1 0.441526 0.297037 0.130776 0.126315
1 0.221462 0.328845 0.152151 0.144857
1 0.149151 0.385206 0.120592 0.118631
1 0.101059 0.452369 0.132686 0.130961
1 0.0731266 0.675662 0.135179 0.132327
1 0.562669 0.175479 0.151134 0.143247
1 0.430876 0.651508 0.154427 0.153967
1 0.458284 0.806038 0.145595 0.14301
1 0.856668 0.221064 0.149041 0.139365
1 0.325593 0.431147 0.101979 0.1088
1 0.303191 0.779796 0.124803 0.123801
1 0.681594 0.0556482 0.129075 0.11037
1 0.332039 0.202411 0.118783 0.125751
1 0.672129 0.413344 0.137505 0.143867
2 0.869236 0.865012 0.242107 0.197056
1 0.395439 0.139391 0.120077 0.118846
1 0.19777 0.540577 0.15266 0.144868
1 0.821612 0.432902 0.147158 0.149232
1 0.0514642 0.511423 0.102185 0.147476
1 0.190202 0.903274 0.141026 0.138346
1 0.78107 0.514479 0.161326 0.15288
1 0.488719 0.587166 0.13683 0.13851
1 0.539299 0.52532 0.109902 0.110561
1 0.790196 0.28485 0.150983 0.150715
1 0.50896 0.242116 0.120828 0.120874
1 0.63126 0.10673 0.124907 0.129664
1 0.157302 0.0527657 0.134886 0.104952
1 0.134932 0.613911 0.109587 0.110309
1 0.606479 0.474472 0.130434 0.124613
1 0.352969 0.939827 0.130607 0.114954
1 0.723942 0.339464 0.116152 0.12046
1 0.247666 0.833513 0.131598 0.112292
1 0.656665 0.626278 0.10333 0.109487
1 0.364498 0.710163 0.132544 0.132164
1 0.264866 0.957674 0.128089 0.0846522
1 0.254639 0.490511 0.122854 0.109719
1 0.123318 0.945894 0.142363 0.107075
1 0.0395199 0.0415426 0.0785976 0.0828189
1 0.515494 0.0436791 0.127397 0.0869491
1 0.964867 0.0733583 0.0687457 0.144199
1 0.270755 0.264136 0.117838 0.119735
0 0.957956 0.747967 0.0840288 0.10645
1 0.386668 0.366393 0.114922 0.112649
1 0.932517 0.31421 0.134298 0.18508
1 0.234128 0.0250039 0.101147 0.0498574
1 0.968538 0.671388 0.0625596 0.0822953
1 0.978412 0.970499 0.0424056 0.0589858
1 0.408395 0.877327 0.10721 0.104083
1 0.0596739 0.167964 0.119105 0.130373
1 0.0437189 0.984375 0.0700917 0.0308143
1 0.58794 0.0154433 0.0805669 0.0308865
1 0.107477 0.110673 0.119374 0.115724
1 0.0398253 0.737479 0.0786757 0.120359
1 0.0129114 0.575536 0.0254611 0.057394
