1 0.0917794 0.702074 0.122594 0.123583
1 0.145054 0.657556 0.122772 0.132446
1 0.253156 0.577081 0.136685 0.1438
1 0.633836 0.706762 0.151962 0.100405
1 0.439781 0.904717 0.15097 0.0968189
1 0.672998 0.902539 0.149997 0.0969042
1 0.189413 0.619686 0.120641 0.125994
1 0.42842 0.837921 0.162651 0.0905263
1 0.692542 0.960034 0.146315 0.0785275
1 0.37865 0.709122 0.171485 0.0931752
1 0.295263 0.529674 0.137023 0.139598
1 0.376991 0.641707 0.150137 0.090736
1 0.229237 0.941144 0.0690072 0.116104
1 0.617203 0.637484 0.156837 0.0944552
1 0.296262 0.943849 0.0954378 0.112301
1 0.343937 0.478517 0.13019 0.14059
1 0.489562 0.296607 0.141031 0.129956
1 0.391083 0.779374 0.165275 0.0948298
0 0.0566191 0.754648 0.112626 0.121021
0 0.541033 0.375013 0.153745 0.112685
0 0.0359624 0.968998 0.0673513 0.0618992
1 0.444701 0.962761 0.13134 0.0730172
1 0.104861 0.962899 0.0722475 0.0732886
1 0.0534378 0.753664 0.106876 0.124947
1 0.645716 0.772712 0.155361 0.105183
1 0.161378 0.941493 0.0810605 0.114356
1 0.539943 0.375696 0.154908 0.112005
0 0.577996 0.507942 0.158952 0.101471
