1 0.608424 0.80788 0.170814 0.159148
1 0.88909 0.458364 0.0973449 0.0999865
1 0.829488 0.924528 0.189667 0.150944
1 0.538911 0.386766 0.186469 0.187053
1 0.687913 0.905828 0.162035 0.158348
1 0.897927 0.716316 0.0913888 0.0970252
1 0.926729 0.746735 0.0887383 0.0896406
1 0.707835 0.548716 0.110103 0.114051
1 0.668405 0.246991 0.175574 0.163408
1 0.670418 0.508789 0.089206 0.0920488
1 0.951719 0.782874 0.0943813 0.101894
1 0.862515 0.684869 0.0928032 0.0902381
1 0.500184 0.688552 0.175021 0.173341
1 0.202143 0.406938 0.153832 0.133695
1 0.252774 0.328083 0.154697 0.130065
1 0.0692685 0.122407 0.13814 0.167494
1 0.168329 0.798518 0.10986 0.124712
1 0.0920874 0.0610748 0.153305 0.12215
1 0.295227 0.858051 0.181738 0.182423
1 0.604003 0.455749 0.0990138 0.103928
0 0.810814 0.397734 0.147751 0.146066
1 0.398121 0.942981 0.121898 0.114039
1 0.637474 0.474603 0.0887288 0.0950109
1 0.255437 0.0313775 0.112985 0.0624319
1 0.956408 0.517951 0.0851872 0.093469
1 0.775406 0.613709 0.141123 0.147025
1 0.12046 0.856437 0.0964253 0.0912594
1 0.940907 0.889579 0.108564 0.111937
1 0.970642 0.819588 0.0581555 0.105442
1 0.252665 0.223819 0.0759263 0.0760432
1 0.0488238 0.707759 0.0969588 0.136144
1 0.374476 0.0531648 0.0891007 0.104731
1 0.0467209 0.234049 0.0934011 0.130405
1 0.973643 0.555019 0.0524125 0.0859301
1 0.920073 0.48784 0.0844388 0.0948437
1 0.159784 0.500923 0.12698 0.130446
1 0.833807 0.653127 0.0845318 0.0877059
1 0.558023 0.418104 0.135248 0.126132
1 0.755155 0.326207 0.1276 0.132725
1 0.11644 0.459899 0.0724856 0.0693429
1 0.103806 0.750386 0.129708 0.114994
1 0.463169 0.652658 0.102272 0.101248
0 0.0496033 0.708655 0.0992066 0.144051
1 0.072046 0.427989 0.0711798 0.0775914
1 0.102357 0.984285 0.0847953 0.0313135
