1 0.0990342 0.391435 0.130209 0.131325
1 0.303809 0.86316 0.130352 0.119822
1 0.772011 0.52105 0.140605 0.134266
1 0.494071 0.798308 0.116431 0.107728
1 0.743301 0.67789 0.149491 0.152694
1 0.348685 0.664139 0.138363 0.142496
1 0.1007 0.939878 0.13139 0.120126
1 0.410681 0.599221 0.143491 0.133573
1 0.32577 0.140585 0.166071 0.155171
1 0.569944 0.415773 0.115826 0.118124
1 0.839186 0.576245 0.126842 0.12423
1 0.901508 0.330541 0.117738 0.122116
1 0.638882 0.357253 0.132596 0.120641
1 0.423394 0.935443 0.119882 0.12614
0 0.0474827 0.101061 0.0949654 0.124315
1 0.317823 0.358612 0.118552 0.133153
1 0.384821 0.075102 0.162176 0.150204
1 0.280031 0.713151 0.114162 0.114154
1 0.137852 0.560501 0.114137 0.113517
1 0.0522607 0.880768 0.104521 0.116266
1 0.703084 0.456223 0.135809 0.129934
1 0.191753 0.496626 0.123527 0.121215
1 0.723162 0.156701 0.1316 0.140873
1 0.841713 0.0651693 0.141149 0.130339
1 0.430052 0.25684 0.122497 0.118691
1 0.0726946 0.617013 0.108434 0.101259
1 0.76606 0.0440935 0.140435 0.0879472
1 0.255355 0.42624 0.135011 0.13555
1 0.878884 0.711642 0.112557 0.110193
1 0.950153 0.670568 0.0996935 0.118581
1 0.783989 0.218942 0.133642 0.135729
1 0.0379026 0.441766 0.0758052 0.110224
1 0.48959 0.194842 0.111468 0.111228
1 0.469133 0.539209 0.118 0.128038
1 0.22219 0.773971 0.118478 0.113051
1 0.517442 0.481232 0.114382 0.108391
1 0.910852 0.933142 0.11461 0.123244
1 0.744844 0.968631 0.106708 0.0627375
1 0.852209 0.26242 0.137884 0.131224
1 0.622296 0.623017 0.0922065 0.0862718
1 0.355038 0.96153 0.0986018 0.0762959
1 0.907749 0.114572 0.143373 0.148988
1 0.788955 0.75334 0.124214 0.121045
1 0.950546 0.188815 0.097646 0.149385
1 0.952996 0.38352 0.0931232 0.122953
1 0.962956 0.902276 0.0740885 0.112023
1 0.831303 0.954236 0.0908813 0.0911738
0 0.260991 0.204635 0.151029 0.15988
1 0.459327 0.0398486 0.117686 0.0794186
1 0.581981 0.120065 0.110067 0.111023
1 0.522206 0.890729 0.159648 0.1277
1 0.089582 0.0547955 0.142018 0.109263
1 0.153642 0.331775 0.132824 0.129985
1 0.367742 0.315062 0.102452 0.11103
1 0.0317616 0.693785 0.0635233 0.104781
1 0.512837 0.694262 0.11875 0.115384
1 0.0382291 0.198776 0.0530068 0.0538807
1 0.16187 0.0251617 0.0994974 0.050183
1 0.970837 0.468073 0.0577797 0.101796
0 0.4902 0.196937 0.114482 0.113959
