1 0.439119 0.390428 0.120808 0.140389
1 0.762713 0.911103 0.177586 0.150177
1 0.593233 0.835496 0.158605 0.179909
1 0.566056 0.488662 0.171781 0.144882
1 0.179867 0.818357 0.129984 0.139006
1 0.295939 0.33229 0.126777 0.129551
1 0.0982112 0.290818 0.111172 0.128849
1 0.284494 0.922126 0.192674 0.154142
1 0.715667 0.744182 0.158966 0.130604
1 0.489247 0.697583 0.111241 0.108456
1 0.482286 0.0992164 0.155455 0.125718
1 0.341388 0.0734727 0.150614 0.135508
1 0.190416 0.0518104 0.167736 0.10273
0 0.340598 0.0734555 0.150769 0.138734
0 0.594064 0.834755 0.159782 0.180631
0 0.635646 0.112881 0.162552 0.144384
1 0.635633 0.113034 0.166234 0.144808
1 0.20809 0.217731 0.0648593 0.0482461
