1 0.857341 0.393161 0.0856738 0.0995555
1 0.216467 0.49133 0.139286 0.134397
0 0.442636 0.381368 0.0504358 0.103936
1 0.616832 0.340821 0.0973302 0.0861505
1 0.520354 0.210718 0.0863215 0.126662
0 0.517322 0.3944 0.107219 0.112291
1 0.38974 0.381323 0.0558349 0.0864033
0 0.696499 0.352114 0.0720272 0.0801741
0 0.0802362 0.214092 0.0706015 0.0948585
1 0.93447 0.418915 0.110587 0.102794
1 0.116356 0.320165 0.0618721 0.0802039
0 0.474751 0.183476 0.0838777 0.141959
1 0.566979 0.535769 0.0521259 0.0972404
0 0.42037 0.191794 0.0594143 0.0615006
0 0.90128 0.919506 0.122319 0.158985
1 0.441916 0.381283 0.0521532 0.101728
1 0.0887161 0.321938 0.11456 0.0876559
0 0.943137 0.241872 0.113589 0.108349
0 0.522045 0.210998 0.0846442 0.125675
0 0.106932 0.467764 0.0723531 0.12787
0 0.491973 0.386624 0.0533527 0.0935884
1 0.973858 0.910498 0.0518796 0.175421
0 0.974566 0.90578 0.0498227 0.188439
1 0.334354 0.374756 0.0704535 0.0812638
1 0.756975 0.922179 0.173387 0.15308
3 0.636807 0.909676 0.116894 0.178493
