1 0.733077 0.927879 0.156852 0.134895
1 0.519468 0.768414 0.149366 0.154246
1 0.0824379 0.340315 0.14841 0.159392
1 0.216225 0.0749511 0.121672 0.130228
1 0.620062 0.411534 0.134794 0.126754
1 0.14663 0.231054 0.155196 0.152538
1 0.6515 0.715723 0.156035 0.152694
1 0.468944 0.392313 0.0679787 0.0804383
1 0.704731 0.822238 0.138264 0.140018
0 0.302507 0.332125 0.0986421 0.110432
0 0.0403421 0.590136 0.0803388 0.0904505
1 0.56672 0.521234 0.116763 0.12553
1 0.364318 0.941244 0.178806 0.117166
1 0.463396 0.557461 0.127935 0.110308
1 0.901794 0.730838 0.151081 0.150314
1 0.934017 0.851215 0.13153 0.126562
1 0.66758 0.323483 0.118388 0.117918
1 0.565331 0.878162 0.157443 0.143383
1 0.594942 0.960289 0.129165 0.0779374
1 0.68851 0.222771 0.15956 0.132601
1 0.956837 0.946381 0.0858326 0.106695
1 0.378669 0.065085 0.125133 0.13017
1 0.76877 0.980162 0.114582 0.0393126
1 0.029932 0.436071 0.0593684 0.10179
1 0.223789 0.961115 0.14569 0.0773543
