1 0.135316 0.559285 0.141093 0.112527
1 0.354102 0.626568 0.153508 0.125578
1 0.770864 0.222966 0.152619 0.106242
1 0.133253 0.335263 0.129788 0.109376
1 0.775908 0.331604 0.139346 0.102718
1 0.10367 0.801986 0.134718 0.152101
1 0.968752 0.190844 0.0618975 0.105715
1 0.125212 0.663177 0.141489 0.103588
1 0.747695 0.0941552 0.118966 0.0596772
1 0.0740844 0.926362 0.146903 0.139235
1 0.961658 0.0815083 0.076371 0.127923
1 0.753877 0.142166 0.121975 0.0579609
2 0.592681 0.283715 0.19067 0.127865
2 0.289876 0.05828 0.142431 0.114584
1 0.117585 0.113626 0.162279 0.112515
1 0.226364 0.653213 0.0493822 0.0527651
1 0.975109 0.297441 0.0494038 0.104786
1 0.133646 0.448863 0.129549 0.0987116
1 0.342685 0.502609 0.168629 0.120815
2 0.135516 0.334851 0.122146 0.109705
1 0.119922 0.221464 0.140086 0.106883
