1 0.40951 0.227715 0.144392 0.129378
1 0.451151 0.613768 0.140345 0.144245
1 0.672002 0.846634 0.160399 0.147665
1 0.790775 0.183013 0.127467 0.129926
1 0.532149 0.108923 0.12416 0.123953
1 0.296254 0.356004 0.125677 0.12154
1 0.922654 0.807855 0.109817 0.10613
1 0.243643 0.413943 0.124357 0.121467
1 0.601191 0.0578869 0.131835 0.115774
1 0.812908 0.372685 0.168978 0.178467
1 0.518757 0.421616 0.116091 0.138926
1 0.741208 0.76831 0.168139 0.147478
1 0.3118 0.789299 0.120943 0.112287
1 0.0617252 0.361901 0.12345 0.132858
1 0.194293 0.926805 0.150871 0.145383
1 0.238534 0.152264 0.128747 0.12606
1 0.381227 0.556856 0.153768 0.15546
1 0.232446 0.739237 0.12903 0.129346
1 0.295215 0.0924537 0.115457 0.113493
1 0.576576 0.352413 0.131249 0.13675
1 0.858312 0.886355 0.143418 0.140992
1 0.348782 0.291618 0.119394 0.112429
1 0.111959 0.297589 0.127528 0.131437
1 0.855511 0.118729 0.116076 0.126961
1 0.606601 0.584753 0.1335 0.131719
1 0.801964 0.943872 0.11726 0.1103
1 0.651246 0.298116 0.121085 0.118852
1 0.135347 0.705104 0.139235 0.129085
1 0.165971 0.229139 0.115406 0.11844
1 0.735598 0.432069 0.120687 0.155524
1 0.0903414 0.529811 0.141798 0.127017
1 0.810934 0.702254 0.133606 0.138315
1 0.719983 0.245916 0.129072 0.123376
1 0.35388 0.868112 0.14972 0.141736
1 0.968347 0.507776 0.0625451 0.126183
1 0.147412 0.457723 0.127363 0.112587
1 0.520955 0.672301 0.1598 0.148219
1 0.884033 0.635419 0.153534 0.154593
1 0.470589 0.152078 0.115429 0.106954
1 0.950027 0.239765 0.0998968 0.112424
1 0.961428 0.752463 0.0766218 0.138049
1 0.108405 0.887491 0.125576 0.119864
1 0.533847 0.971205 0.117285 0.0569642
1 0.935396 0.575793 0.114653 0.114619
1 0.895701 0.284691 0.134591 0.145469
1 0.361145 0.0532219 0.129773 0.105851
1 0.685666 0.505506 0.13499 0.149309
1 0.0942274 0.640244 0.127476 0.0966403
1 0.438764 0.0350686 0.12654 0.0700671
1 0.0732752 0.030313 0.104953 0.0604261
1 0.922764 0.0754495 0.133799 0.132027
1 0.681741 0.0267747 0.0978982 0.0532797
1 0.462142 0.485795 0.112451 0.115666
0 0.92189 0.0741113 0.136982 0.133879
1 0.0335699 0.0657497 0.0658842 0.121387
1 0.290695 0.955831 0.15511 0.0871124
1 0.0638038 0.801574 0.127298 0.144572
1 0.960801 0.0448932 0.0776579 0.0889215
1 0.0285446 0.427402 0.0549877 0.114788
1 0.0316463 0.846469 0.0627782 0.0624349
