1 0.399393 0.180011 0.141243 0.131796
1 0.820988 0.0759841 0.146675 0.131659
1 0.0992954 0.0988898 0.132012 0.126022
1 0.806888 0.94384 0.162212 0.112319
1 0.329747 0.354803 0.145501 0.136889
1 0.879975 0.152551 0.143851 0.126175
1 0.270239 0.284599 0.146589 0.135593
1 0.385002 0.42477 0.143464 0.12775
1 0.167146 0.161014 0.117802 0.107025
1 0.460665 0.238406 0.143982 0.140611
1 0.740906 0.257371 0.175912 0.167146
1 0.643324 0.779394 0.112198 0.106189
1 0.727152 0.593864 0.135161 0.127318
1 0.204185 0.234056 0.120378 0.112222
1 0.743442 0.911488 0.142708 0.128623
1 0.625615 0.446903 0.121868 0.115108
0 0.945413 0.545648 0.109174 0.137588
1 0.68694 0.518294 0.137752 0.127484
1 0.69767 0.827963 0.166945 0.15218
1 0.879512 0.794213 0.14376 0.141133
1 0.338589 0.126935 0.144635 0.136409
1 0.793935 0.659829 0.129317 0.110717
1 0.59852 0.708021 0.143456 0.136364
1 0.563296 0.373414 0.158889 0.127561
1 0.793342 0.330047 0.128132 0.126322
1 0.477571 0.565672 0.13799 0.124156
1 0.634784 0.117342 0.150824 0.127416
1 0.868892 0.3949 0.156601 0.138974
1 0.570826 0.0574469 0.154233 0.113837
1 0.416757 0.494324 0.152331 0.14904
1 0.912245 0.462509 0.172122 0.154031
1 0.278869 0.7389 0.154647 0.127415
2 0.41239 0.846813 0.178096 0.278009
1 0.948054 0.927671 0.103242 0.142028
1 0.921127 0.859362 0.149742 0.139658
1 0.548087 0.631178 0.148614 0.126215
1 0.50567 0.31408 0.1521 0.152701
2 0.168177 0.849625 0.257065 0.223202
1 0.927049 0.217378 0.131184 0.105755
1 0.974111 0.61589 0.0512301 0.0938635
1 0.0986498 0.873674 0.112968 0.120864
1 0.870094 0.975485 0.110222 0.0486857
1 0.692842 0.18798 0.139505 0.127547
1 0.487873 0.967918 0.148722 0.0634297
1 0.720463 0.0596919 0.0720372 0.0833426
2 0.126126 0.637746 0.250687 0.276152
1 0.178541 0.849767 0.231839 0.222441
1 0.305293 0.0469842 0.12329 0.0935588
1 0.125785 0.631431 0.251571 0.271109
1 0.215124 0.034005 0.118288 0.0677099
1 0.524657 0.0176082 0.0752029 0.0352165
1 0.976509 0.0179567 0.0467761 0.0359134
1 0.829007 0.732374 0.14669 0.118212
