1 0.511571 0.258539 0.155692 0.128677
1 0.200486 0.502698 0.110847 0.114506
1 0.561902 0.341972 0.149943 0.120601
1 0.129988 0.539078 0.111945 0.114643
1 0.935537 0.0603211 0.115701 0.120642
1 0.589507 0.422732 0.132475 0.119123
1 0.737317 0.439915 0.153009 0.0943021
1 0.382172 0.857749 0.132196 0.118743
1 0.56931 0.0980902 0.137591 0.131311
1 0.59597 0.718986 0.121435 0.0941305
1 0.768155 0.814653 0.139504 0.0883746
1 0.473429 0.162511 0.146178 0.143847
1 0.777735 0.903968 0.147818 0.096526
1 0.591113 0.635781 0.109104 0.0732265
1 0.705179 0.315646 0.127978 0.113415
1 0.195116 0.932641 0.122239 0.126912
1 0.776445 0.217266 0.135626 0.150001
1 0.0633404 0.828474 0.122101 0.149617
1 0.772167 0.645261 0.102992 0.0708753
1 0.775067 0.0521765 0.0958872 0.0997124
0 0.626516 0.890125 0.141901 0.0809343
1 0.750377 0.527755 0.0931594 0.0858073
1 0.955256 0.566898 0.089031 0.0893424
1 0.763091 0.731047 0.147155 0.0836639
1 0.972601 0.755998 0.0545309 0.0857705
1 0.843616 0.034226 0.106445 0.068452
0 0.27009 0.886716 0.11442 0.118008
1 0.137902 0.794414 0.123408 0.131333
1 0.596863 0.526115 0.13019 0.103066
1 0.955978 0.479212 0.0865035 0.0834399
1 0.697873 0.0832542 0.124819 0.128626
1 0.295155 0.697985 0.129957 0.142029
1 0.379844 0.680158 0.0840331 0.104608
1 0.612627 0.966298 0.143423 0.0664716
1 0.788198 0.977323 0.127661 0.0451062
0 0.304661 0.379811 0.166259 0.130102
1 0.055234 0.376853 0.110468 0.146794
1 0.96385 0.656609 0.0701363 0.115716
1 0.214214 0.744678 0.125919 0.131363
1 0.328344 0.449615 0.179877 0.130325
1 0.0851324 0.956208 0.169137 0.0869098
1 0.1222 0.3451 0.118307 0.137089
1 0.056387 0.580575 0.0954304 0.102802
1 0.0576425 0.049903 0.115285 0.0983858
0 0.614563 0.806022 0.145877 0.0786381
1 0.022387 0.864214 0.0444875 0.114818
0 0.270049 0.248955 0.112545 0.119467
1 0.976906 0.840309 0.0459355 0.078228
1 0.138952 0.0247269 0.100479 0.0493475
1 0.980774 0.26437 0.0381124 0.0982242
1 0.31232 0.390017 0.184181 0.149299
1 0.209847 0.305107 0.116177 0.145928
1 0.980489 0.0897716 0.0387684 0.0969708
0 0.59654 0.527233 0.134144 0.104348
0 0.918056 0.234901 0.11683 0.154545
1 0.613873 0.806575 0.151524 0.0777253
