0 0.911516 0.775558 0.0816964 0.120882
1 0.526013 0.800862 0.167962 0.0992056
1 0.669747 0.480832 0.160961 0.1467
1 0.513437 0.715571 0.159423 0.0862731
1 0.672481 0.618504 0.133316 0.0823482
1 0.246679 0.691264 0.172203 0.143694
1 0.220865 0.849134 0.0851334 0.122031
1 0.698871 0.863722 0.157564 0.0986743
1 0.882916 0.411106 0.134748 0.116462
1 0.685085 0.778374 0.15047 0.0896431
0 0.472359 0.507772 0.136056 0.104738
1 0.915182 0.217422 0.147874 0.113633
1 0.529691 0.893056 0.146373 0.0815167
1 0.69135 0.696813 0.167249 0.0933855
1 0.697955 0.949199 0.160224 0.091194
1 0.929954 0.133447 0.133903 0.0944445
1 0.311398 0.856355 0.11635 0.111624
1 0.564873 0.500969 0.069092 0.105757
1 0.945312 0.0531552 0.109375 0.105188
1 0.486248 0.625279 0.132817 0.0968403
1 0.888249 0.303844 0.140056 0.105066
1 0.964361 0.608933 0.0695479 0.12249
1 0.115906 0.709176 0.0823798 0.131495
1 0.136687 0.861224 0.100234 0.141927
0 0.0338432 0.516474 0.0676863 0.0726544
1 0.539896 0.96381 0.139769 0.0721624
1 0.972211 0.772375 0.0551027 0.129113
1 0.975221 0.973539 0.0490282 0.0525186
0 0.0530588 0.884308 0.0955449 0.10036
1 0.0412107 0.718786 0.0824012 0.151173
1 0.617979 0.275175 0.216354 0.164555
1 0.726417 0.990815 0.100232 0.0181233
1 0.0551087 0.885329 0.0899713 0.0973409
2 0.128399 0.0332565 0.175092 0.0663371
1 0.986861 0.357738 0.0259345 0.0850421
2 0.61535 0.277574 0.220133 0.168231
