1 0.749725 0.811864 0.130182 0.099582
1 0.423466 0.196596 0.0869622 0.0826499
1 0.0901684 0.951831 0.128481 0.0945295
0 0.737599 0.692172 0.143121 0.14592
1 0.220545 0.281018 0.104291 0.0823388
1 0.762903 0.90096 0.127315 0.0903115
1 0.442607 0.0906654 0.128062 0.108879
1 0.7713 0.969655 0.145054 0.0604128
1 0.510449 0.967592 0.154695 0.0644466
1 0.480592 0.0401626 0.132152 0.0800274
1 0.330835 0.717739 0.126625 0.121718
1 0.228055 0.192261 0.110042 0.0767621
1 0.321226 0.909282 0.158045 0.0984504
1 0.230384 0.712203 0.0732305 0.0790819
1 0.0262368 0.174322 0.0524736 0.0788888
1 0.493718 0.887032 0.163836 0.104486
1 0.942232 0.0562675 0.115537 0.111912
1 0.329741 0.973757 0.159447 0.0522909
1 0.214007 0.0309777 0.117681 0.0614774
0 0.628802 0.657429 0.0982696 0.118152
1 0.540124 0.666514 0.0830775 0.126702
1 0.0482854 0.357104 0.0965708 0.0814624
1 0.066505 0.830351 0.13301 0.129435
0 0.741907 0.120173 0.0686114 0.0620136
0 0.150708 0.758144 0.103056 0.113164
0 0.0249464 0.25769 0.0498072 0.0802491
1 0.465721 0.695829 0.0817643 0.107209
1 0.152112 0.756813 0.102412 0.110046
0 0.0505861 0.357078 0.100865 0.0824772
1 0.225762 0.114045 0.100554 0.0759342
0 0.224681 0.113561 0.0962584 0.0735536
0 0.0676758 0.830087 0.135352 0.127933
1 0.0316303 0.0775116 0.0631422 0.0992751
1 0.0582462 0.0202494 0.115461 0.0401986
1 0.0249923 0.256493 0.0499845 0.0772199
1 0.951272 0.201892 0.0880842 0.0718021
