1 0.645379 0.379551 0.0980823 0.0904585
1 0.482673 0.826945 0.102615 0.0983378
1 0.600272 0.875023 0.111204 0.102282
1 0.787765 0.28811 0.108509 0.125093
1 0.891328 0.0726525 0.12023 0.0907553
1 0.243057 0.082219 0.137308 0.131839
0 0.815174 0.741408 0.075736 0.0822637
1 0.443178 0.144424 0.116672 0.117732
1 0.674465 0.0686466 0.156131 0.137026
0 0.455595 0.424942 0.10682 0.0952586
1 0.573903 0.0517276 0.113226 0.102278
1 0.669395 0.556086 0.0783713 0.0756428
1 0.989437 0.687658 0.0211259 0.0856445
