1 0.284037 0.64474 0.114777 0.105399
1 0.864002 0.363339 0.0985324 0.0932013
0 0.917292 0.0437285 0.0951991 0.0874571
1 0.364107 0.495799 0.120057 0.119684
1 0.639462 0.715269 0.111712 0.119834
1 0.400614 0.754992 0.137286 0.146134
1 0.0976103 0.883266 0.116934 0.121394
1 0.0538242 0.255534 0.107648 0.115274
1 0.0531439 0.640199 0.105493 0.13815
1 0.854584 0.667901 0.119624 0.134933
1 0.535734 0.621024 0.132743 0.151882
1 0.14435 0.825143 0.112624 0.114671
1 0.751354 0.804853 0.112975 0.108557
2 0.95104 0.499229 0.0975804 0.225906
1 0.41115 0.548177 0.114573 0.121819
1 0.699695 0.756383 0.127855 0.130296
1 0.945857 0.770783 0.108286 0.143232
1 0.49102 0.0729494 0.099236 0.0898445
1 0.594027 0.670658 0.125147 0.130212
1 0.474229 0.583958 0.135531 0.142357
1 0.46581 0.37587 0.140273 0.151377
1 0.0797462 0.942714 0.159432 0.114571
1 0.183161 0.444275 0.105918 0.111786
1 0.383525 0.207489 0.107671 0.104975
1 0.68365 0.544695 0.124107 0.140646
1 0.86528 0.879681 0.114664 0.120405
1 0.83817 0.39786 0.0938535 0.0880386
1 0.811276 0.845672 0.105597 0.110883
1 0.893509 0.329353 0.0925953 0.0841345
1 0.231154 0.0428695 0.126289 0.084936
1 0.287827 0.922785 0.122495 0.104421
1 0.929586 0.297221 0.0754235 0.0864571
1 0.643867 0.92071 0.163435 0.151258
1 0.219346 0.393198 0.0975704 0.0925215
1 0.199011 0.766629 0.132078 0.134547
1 0.744538 0.58531 0.117572 0.128036
1 0.703596 0.0371532 0.0809243 0.0743064
1 0.792793 0.634819 0.138261 0.158419
1 0.325597 0.277763 0.110557 0.0977256
1 0.72673 0.255608 0.0774226 0.070276
0 0.654894 0.314656 0.097178 0.0940576
1 0.523651 0.418196 0.128774 0.139191
1 0.512067 0.0380553 0.115478 0.075849
1 0.898963 0.731364 0.142025 0.152961
1 0.162263 0.0841117 0.108618 0.119845
1 0.231065 0.699238 0.110226 0.116341
1 0.47239 0.866992 0.0950341 0.0940905
1 0.431661 0.143487 0.0891633 0.083341
1 0.461197 0.10572 0.091114 0.0860805
1 0.270277 0.312914 0.165303 0.153101
1 0.0601057 0.396305 0.0801542 0.079058
1 0.100573 0.426769 0.100191 0.111859
1 0.587274 0.226859 0.154939 0.150912
1 0.0277891 0.300262 0.0555781 0.0708204
1 0.787265 0.423249 0.127582 0.104274
1 0.813597 0.26411 0.0872746 0.0802075
1 0.341177 0.244498 0.115288 0.104679
1 0.0948276 0.550252 0.145804 0.144166
1 0.918992 0.936055 0.114386 0.121286
1 0.0330125 0.0310443 0.06573 0.0611424
1 0.968296 0.96505 0.0625719 0.0693992
0 0.345871 0.826024 0.139961 0.129963
1 0.647287 0.166999 0.14979 0.166369
1 0.0170666 0.0717176 0.0339074 0.0583388
1 0.806917 0.0351717 0.0941033 0.0703434
1 0.95572 0.0593405 0.0879076 0.115695
1 0.253574 0.118991 0.109793 0.0968356
1 0.346656 0.831712 0.14227 0.136467
1 0.564557 0.0196664 0.0757179 0.0392921
1 0.974516 0.174586 0.0506775 0.102479
1 0.817556 0.0863538 0.10141 0.105789
0 0.267251 0.309112 0.169569 0.164547
1 0.522771 0.825875 0.11612 0.12321
1 0.0231036 0.358395 0.0455068 0.0880855
0 0.917027 0.937218 0.131534 0.124514
0 0.761507 0.347107 0.165635 0.164926
0 0.647465 0.168082 0.150084 0.159222
1 0.575917 0.876376 0.0674825 0.0698023
0 0.805627 0.035499 0.0952108 0.0708516
0 0.772537 0.318734 0.124391 0.106884
1 0.748729 0.990148 0.0672197 0.01928
