1 0.578059 0.569031 0.137417 0.131307
1 0.859249 0.556844 0.175923 0.175348
1 0.629765 0.705256 0.124235 0.120693
1 0.0433845 0.122949 0.086769 0.119157
0 0.423748 0.769945 0.12574 0.109486
1 0.155194 0.174487 0.0966133 0.108137
1 0.326336 0.373942 0.17666 0.181096
0 0.759532 0.234105 0.114574 0.11707
1 0.322264 0.0609029 0.133632 0.120964
0 0.653706 0.182759 0.179534 0.180046
1 0.973708 0.304388 0.052097 0.100381
0 0.350874 0.637608 0.132776 0.113766
2 0.326245 0.373658 0.176135 0.182716
0 0.382986 0.466359 0.143735 0.144817
0 0.973139 0.304561 0.0528066 0.102886
