1 0.577415 0.367744 0.159916 0.15796
1 0.239916 0.105022 0.147614 0.132564
1 0.470715 0.147923 0.133399 0.123216
1 0.21905 0.591848 0.122717 0.130709
1 0.628321 0.285748 0.13402 0.130238
1 0.291435 0.640967 0.126113 0.130821
1 0.151516 0.552075 0.122006 0.125988
1 0.0555327 0.238775 0.111065 0.120106
1 0.0809432 0.493971 0.136205 0.150675
1 0.756693 0.483082 0.145485 0.132959
1 0.906074 0.598621 0.137092 0.132465
1 0.363564 0.693283 0.144542 0.169607
1 0.145723 0.292297 0.125418 0.130118
1 0.699935 0.562564 0.161626 0.149303
1 0.727489 0.135207 0.145247 0.127666
0 0.718425 0.920626 0.151509 0.141611
1 0.280226 0.378564 0.136366 0.151434
0 0.691355 0.21543 0.155278 0.143755
1 0.784683 0.400889 0.150025 0.14347
1 0.768641 0.0523639 0.118162 0.104725
2 0.0885398 0.83142 0.167718 0.163043
0 0.864977 0.682686 0.12401 0.121696
1 0.494526 0.445887 0.0942347 0.120346
1 0.862049 0.259267 0.0830462 0.0765734
1 0.874968 0.975084 0.115299 0.0494158
1 0.977685 0.328372 0.0442877 0.0892406
1 0.275555 0.0410641 0.116497 0.0821282
1 0.501716 0.0609323 0.132032 0.116664
1 0.815341 0.763652 0.13495 0.118491
1 0.345424 0.439809 0.153099 0.179682
1 0.0363404 0.152507 0.0726807 0.0936808
1 0.947506 0.95174 0.104648 0.0939739
1 0.401308 0.231588 0.123189 0.13875
0 0.765153 0.844156 0.121775 0.108431
0 0.661031 0.650186 0.135233 0.1301
2 0.0560123 0.725656 0.110816 0.179986
0 0.443392 0.733608 0.134973 0.152302
1 0.958003 0.531624 0.0839934 0.112913
1 0.444787 0.73368 0.134501 0.151472
1 0.820982 0.318804 0.105983 0.110765
1 0.920103 0.305355 0.0710707 0.0679857
1 0.491509 0.957976 0.134475 0.0836487
1 0.374242 0.943794 0.121191 0.112103
1 0.940086 0.284362 0.106394 0.115704
1 0.0349449 0.466661 0.0698344 0.121707
1 0.960985 0.870642 0.07803 0.110682
1 0.0472097 0.0492752 0.0927596 0.09793
1 0.816042 0.0185319 0.0955188 0.0363432
0 0.612957 0.706655 0.150069 0.124302
1 0.718112 0.917948 0.143743 0.136898
