1 0.750757 0.828684 0.125914 0.125148
1 0.862668 0.518198 0.0876245 0.0907417
1 0.474756 0.218275 0.119683 0.140072
1 0.575467 0.0465527 0.139481 0.0921933
0 0.493171 0.638613 0.12504 0.0798063
0 0.640513 0.656762 0.105601 0.0951984
1 0.0541368 0.186118 0.107038 0.123278
1 0.442564 0.533003 0.12567 0.0927447
1 0.0519734 0.930464 0.102475 0.13776
1 0.325857 0.610151 0.0941591 0.0831095
1 0.0921372 0.414726 0.163846 0.183268
1 0.949799 0.677818 0.100402 0.120287
1 0.963905 0.964707 0.0716792 0.0697662
0 0.0777603 0.742768 0.104919 0.11776
2 0.0913564 0.414395 0.168698 0.182575
1 0.641359 0.655121 0.100949 0.0927625
