0 0.282282 0.288234 0.0919625 0.0987426
1 0.535078 0.225122 0.122587 0.14207
1 0.450013 0.240561 0.0869019 0.0937174
1 0.707702 0.368114 0.122254 0.125335
1 0.642515 0.182441 0.102136 0.114476
1 0.620572 0.404508 0.109546 0.120282
1 0.816566 0.293992 0.146503 0.121008
1 0.206495 0.318314 0.112251 0.11818
1 0.183657 0.597041 0.10464 0.128927
0 0.0334972 0.640677 0.0663983 0.141725
2 0.924721 0.685286 0.149695 0.153835
1 0.950332 0.1471 0.0993363 0.135054
1 0.207563 0.0554795 0.0856917 0.0883712
1 0.705794 0.145268 0.11845 0.136949
1 0.438564 0.509032 0.097643 0.110564
1 0.499728 0.746041 0.167701 0.13334
0 0.884924 0.240993 0.156687 0.162848
0 0.115525 0.363906 0.109967 0.123897
1 0.275888 0.572501 0.117642 0.128864
1 0.940744 0.450007 0.117284 0.145839
1 0.0954297 0.610777 0.0820476 0.109187
1 0.029682 0.370366 0.0588906 0.0688899
0 0.84532 0.0486149 0.122423 0.0971053
1 0.367453 0.550337 0.0984625 0.111148
0 0.472326 0.914853 0.0647142 0.0729554
0 0.438807 0.507679 0.0984285 0.105848
1 0.845417 0.0467484 0.121751 0.0929553
