0 0.852179 0.311838 0.0967355 0.139025
1 0.684427 0.343848 0.0912631 0.112331
0 0.942773 0.337129 0.0921334 0.155281
0 0.418302 0.325787 0.0752742 0.0725587
1 0.633369 0.654503 0.103159 0.126222
1 0.376145 0.57507 0.123751 0.125707
0 0.504948 0.299662 0.0990331 0.149746
1 0.356037 0.464202 0.11083 0.0812047
1 0.664193 0.256343 0.0779014 0.0783108
1 0.739129 0.600557 0.0990174 0.119363
1 0.545272 0.67025 0.0803803 0.111225
1 0.772467 0.335261 0.093133 0.116507
0 0.771653 0.33653 0.0927671 0.117545
0 0.595345 0.323909 0.0969703 0.116725
1 0.4252 0.665003 0.146859 0.153888
1 0.82834 0.585342 0.103291 0.117163
1 0.595883 0.323853 0.0969036 0.116282
0 0.424825 0.66561 0.147241 0.152532
1 0.933773 0.554575 0.0660517 0.0864835
