2 0.204906 0.114093 0.341543 0.223134
1 0.574756 0.708046 0.144001 0.138518
1 0.714108 0.843848 0.135017 0.143507
1 0.624322 0.806806 0.184394 0.184676
1 0.934942 0.463019 0.124035 0.128398
1 0.920724 0.313809 0.118391 0.157258
2 0.401103 0.486351 0.270336 0.182245
1 0.84934 0.576278 0.167703 0.14348
1 0.850412 0.329296 0.115983 0.143708
1 0.696815 0.37556 0.135937 0.123914
2 0.441009 0.561939 0.216046 0.148717
1 0.940851 0.971452 0.108737 0.0566454
1 0.841128 0.943934 0.154658 0.11037
1 0.770413 0.918707 0.161259 0.159247
1 0.954601 0.699363 0.0901225 0.156634
2 0.791642 0.520387 0.174068 0.149308
3 0.141334 0.848793 0.280112 0.29786
1 0.790123 0.522087 0.169677 0.152124
1 0.536665 0.892512 0.137113 0.130899
2 0.0346908 0.238206 0.0689226 0.121549
1 0.976318 0.265921 0.0468647 0.129574
1 0.455338 0.560477 0.185676 0.145232
1 0.520159 0.630503 0.149185 0.123822
2 0.561841 0.0235708 0.139286 0.0468079
