1 0.137405 0.308476 0.0997955 0.127239
1 0.395811 0.825213 0.141751 0.115058
1 0.661002 0.633077 0.105425 0.142965
1 0.74511 0.214054 0.112412 0.153512
1 0.428682 0.433192 0.100582 0.11852
1 0.26257 0.455584 0.111567 0.153651
1 0.944581 0.183225 0.106524 0.151893
1 0.678086 0.374012 0.104088 0.138027
1 0.398774 0.272509 0.107901 0.151315
1 0.761547 0.612481 0.111758 0.139014
1 0.474751 0.665534 0.105983 0.139166
1 0.596952 0.807451 0.177566 0.132719
1 0.17161 0.721699 0.117829 0.135385
0 0.95901 0.683139 0.081666 0.0963767
1 0.388928 0.677371 0.105477 0.126413
1 0.076005 0.729588 0.0994879 0.12767
1 0.350639 0.90575 0.134524 0.122992
1 0.518412 0.95067 0.158266 0.0980068
1 0.0527558 0.313473 0.103538 0.120732
1 0.227806 0.298418 0.100215 0.13861
1 0.308645 0.273919 0.0974707 0.125654
1 0.34351 0.447602 0.0845324 0.129678
1 0.101499 0.886447 0.169327 0.126848
0 0.162306 0.46514 0.101044 0.140827
1 0.956577 0.304274 0.0863757 0.0936308
1 0.966789 0.395507 0.0656086 0.0916672
1 0.0857321 0.496577 0.0988277 0.14264
1 0.442322 0.0467688 0.108269 0.0930734
1 0.509821 0.414979 0.100802 0.133862
1 0.486495 0.244218 0.099998 0.130746
1 0.594865 0.394153 0.0959044 0.135773
1 0.0836305 0.956064 0.159357 0.0873637
1 0.569428 0.635519 0.0913796 0.108028
1 0.0246955 0.500824 0.049391 0.118845
1 0.322532 0.965172 0.14606 0.0690897
1 0.0885276 0.0756027 0.101883 0.151205
1 0.532917 0.024221 0.0882692 0.0481569
0 0.76777 0.368718 0.108426 0.145019
0 0.561189 0.882348 0.162285 0.148164
1 0.349521 0.0475543 0.0967596 0.0945666
1 0.557067 0.880389 0.155462 0.140778
1 0.0218179 0.0922837 0.0430368 0.112189
0 0.172371 0.0594566 0.0853842 0.118184
0 0.0146886 0.73544 0.0292424 0.107455
1 0.765288 0.369583 0.105772 0.142183
1 0.255299 0.0509709 0.123747 0.101942
1 0.622694 0.0192768 0.0929514 0.038173
1 0.640678 0.22841 0.141051 0.153995
0 0.641509 0.22795 0.138868 0.152921
1 0.971791 0.567859 0.0559822 0.0759084
0 0.970723 0.567366 0.0577701 0.0757654
