2 0.230564 0.594572 0.131739 0.135901
0 0.534149 0.42858 0.113406 0.120391
0 0.554268 0.662769 0.0959226 0.0984864
3 0.357352 0.52961 0.159611 0.19372
0 0.670833 0.591739 0.0847387 0.111127
0 0.200672 0.847939 0.104428 0.100584
1 0.343563 0.223841 0.0952151 0.0731016
0 0.716074 0.740555 0.0629752 0.0856723
1 0.092323 0.844334 0.0661793 0.0802555
0 0.649773 0.152122 0.105931 0.0890263
0 0.439918 0.762399 0.103397 0.117094
1 0.775487 0.972883 0.0965638 0.0539858
0 0.783142 0.572332 0.046016 0.0680256
1 0.903307 0.909024 0.0990227 0.120006
0 0.288705 0.346016 0.0750114 0.0722092
1 0.0373661 0.586049 0.0746325 0.0954177
0 0.936699 0.261404 0.114069 0.119296
0 0.859161 0.0468238 0.0958338 0.0917149
1 0.200163 0.845954 0.104447 0.101179
1 0.936838 0.261404 0.113414 0.120002
1 0.392899 0.963824 0.0634186 0.0512941
