0 0.681885 0.37875 0.106763 0.124766
1 0.804158 0.921855 0.112848 0.118106
0 0.266897 0.711336 0.110782 0.0974363
1 0.947543 0.497256 0.0968251 0.103799
1 0.551148 0.756785 0.130622 0.149495
1 0.305302 0.193013 0.0982981 0.104841
1 0.330475 0.395432 0.0949681 0.124593
0 0.75359 0.413769 0.133608 0.163795
1 0.30843 0.849386 0.138476 0.103773
0 0.602655 0.11203 0.0884383 0.0854864
0 0.335921 0.910285 0.139996 0.0936835
0 0.618721 0.349475 0.103928 0.110373
0 0.681432 0.817291 0.124505 0.16221
1 0.373205 0.211716 0.114645 0.134574
1 0.539772 0.506657 0.111961 0.11651
1 0.230635 0.64643 0.133248 0.102579
1 0.785962 0.646649 0.106479 0.0999957
1 0.335261 0.959698 0.201272 0.0798479
0 0.084574 0.607764 0.0944011 0.0660901
1 0.87236 0.481077 0.132438 0.144321
1 0.480993 0.0355017 0.0948197 0.0710034
0 0.563705 0.317268 0.105169 0.115041
1 0.472118 0.475521 0.122316 0.122664
0 0.448716 0.649906 0.135356 0.15018
0 0.93828 0.0675756 0.122139 0.135151
1 0.48853 0.731999 0.132762 0.147244
1 0.739779 0.859242 0.125249 0.142533
1 0.665625 0.576892 0.104289 0.117237
1 0.394625 0.0283561 0.0921828 0.0563095
1 0.550048 0.0471376 0.0971584 0.093648
1 0.896461 0.759157 0.126306 0.168038
1 0.406264 0.444964 0.130219 0.142534
1 0.0511901 0.0297452 0.0760319 0.0594905
1 0.912073 0.264667 0.117237 0.124736
1 0.432081 0.25313 0.117118 0.139894
1 0.725616 0.153162 0.126548 0.133009
1 0.110452 0.0347661 0.0851469 0.0695322
0 0.970245 0.571245 0.0589936 0.107144
1 0.829214 0.72386 0.12623 0.154332
0 0.803806 0.455612 0.115126 0.138146
1 0.973346 0.888369 0.0528448 0.0878415
0 0.842286 0.245029 0.132817 0.15468
1 0.49781 0.275706 0.111479 0.129459
1 0.0195368 0.0963845 0.0387012 0.0760915
1 0.975533 0.0960332 0.0486288 0.108283
0 0.4961 0.274461 0.111839 0.129799
1 0.593409 0.553532 0.132176 0.13677
0 0.966322 0.278169 0.0668365 0.109606
1 0.928545 0.971948 0.103469 0.0557637
0 0.929501 0.971894 0.103787 0.0562121
0 0.798373 0.0330077 0.0893441 0.0659992
1 0.988793 0.767345 0.0221086 0.0483499
0 0.432296 0.252857 0.119272 0.141907
1 0.789981 0.185071 0.10376 0.104943
0 0.215542 0.028093 0.0911927 0.0561861
0 0.450635 0.095587 0.0714681 0.0722571
1 0.95565 0.041269 0.0882051 0.0820022
1 0.559957 0.98519 0.0869915 0.029289
