1 0.103001 0.84382 0.120079 0.128693
0 0.898175 0.485477 0.101566 0.132347
1 0.15143 0.432575 0.0874253 0.116998
1 0.912677 0.741239 0.108044 0.137972
1 0.70949 0.92077 0.103638 0.120946
1 0.59143 0.286694 0.136567 0.114201
1 0.321758 0.960163 0.105307 0.079674
1 0.301259 0.828355 0.109661 0.145173
0 0.33044 0.417104 0.0914443 0.142185
1 0.520074 0.937825 0.108134 0.123963
1 0.214427 0.834715 0.0999491 0.139659
1 0.421056 0.947012 0.115874 0.105261
1 0.805105 0.761364 0.117386 0.141936
0 0.383226 0.11213 0.11765 0.145376
1 0.587765 0.168426 0.180443 0.157964
0 0.794837 0.510441 0.127389 0.122781
1 0.69058 0.76307 0.121793 0.126338
1 0.248843 0.421959 0.0977084 0.124412
1 0.174876 0.594945 0.115127 0.129909
1 0.890686 0.0553303 0.138222 0.109691
1 0.615451 0.929467 0.102481 0.139513
1 0.231135 0.968874 0.090568 0.0620065
1 0.0619025 0.584784 0.11186 0.147698
0 0.964519 0.475311 0.0685358 0.127077
0 0.603126 0.554026 0.159713 0.0937371
1 0.962696 0.0774891 0.0733242 0.151212
0 0.590991 0.784595 0.0997145 0.138249
1 0.981779 0.710843 0.0359967 0.0884719
1 0.136447 0.973447 0.0998027 0.0531031
1 0.484637 0.108312 0.113602 0.131772
1 0.398072 0.812121 0.108824 0.143082
1 0.496214 0.800254 0.102374 0.140036
1 0.189156 0.144012 0.108212 0.164664
1 0.807109 0.034468 0.116784 0.068667
1 0.598499 0.470614 0.132381 0.0918223
1 0.928859 0.898234 0.127583 0.141392
1 0.280709 0.16103 0.0934868 0.134383
1 0.831485 0.90308 0.103641 0.138963
1 0.0500974 0.414553 0.100195 0.11144
0 0.485116 0.108029 0.113298 0.131049
0 0.0788943 0.169956 0.15489 0.162379
0 0.559402 0.383358 0.190794 0.0989422
1 0.273952 0.579097 0.116952 0.12422
0 0.27932 0.159336 0.0916093 0.135536
1 0.561735 0.380719 0.184245 0.101584
1 0.0536681 0.0803282 0.106692 0.160656
1 0.0221927 0.836222 0.0441028 0.139181
1 0.962765 0.266339 0.0742636 0.195888
1 0.0106096 0.378284 0.0209375 0.0760019
1 0.596241 0.55619 0.151975 0.090811
0 0.363758 0.572564 0.104077 0.117334
1 0.0804363 0.169455 0.153171 0.149172
1 0.381563 0.114559 0.120063 0.141
