1 0.181042 0.787733 0.0978373 0.104104
0 0.632448 0.101173 0.0862036 0.100834
1 0.245984 0.401335 0.11272 0.082198
0 0.381177 0.0708185 0.0940864 0.119784
1 0.31616 0.606967 0.083275 0.0867236
1 0.889198 0.74848 0.0671725 0.0974159
1 0.675158 0.29605 0.108365 0.100382
1 0.750333 0.467069 0.121136 0.0909706
1 0.9678 0.719099 0.0631123 0.0989101
1 0.0471449 0.824472 0.0865952 0.114167
1 0.49897 0.360121 0.0977897 0.0829421
0 0.493141 0.0512678 0.0976415 0.0965679
1 0.217555 0.59259 0.110853 0.101393
1 0.61734 0.781487 0.0954034 0.103426
1 0.387948 0.776402 0.0630687 0.0787096
0 0.251619 0.0742292 0.065359 0.092932
0 0.730108 0.729145 0.146557 0.129277
1 0.879528 0.560033 0.110856 0.123983
1 0.401481 0.557373 0.080815 0.0935887
2 0.944953 0.914647 0.0985799 0.167734
0 0.64893 0.59023 0.07699 0.0795265
1 0.725826 0.21386 0.0718131 0.0551719
1 0.728687 0.121518 0.0809314 0.119479
0 0.494692 0.206785 0.102699 0.0924422
0 0.0477678 0.649302 0.0949134 0.0644598
0 0.509936 0.598648 0.109255 0.0897939
2 0.879704 0.558829 0.10381 0.117856
1 0.0462424 0.55242 0.091171 0.0973836
0 0.0445586 0.423743 0.0891173 0.111634
0 0.211876 0.266431 0.136681 0.099431
1 0.946347 0.913774 0.10337 0.164372
1 0.0464449 0.167174 0.0919028 0.142949
1 0.0445493 0.42474 0.0881505 0.108354
0 0.313454 0.797791 0.0797315 0.0676095
3 0.213104 0.265712 0.141756 0.102161
1 0.469041 0.903372 0.0805513 0.125278
0 0.40292 0.556004 0.0833833 0.0915773
