1 0.171102 0.314633 0.150631 0.104002
1 0.220322 0.563336 0.190153 0.119429
1 0.130772 0.0546276 0.137334 0.0919737
0 0.184055 0.474151 0.138254 0.0935065
1 0.177785 0.876455 0.105506 0.130442
1 0.226693 0.655258 0.13011 0.0634198
1 0.273774 0.847662 0.112191 0.114167
1 0.148735 0.147335 0.17223 0.129546
1 0.0248661 0.89025 0.0497323 0.112277
1 0.0852803 0.880938 0.100757 0.125532
1 0.242554 0.972455 0.099801 0.0547168
1 0.0241657 0.675148 0.0479667 0.0650887
1 0.0140855 0.491207 0.0280775 0.103518
1 0.0894916 0.981078 0.0660774 0.0374039
