2 0.595296 0.722344 0.609169 0.418578
1 0.8174 0.211417 0.143025 0.145537
1 0.595074 0.307126 0.131049 0.144583
0 0.37513 0.171514 0.152369 0.158188
1 0.927577 0.162971 0.138097 0.123746
1 0.687221 0.264461 0.104628 0.127412
1 0.488001 0.106966 0.147312 0.132967
0 0.697327 0.0408284 0.124207 0.0803978
1 0.479334 0.35433 0.135406 0.144129
0 0.309989 0.0579589 0.0954762 0.112166
1 0.0741367 0.887231 0.130353 0.129816
1 0.153099 0.535346 0.13881 0.113552
0 0.184304 0.238937 0.13586 0.148791
1 0.182665 0.238394 0.138402 0.14933
2 0.969485 0.413651 0.0595499 0.1522
1 0.0477313 0.220036 0.0944398 0.107117
0 0.0515225 0.0716099 0.102538 0.0903878
0 0.733188 0.250112 0.0945334 0.123639
1 0.262275 0.465564 0.141079 0.121195
0 0.434119 0.032028 0.137215 0.0637041
2 0.261295 0.466152 0.141664 0.123302
1 0.308783 0.0576689 0.0953739 0.10982
1 0.801868 0.0189117 0.11673 0.037677
0 0.805379 0.0211748 0.128348 0.0420366
