1 0.308512 0.39768 0.150905 0.163374
0 0.717777 0.473466 0.102114 0.146227
1 0.338783 0.080898 0.152175 0.161796
1 0.117354 0.225185 0.157298 0.16107
1 0.854159 0.181445 0.176852 0.134295
1 0.214251 0.343753 0.183349 0.181242
1 0.877881 0.0709724 0.15892 0.12809
1 0.616319 0.501847 0.117833 0.157691
1 0.59136 0.0609832 0.128315 0.102433
1 0.497718 0.515292 0.122791 0.174772
1 0.41224 0.140545 0.184153 0.200763
1 0.0569606 0.150109 0.113423 0.14496
0 0.677652 0.864743 0.174693 0.179572
1 0.390207 0.461155 0.147546 0.150053
1 0.968743 0.819146 0.0616518 0.145419
1 0.482127 0.212817 0.14116 0.145932
1 0.210545 0.485866 0.0592008 0.0572141
1 0.80127 0.460994 0.100947 0.140817
1 0.616757 0.21707 0.128998 0.17903
1 0.22273 0.0257837 0.101113 0.0515075
1 0.898297 0.454449 0.105235 0.141595
1 0.971188 0.430968 0.057011 0.13
0 0.900325 0.452084 0.108732 0.13953
1 0.0267932 0.074452 0.0533782 0.0934813
1 0.0260642 0.367118 0.0519375 0.121239
0 0.61552 0.216957 0.127978 0.178963
1 0.925712 0.556027 0.09566 0.0815166
1 0.865891 0.835551 0.146733 0.16243
1 0.912863 0.0194378 0.112775 0.0383945
1 0.0639957 0.296677 0.0868964 0.0837247
1 0.384755 0.926759 0.216285 0.146481
