1 0.861235 0.438207 0.145559 0.147371
1 0.376621 0.331516 0.131164 0.134201
1 0.293866 0.631131 0.139805 0.137022
1 0.618256 0.0914659 0.146246 0.160648
1 0.250462 0.124888 0.136597 0.138743
1 0.794889 0.483624 0.134765 0.129306
1 0.606218 0.670615 0.155127 0.152631
1 0.6577 0.846603 0.153272 0.137762
1 0.129803 0.558192 0.162947 0.154227
1 0.312441 0.383739 0.119099 0.123424
1 0.431839 0.266794 0.139983 0.134946
1 0.905849 0.364346 0.115412 0.120972
1 0.0463863 0.837359 0.0927725 0.10648
1 0.671996 0.0408025 0.112775 0.0816051
1 0.615176 0.332082 0.118358 0.132173
1 0.778975 0.717587 0.158025 0.149217
1 0.672426 0.613649 0.155246 0.162756
1 0.475093 0.796086 0.135223 0.136651
1 0.529908 0.723439 0.142446 0.137782
1 0.225104 0.701072 0.14758 0.129799
1 0.7339 0.553595 0.142985 0.144703
1 0.59795 0.901813 0.13308 0.138524
1 0.312309 0.0635607 0.138505 0.127121
1 0.421407 0.507928 0.144204 0.156239
1 0.0578635 0.0614337 0.113138 0.115144
1 0.935453 0.936826 0.128976 0.125748
1 0.254948 0.441542 0.128614 0.127996
1 0.192061 0.501039 0.118691 0.124107
1 0.496037 0.455945 0.122736 0.11915
1 0.792676 0.155852 0.112229 0.125901
1 0.41959 0.867549 0.146261 0.146047
1 0.495902 0.219383 0.129927 0.131218
1 0.0588012 0.313328 0.117602 0.133626
1 0.56456 0.16617 0.132944 0.133628
1 0.18283 0.180903 0.129342 0.132747
1 0.868308 0.0891458 0.141196 0.143796
1 0.897957 0.610446 0.123268 0.134506
1 0.359112 0.566506 0.124152 0.126839
1 0.101239 0.232816 0.166335 0.152513
1 0.356151 0.927893 0.14658 0.135239
1 0.929783 0.0500661 0.138922 0.0987806
1 0.554941 0.394477 0.125978 0.136733
2 0.102708 0.903924 0.128462 0.16276
1 0.0721057 0.624586 0.123731 0.124371
1 0.84515 0.663813 0.134314 0.13908
1 0.532727 0.958325 0.136548 0.0833499
1 0.681353 0.270037 0.137523 0.129486
1 0.739493 0.214093 0.117514 0.125565
1 0.722999 0.787668 0.158691 0.164463
1 0.0268973 0.385958 0.0534308 0.119908
1 0.113905 0.0339571 0.115164 0.0677169
1 0.301239 0.967339 0.117879 0.0647202
1 0.38244 0.0327194 0.107595 0.0654387
1 0.953791 0.553957 0.0919111 0.131385
1 0.982252 0.878302 0.0350764 0.0684595
1 0.0557892 0.973314 0.100099 0.0533129
1 0.739918 0.017244 0.0625906 0.034488
1 0.0259464 0.110353 0.0514287 0.0859413
1 0.758571 0.0229821 0.101707 0.0458318
1 0.0115067 0.795006 0.0226435 0.0597533
1 0.955956 0.304748 0.0876775 0.122858
