1 0.534046 0.102205 0.12732 0.119152
1 0.276965 0.723395 0.109911 0.124506
1 0.635693 0.41787 0.168615 0.170365
1 0.596994 0.0423916 0.108821 0.0791765
1 0.0733265 0.622095 0.0943496 0.079366
1 0.0505846 0.44732 0.100159 0.113808
1 0.414555 0.290821 0.1327 0.108616
1 0.781796 0.529536 0.144879 0.132649
1 0.86948 0.173486 0.122045 0.169009
1 0.282752 0.40326 0.0826287 0.0679823
0 0.0587208 0.545573 0.09509 0.0936616
1 0.625629 0.31089 0.0646143 0.0598774
0 0.270536 0.97344 0.0890662 0.053121
0 0.263823 0.0336684 0.11623 0.0673367
1 0.768748 0.620608 0.0778959 0.0712408
1 0.0247794 0.699801 0.0489608 0.132728
0 0.754495 0.314983 0.0586176 0.0504519
