1 0.907889 0.550265 0.138288 0.154202
1 0.383362 0.167754 0.112749 0.0892353
1 0.834652 0.590875 0.111711 0.123253
1 0.231197 0.77862 0.13734 0.1316
1 0.528924 0.516698 0.137233 0.130685
1 0.686267 0.723004 0.142253 0.141044
1 0.303992 0.723668 0.117252 0.118576
1 0.759793 0.639008 0.120088 0.114005
1 0.17292 0.0640456 0.139426 0.126575
1 0.116892 0.36482 0.147229 0.150151
1 0.600851 0.0530733 0.110146 0.0937005
1 0.236799 0.154718 0.156287 0.15402
1 0.761179 0.144794 0.136053 0.0903891
1 0.569774 0.337399 0.13463 0.135344
1 0.0489479 0.439054 0.0978959 0.106513
1 0.604199 0.944616 0.148221 0.109739
1 0.70703 0.392733 0.175152 0.168684
1 0.0662283 0.701132 0.132457 0.135882
1 0.422948 0.905872 0.129871 0.131112
1 0.627307 0.457004 0.125852 0.121958
1 0.168237 0.827493 0.126527 0.126028
1 0.359241 0.946892 0.123081 0.104524
1 0.0537183 0.926267 0.107437 0.137158
1 0.151958 0.631974 0.152925 0.152462
1 0.610189 0.233613 0.129528 0.0996268
1 0.0589109 0.283753 0.11729 0.12578
1 0.969841 0.131446 0.0601215 0.0779479
1 0.373223 0.655277 0.157332 0.162285
0 0.76936 0.239569 0.162863 0.103613
1 0.107284 0.881434 0.113539 0.108828
1 0.781825 0.827561 0.178126 0.183602
1 0.514823 0.860277 0.184645 0.145265
1 0.36888 0.070398 0.163744 0.107529
1 0.61087 0.143694 0.121623 0.0853055
1 0.780984 0.0534901 0.132011 0.087519
1 0.255225 0.54104 0.119518 0.106699
1 0.477308 0.418418 0.184819 0.165299
1 0.299077 0.236346 0.126187 0.121601
1 0.523979 0.97809 0.092591 0.0435526
1 0.775876 0.341898 0.132561 0.0900071
1 0.291556 0.977417 0.0873389 0.0449097
1 0.975985 0.301392 0.0477898 0.0941583
1 0.97401 0.21023 0.0518706 0.0811747
1 0.122535 0.0301964 0.111485 0.0601938
0 0.477475 0.419561 0.175352 0.166937
1 0.864994 0.779811 0.116751 0.113101
1 0.308875 0.586889 0.113801 0.10981
0 0.969236 0.0413827 0.0609715 0.0815326
1 0.981166 0.493838 0.0371836 0.0825984
1 0.0231399 0.73778 0.0458382 0.0837052
1 0.967456 0.0435201 0.0645671 0.0861057
