1 0.921049 0.63297 0.157902 0.141721
1 0.0706248 0.176668 0.134862 0.126889
1 0.111439 0.106166 0.147716 0.126569
1 0.52908 0.188036 0.143337 0.130396
1 0.813293 0.465171 0.125264 0.117655
1 0.852952 0.779972 0.14003 0.131184
1 0.211402 0.279512 0.144107 0.12297
1 0.627309 0.340817 0.12976 0.120008
1 0.440598 0.325897 0.149353 0.130683
1 0.703023 0.191432 0.159799 0.145418
1 0.58636 0.412562 0.131563 0.112842
1 0.289262 0.529868 0.113242 0.102455
1 0.731329 0.605796 0.150905 0.135383
1 0.569167 0.105322 0.157182 0.152863
1 0.482541 0.255299 0.136809 0.13223
1 0.453067 0.619603 0.161696 0.143556
1 0.390686 0.392691 0.128433 0.117759
1 0.297785 0.825697 0.135413 0.122573
1 0.160924 0.342566 0.12177 0.114473
1 0.888443 0.703613 0.176363 0.144553
1 0.33038 0.0681641 0.147517 0.126796
1 0.78168 0.541929 0.138938 0.130294
1 0.796158 0.841043 0.151537 0.144596
1 0.602346 0.820123 0.148628 0.137241
1 0.152172 0.0475075 0.134651 0.0950149
1 0.340606 0.458834 0.121024 0.116407
1 0.0707943 0.498839 0.140238 0.137634
1 0.786371 0.0366842 0.118753 0.0730581
1 0.29025 0.135191 0.147787 0.115779
1 0.94234 0.127983 0.115091 0.123877
1 0.903477 0.0653435 0.15309 0.130687
1 0.246171 0.606344 0.121417 0.124918
1 0.70085 0.684776 0.171605 0.151233
1 0.0486174 0.253849 0.0966717 0.137878
1 0.412947 0.693919 0.114165 0.0972482
1 0.904371 0.323606 0.12002 0.107482
1 0.464185 0.95757 0.147664 0.0837842
1 0.866235 0.406487 0.131911 0.130061
1 0.959051 0.571285 0.0807695 0.125422
1 0.258995 0.213148 0.1253 0.115266
1 0.649139 0.754558 0.146573 0.137883
1 0.536251 0.481401 0.136344 0.120407
1 0.272931 0.904957 0.119507 0.113782
1 0.1085 0.415592 0.141086 0.127213
1 0.36635 0.767227 0.148874 0.129677
1 0.0333226 0.664097 0.0666451 0.128047
1 0.231026 0.702837 0.101312 0.100906
1 0.501852 0.549341 0.106599 0.100772
1 0.76529 0.918296 0.124384 0.116216
1 0.380867 0.0276477 0.129324 0.0549451
1 0.129321 0.72482 0.15994 0.184328
1 0.664989 0.264872 0.140694 0.133455
1 0.945141 0.26009 0.109483 0.119285
1 0.968459 0.961717 0.0623024 0.0765661
1 0.0231756 0.934306 0.0459202 0.108717
1 0.219494 0.0215828 0.0998136 0.0429855
0 0.945206 0.261905 0.109438 0.120343
1 0.111697 0.757905 0.121847 0.120276
