0 0.247674 0.172598 0.169795 0.147201
1 0.549574 0.365148 0.152359 0.166679
1 0.748982 0.946177 0.101335 0.105919
1 0.962322 0.933527 0.0748053 0.130976
1 0.757377 0.750286 0.135126 0.170848
0 0.258437 0.369331 0.175264 0.118206
1 0.956179 0.714652 0.0865595 0.0789468
2 0.526028 0.924496 0.191999 0.149954
2 0.969879 0.386635 0.0587113 0.159067
1 0.527853 0.547683 0.138226 0.189353
1 0.556657 0.760308 0.147697 0.171553
0 0.07507 0.166056 0.150102 0.154364
3 0.0788045 0.369247 0.155844 0.184432
1 0.759614 0.570256 0.140749 0.155005
1 0.761984 0.376137 0.109812 0.169018
1 0.75231 0.87595 0.0951915 0.0445054
2 0.761799 0.375296 0.112617 0.17095
1 0.556065 0.178992 0.184215 0.156051
1 0.974788 0.108157 0.0501996 0.0861371
1 0.764334 0.165674 0.141091 0.208893
2 0.554536 0.760291 0.156401 0.17294
2 0.968364 0.573892 0.0624306 0.174407
1 0.959808 0.827514 0.0800164 0.0657198
1 0.793364 0.486295 0.0643039 0.0476959
1 0.957347 0.782297 0.0850176 0.0545218
1 0.96765 0.575002 0.0636308 0.189187
