1 0.452363 0.252852 0.132715 0.0805477
1 0.30729 0.255104 0.138003 0.0839963
1 0.841349 0.079671 0.107738 0.0845861
1 0.310527 0.689934 0.146363 0.0739658
1 0.308282 0.427435 0.115294 0.0867559
1 0.075115 0.293807 0.132294 0.0873697
1 0.0817339 0.45955 0.149235 0.069535
1 0.462026 0.425322 0.120981 0.0866289
1 0.313341 0.343686 0.12855 0.0830347
1 0.0817836 0.378323 0.134967 0.0811831
1 0.30488 0.596012 0.117937 0.0749092
1 0.305578 0.17155 0.129591 0.0808232
1 0.450518 0.599222 0.148939 0.0828772
1 0.665544 0.0846161 0.104533 0.0760395
1 0.0768153 0.0182958 0.137747 0.0359612
1 0.306309 0.516594 0.118765 0.0786042
1 0.454311 0.338294 0.119157 0.0743333
1 0.0790786 0.0788599 0.151891 0.0856472
1 0.453806 0.509897 0.141293 0.0780178
0 0.0249814 0.800914 0.0494372 0.155886
1 0.45131 0.685817 0.125768 0.0642002
2 0.0891293 0.185741 0.134259 0.120107
3 0.02716 0.800942 0.0532395 0.162179
1 0.0824537 0.679499 0.110096 0.0657048
1 0.468024 0.0864507 0.0906047 0.0717564
1 0.318004 0.0776635 0.119901 0.0912853
