1 0.437206 0.708989 0.14616 0.143909
1 0.272234 0.631668 0.113687 0.114109
2 0.85925 0.400607 0.27845 0.298202
1 0.639768 0.791004 0.163018 0.149977
2 0.454246 0.186601 0.284183 0.27656
1 0.258487 0.417546 0.103967 0.120763
1 0.499272 0.765101 0.114879 0.125918
1 0.19334 0.58543 0.118944 0.139701
1 0.483332 0.535923 0.12876 0.159567
1 0.87665 0.874687 0.150969 0.142112
2 0.950318 0.705452 0.097873 0.267964
1 0.113862 0.559487 0.123225 0.140424
1 0.162337 0.855035 0.14296 0.14935
1 0.186039 0.37757 0.101964 0.113299
2 0.279644 0.103539 0.156518 0.207079
1 0.407816 0.51106 0.135202 0.16353
1 0.561996 0.586342 0.150851 0.158864
1 0.825679 0.954039 0.152413 0.0915453
1 0.100966 0.374568 0.118145 0.167999
1 0.359907 0.65863 0.137898 0.134706
1 0.246002 0.891984 0.13865 0.139462
1 0.602262 0.850928 0.15627 0.151868
1 0.322428 0.934741 0.127327 0.129184
2 0.0642174 0.090615 0.128435 0.167755
1 0.41573 0.959906 0.159654 0.0796292
1 0.341506 0.442372 0.114668 0.131358
1 0.14359 0.951793 0.173899 0.0964146
1 0.628482 0.65595 0.16048 0.144682
1 0.0383648 0.352219 0.0767125 0.168437
1 0.61301 0.353934 0.138349 0.111562
1 0.950208 0.97752 0.0917473 0.0446849
1 0.0512362 0.531288 0.101504 0.172722
1 0.98017 0.949598 0.0392835 0.0633445
0 0.63778 0.651292 0.136794 0.135406
