0 0.896458 0.269601 0.0961769 0.119391
1 0.40967 0.135227 0.0847092 0.120154
1 0.118497 0.0968964 0.125208 0.10229
1 0.131299 0.0307062 0.127882 0.0614125
0 0.0443329 0.439952 0.0886658 0.102221
1 0.327501 0.113971 0.0965037 0.108256
0 0.365981 0.301671 0.105642 0.129209
0 0.940822 0.461889 0.0932302 0.0940109
1 0.824532 0.626278 0.12904 0.101118
1 0.0776687 0.214256 0.155337 0.184774
0 0.563633 0.182168 0.0945296 0.102014
0 0.966682 0.29386 0.0653952 0.127752
0 0.683864 0.373107 0.101373 0.124284
0 0.722172 0.220227 0.106358 0.14825
1 0.635906 0.216004 0.104618 0.129166
0 0.441452 0.324373 0.0930203 0.106479
1 0.238093 0.481762 0.126053 0.116332
1 0.794376 0.0315315 0.101449 0.062834
0 0.271285 0.272477 0.117273 0.129407
0 0.774617 0.870196 0.131782 0.10067
1 0.847618 0.443953 0.110683 0.169848
2 0.617586 0.705471 0.173323 0.351059
1 0.247595 0.576917 0.150238 0.109177
2 0.846798 0.443891 0.113629 0.172409
0 0.600528 0.362988 0.0995438 0.140369
1 0.412974 0.536983 0.156057 0.11473
1 0.481698 0.163944 0.112104 0.13651
0 0.483585 0.164133 0.112256 0.133363
2 0.55938 0.911233 0.127364 0.12288
1 0.441831 0.326383 0.0924306 0.10353
0 0.413314 0.536903 0.15693 0.115314
1 0.942933 0.0659917 0.113459 0.116796
1 0.559053 0.912026 0.125473 0.122329
1 0.0265288 0.0156815 0.0530576 0.0313629
0 0.767386 0.404167 0.103573 0.14023
