2 0.35422 0.706503 0.266819 0.265582
1 0.912423 0.340139 0.171676 0.161947
1 0.17151 0.261581 0.11394 0.122621
1 0.573383 0.183566 0.173497 0.136226
1 0.823521 0.0986981 0.183322 0.178025
1 0.263817 0.178557 0.122495 0.115056
1 0.872531 0.21889 0.182149 0.161092
1 0.60561 0.392004 0.133833 0.137205
1 0.942045 0.453388 0.115251 0.155302
1 0.311851 0.0890156 0.120515 0.100904
1 0.0825397 0.308906 0.0984906 0.124101
1 0.0702023 0.0440884 0.135969 0.0881307
0 0.330141 0.237134 0.117117 0.114324
1 0.041208 0.0879892 0.082416 0.154498
1 0.778199 0.0313472 0.142233 0.0622822
1 0.517377 0.0322904 0.126286 0.0643262
1 0.984919 0.134571 0.0297093 0.0599963
1 0.540741 0.0901795 0.134668 0.121126
1 0.528294 0.471728 0.121212 0.0945327
1 0.96986 0.552619 0.0598631 0.0880525
0 0.542005 0.0882047 0.138169 0.122061
2 0.803107 0.754746 0.255784 0.233879
1 0.134577 0.473034 0.221716 0.190603
3 0.481038 0.93898 0.218238 0.120838
1 0.348023 0.47407 0.0710829 0.0581543
2 0.607134 0.391492 0.13272 0.136179
1 0.33289 0.0169943 0.114531 0.0337067
0 0.0312278 0.328008 0.0621621 0.126936
1 0.404007 0.110718 0.0578581 0.120082
