2 0.714519 0.245664 0.299617 0.268105
0 0.214186 0.776683 0.138651 0.0958948
1 0.459387 0.83163 0.2061 0.186425
1 0.080147 0.720006 0.127134 0.10348
2 0.464915 0.203493 0.288452 0.405538
1 0.328544 0.918026 0.167736 0.163948
2 0.13044 0.139631 0.185629 0.279263
2 0.567279 0.286302 0.126071 0.145508
1 0.395137 0.327425 0.13537 0.148263
2 0.512128 0.0739997 0.173525 0.147253
1 0.516207 0.0741128 0.171861 0.145896
1 0.471182 0.167281 0.126602 0.108782
1 0.566736 0.28746 0.126877 0.144467
2 0.817661 0.0676705 0.280326 0.13443
2 0.188613 0.379942 0.233755 0.174392
2 0.729658 0.0671963 0.106063 0.133502
