1 0.914403 0.755011 0.142851 0.14091
1 0.927282 0.521946 0.145436 0.153553
1 0.738963 0.69848 0.129367 0.130263
1 0.678345 0.761769 0.137754 0.137504
1 0.735207 0.945641 0.112904 0.10807
1 0.854853 0.815619 0.137825 0.135016
1 0.873251 0.0404959 0.121027 0.0809918
1 0.662307 0.0743531 0.117651 0.142881
1 0.0810241 0.226804 0.107645 0.100248
1 0.793912 0.878783 0.110519 0.122542
1 0.187132 0.544478 0.151714 0.128333
1 0.509862 0.480541 0.108704 0.135339
1 0.718853 0.422484 0.167257 0.175537
1 0.650525 0.344659 0.106067 0.105017
1 0.849386 0.55956 0.121609 0.121531
1 0.615804 0.81978 0.165961 0.149
1 0.374292 0.756382 0.146521 0.146144
1 0.78861 0.620484 0.101937 0.106816
1 0.118056 0.614248 0.12326 0.120736
0 0.966035 0.147676 0.0661721 0.114624
1 0.555173 0.884876 0.158715 0.147027
1 0.0488988 0.768997 0.0977976 0.102955
1 0.956896 0.705883 0.0844734 0.113835
1 0.25794 0.820482 0.141516 0.14622
1 0.574453 0.317086 0.13452 0.146442
1 0.284693 0.046596 0.119457 0.0931709
1 0.218392 0.464467 0.129562 0.12254
1 0.962458 0.455866 0.0729676 0.109158
1 0.733759 0.131828 0.0949821 0.0989921
1 0.394069 0.521858 0.110523 0.102228
1 0.191928 0.881526 0.147441 0.139332
1 0.41186 0.961512 0.138973 0.0765208
1 0.408574 0.251717 0.0963594 0.0910081
1 0.489456 0.938718 0.116884 0.118674
1 0.93653 0.0755024 0.125746 0.136329
0 0.901436 0.253938 0.160646 0.169427
1 0.0203794 0.911192 0.0404851 0.120201
1 0.570791 0.0531142 0.100627 0.103721
1 0.9004 0.255538 0.155565 0.171367
1 0.978469 0.626629 0.0426941 0.0740788
1 0.967988 0.96647 0.0636904 0.0670593
1 0.60027 0.506689 0.129562 0.133632
0 0.479738 0.284793 0.105131 0.115054
1 0.0897614 0.912861 0.108981 0.112398
1 0.128011 0.12837 0.146808 0.148439
1 0.0292699 0.0371584 0.0585397 0.0743169
1 0.987109 0.3975 0.0252149 0.0523429
1 0.795521 0.018506 0.0675073 0.0368728
0 0.324331 0.604932 0.148417 0.12251
0 0.935793 0.0760474 0.126883 0.136745
1 0.0164528 0.118033 0.0326896 0.0826791
0 0.088105 0.913274 0.107539 0.111732
1 0.167147 0.0703333 0.1451 0.139235
1 0.322009 0.605181 0.149331 0.121374
