1 0.366632 0.141694 0.123222 0.124104
1 0.714494 0.134359 0.148547 0.14929
1 0.125252 0.598512 0.128995 0.125016
1 0.398814 0.73835 0.14637 0.165869
1 0.811227 0.0436158 0.130049 0.0864231
1 0.942831 0.930147 0.112513 0.0830116
1 0.412879 0.371306 0.151556 0.159321
1 0.871759 0.0715747 0.124925 0.128463
1 0.0703596 0.35811 0.140719 0.139784
1 0.638248 0.364921 0.136872 0.136135
1 0.260631 0.270225 0.118898 0.115466
1 0.242623 0.122392 0.124967 0.120067
1 0.20316 0.492114 0.124606 0.125825
1 0.569619 0.305835 0.127396 0.132912
1 0.127659 0.436856 0.132688 0.140373
1 0.911339 0.819389 0.116978 0.104616
1 0.248842 0.795071 0.111021 0.0802081
1 0.799866 0.538007 0.148612 0.154989
1 0.323806 0.615767 0.140507 0.135428
1 0.610769 0.669627 0.108477 0.105949
1 0.477979 0.412705 0.127506 0.135144
0 0.0521631 0.892868 0.104326 0.11192
1 0.323389 0.331865 0.110342 0.0971289
1 0.842225 0.235425 0.114442 0.120735
1 0.937939 0.121455 0.12002 0.109592
1 0.547607 0.916488 0.108802 0.0929437
1 0.21717 0.17086 0.130016 0.110797
1 0.551433 0.8344 0.103384 0.0904107
0 0.22215 0.674836 0.132809 0.118565
1 0.172436 0.222575 0.155437 0.14123
1 0.266103 0.543566 0.138449 0.149421
1 0.637442 0.0758644 0.152758 0.150537
1 0.0549919 0.555732 0.10923 0.155331
1 0.567301 0.0520502 0.135119 0.103955
1 0.965509 0.373163 0.0684184 0.105719
1 0.928496 0.291838 0.131771 0.112609
1 0.773093 0.202736 0.104865 0.106952
1 0.713036 0.430562 0.127559 0.1319
1 0.0401489 0.44563 0.0796597 0.155065
1 0.289818 0.059629 0.13943 0.118739
1 0.171725 0.916259 0.0586243 0.0618237
1 0.962495 0.463937 0.0741525 0.0981063
1 0.732095 0.0194559 0.0795271 0.03889
0 0.932175 0.743635 0.115188 0.0928588
1 0.932655 0.742178 0.113319 0.0960963
0 0.288721 0.0599817 0.136755 0.119963
1 0.428983 0.203789 0.112269 0.116898
1 0.977432 0.182516 0.0446599 0.0970413
1 0.820359 0.975725 0.0783231 0.0485029
1 0.526471 0.969025 0.118404 0.0614491
1 0.945 0.989688 0.0888824 0.0206236
1 0.324481 0.984737 0.0831096 0.0305266
1 0.720058 0.805368 0.141786 0.181305
