0 0.488195 0.603466 0.105555 0.108023
0 0.9258 0.906058 0.133705 0.174738
0 0.676946 0.84763 0.104286 0.118563
1 0.38781 0.342345 0.120293 0.143415
1 0.802958 0.699466 0.109786 0.129948
1 0.0524428 0.935335 0.104886 0.104769
1 0.119606 0.0903823 0.102198 0.119899
1 0.628331 0.414495 0.117697 0.134445
1 0.596197 0.831774 0.108368 0.125758
0 0.0325651 0.411412 0.0651303 0.100582
1 0.513832 0.81774 0.0997849 0.107307
1 0.565162 0.640081 0.10126 0.140123
1 0.169867 0.523008 0.0985754 0.115702
1 0.0561072 0.252952 0.111316 0.165808
1 0.267453 0.133744 0.101341 0.118832
1 0.230078 0.782807 0.12567 0.1009
1 0.326633 0.558236 0.104442 0.121222
1 0.651008 0.0385072 0.111834 0.0760526
0 0.597494 0.225153 0.0872102 0.119433
1 0.883471 0.0780527 0.107742 0.110955
1 0.944431 0.512863 0.110428 0.138578
1 0.890716 0.721069 0.1084 0.121901
1 0.298171 0.330471 0.0837896 0.0964279
0 0.401899 0.591636 0.111652 0.144006
1 0.0361776 0.759844 0.0723552 0.1085
1 0.22357 0.884826 0.14151 0.112135
1 0.968711 0.334098 0.061775 0.123548
1 0.225681 0.307715 0.128263 0.133832
1 0.358642 0.152674 0.0989262 0.130424
1 0.241405 0.712271 0.126004 0.10294
0 0.708909 0.444439 0.118613 0.128303
1 0.753888 0.26012 0.105597 0.118312
1 0.390465 0.967808 0.0936922 0.06393
1 0.437842 0.767558 0.136697 0.169621
0 0.672956 0.238769 0.10588 0.133256
0 0.543921 0.398929 0.0981705 0.115664
1 0.24465 0.544715 0.104822 0.121154
1 0.831078 0.890563 0.109546 0.126865
0 0.510364 0.200013 0.106015 0.116148
1 0.830059 0.291637 0.108291 0.142158
1 0.758115 0.864327 0.104516 0.119184
1 0.789134 0.466242 0.106385 0.121318
1 0.194238 0.11015 0.112406 0.131115
1 0.465437 0.37547 0.118391 0.139419
0 0.440243 0.766941 0.136324 0.16959
1 0.958257 0.737736 0.0826668 0.117648
1 0.0651598 0.983708 0.124651 0.0320983
1 0.671447 0.23664 0.10464 0.132526
0 0.728275 0.687971 0.12147 0.153445
1 0.435718 0.174435 0.109331 0.150698
1 0.470129 0.980794 0.0930067 0.0383873
1 0.509226 0.200329 0.107699 0.116467
1 0.810643 0.058369 0.111032 0.114709
1 0.72867 0.685995 0.121446 0.153509
1 0.562769 0.0254233 0.0865521 0.0506815
1 0.646165 0.656717 0.110413 0.15796
0 0.909725 0.319108 0.109544 0.129317
1 0.865632 0.496229 0.107889 0.13745
0 0.735096 0.0506136 0.0936801 0.10015
1 0.959027 0.0835932 0.0814464 0.147031
1 0.484859 0.0134323 0.0881079 0.0268646
1 0.910559 0.315629 0.105136 0.120148
1 0.970887 0.936582 0.057667 0.126836
0 0.866689 0.490881 0.110475 0.127847
0 0.972908 0.918523 0.0537661 0.157056
0 0.435645 0.174038 0.112036 0.1494
