1 0.882804 0.855197 0.15189 0.150052
1 0.843622 0.333819 0.153652 0.144425
1 0.627065 0.375149 0.142505 0.145961
1 0.132528 0.884964 0.146458 0.150373
1 0.895167 0.641543 0.139255 0.140331
1 0.688204 0.308585 0.138641 0.128138
1 0.79808 0.41204 0.117424 0.120693
1 0.874867 0.127159 0.14154 0.137195
1 0.248506 0.760522 0.130457 0.141175
1 0.572583 0.0781756 0.135529 0.130973
1 0.239182 0.233936 0.141923 0.141889
1 0.716585 0.823705 0.154995 0.159713
1 0.403521 0.77902 0.139342 0.150369
1 0.523952 0.14123 0.159878 0.153257
1 0.0448971 0.0572994 0.0897943 0.113139
1 0.914052 0.285519 0.14867 0.141908
1 0.821783 0.920158 0.136825 0.129665
1 0.943491 0.788547 0.113018 0.124365
1 0.834491 0.698527 0.136376 0.13951
1 0.068311 0.941607 0.13234 0.116786
1 0.0890505 0.59004 0.121222 0.121169
1 0.940931 0.576646 0.118138 0.132395
1 0.0444672 0.412521 0.0886671 0.118044
1 0.283338 0.921576 0.124381 0.117099
1 0.928752 0.0682843 0.142497 0.136569
1 0.408364 0.274343 0.141527 0.154069
1 0.556306 0.436308 0.120781 0.120899
1 0.0506905 0.653239 0.101381 0.129505
0 0.588032 0.939884 0.148571 0.119869
1 0.466734 0.20577 0.142098 0.137448
1 0.18513 0.291131 0.125117 0.124413
1 0.143627 0.522704 0.147751 0.171835
1 0.308887 0.16092 0.14389 0.147158
1 0.345812 0.847989 0.13207 0.131873
1 0.782118 0.760021 0.133686 0.133579
1 0.568251 0.66167 0.108566 0.113175
1 0.189602 0.824045 0.126394 0.115813
1 0.41504 0.0497986 0.121225 0.0995973
1 0.670659 0.527779 0.130687 0.128602
1 0.491399 0.492761 0.112026 0.11514
1 0.326986 0.329167 0.139204 0.123636
1 0.209278 0.951533 0.128795 0.0963272
1 0.645716 0.0491067 0.13851 0.0980212
1 0.73132 0.468782 0.144468 0.143655
1 0.0235321 0.110477 0.0469015 0.0917896
1 0.818969 0.191135 0.142883 0.131976
1 0.310634 0.693424 0.142524 0.135329
1 0.949284 0.22511 0.100599 0.157182
1 0.373231 0.108175 0.132301 0.139388
1 0.964641 0.0355066 0.0704522 0.0709263
1 0.495434 0.978431 0.100901 0.0427409
1 0.448131 0.560447 0.14892 0.152541
1 0.0370951 0.972224 0.0733819 0.0553896
1 0.781953 0.219671 0.204211 0.188062
1 0.973468 0.505604 0.0525663 0.101735
1 0.26835 0.380895 0.128643 0.125504
1 0.0210504 0.732876 0.0419274 0.0892897
0 0.514013 0.0235612 0.0741946 0.0471225
1 0.981486 0.154858 0.0369363 0.0603189
1 0.705706 0.0244841 0.0816572 0.0489681
