1 0.351416 0.768448 0.117202 0.088119
1 0.894355 0.960359 0.0777712 0.0792387
1 0.127171 0.11472 0.0801398 0.0591745
1 0.641944 0.957214 0.0826517 0.085572
1 0.404007 0.108011 0.12982 0.114897
1 0.470764 0.775068 0.102737 0.0968599
1 0.245334 0.753295 0.0794989 0.118114
1 0.47864 0.958236 0.0744064 0.0796409
1 0.809072 0.961204 0.0785522 0.0769684
1 0.724944 0.957696 0.0835996 0.0843298
0 0.561403 0.114157 0.0787454 0.0763415
1 0.557053 0.957086 0.0827849 0.0858278
1 0.232314 0.148089 0.0981659 0.0758702
1 0.820965 0.740138 0.0804234 0.136224
1 0.106038 0.0253946 0.0705745 0.0499984
1 0.0658802 0.185127 0.087673 0.0680693
1 0.968793 0.961205 0.0621547 0.0774535
3 0.851803 0.0913247 0.180706 0.178397
1 0.0268022 0.574248 0.0536043 0.0970724
1 0.654241 0.735671 0.0803165 0.162251
1 0.903664 0.735571 0.0776682 0.136457
0 0.568133 0.75747 0.0783708 0.116156
0 0.157664 0.737049 0.0883252 0.161023
1 0.567675 0.0372902 0.108533 0.0743663
1 0.971681 0.739087 0.056071 0.134792
1 0.158478 0.738918 0.0891362 0.161192
1 0.854213 0.092479 0.173606 0.174544
0 0.0616539 0.765609 0.0926937 0.139534
0 0.738347 0.754008 0.0827726 0.134363
1 0.951715 0.0359428 0.0741571 0.0718836
0 0.110003 0.566469 0.0672426 0.0818387
1 0.0717744 0.758748 0.0684803 0.122818
