1 0.641959 0.758384 0.0878692 0.0864996
2 0.45491 0.501642 0.22067 0.278095
1 0.877819 0.648153 0.094121 0.102854
1 0.57246 0.100149 0.108581 0.118751
1 0.761971 0.733979 0.125348 0.135473
1 0.834392 0.435197 0.147812 0.165366
1 0.213269 0.765532 0.136805 0.140601
1 0.950859 0.380294 0.0973133 0.122663
1 0.693903 0.52208 0.130515 0.130821
1 0.552995 0.81161 0.125512 0.174962
1 0.953183 0.600475 0.0932729 0.14032
1 0.602364 0.952955 0.129822 0.0940903
1 0.396244 0.897939 0.209122 0.171502
0 0.397719 0.898963 0.208752 0.175159
1 0.214709 0.977981 0.109381 0.0437557
0 0.741835 0.307627 0.0601935 0.0687042
1 0.699427 0.927501 0.113729 0.111949
