1 0.330846 0.377352 0.0852114 0.0879114
1 0.0674721 0.833976 0.134944 0.125837
1 0.619169 0.411686 0.111936 0.118672
1 0.282189 0.932587 0.0989753 0.118168
1 0.362647 0.749122 0.0938735 0.112135
1 0.922187 0.940482 0.153682 0.118303
1 0.440936 0.431913 0.0854669 0.104953
1 0.847496 0.759441 0.110104 0.145643
1 0.599087 0.782175 0.0942297 0.079546
1 0.241157 0.563835 0.106992 0.118468
1 0.614254 0.537752 0.112084 0.105825
0 0.890918 0.572513 0.0689585 0.0629117
1 0.964355 0.577717 0.0700269 0.0927963
1 0.933879 0.707596 0.110336 0.126239
1 0.447206 0.975204 0.112829 0.0492768
1 0.218547 0.691498 0.0630663 0.0833011
1 0.272092 0.715742 0.0692648 0.0835156
0 0.975377 0.435979 0.0487885 0.088321
0 0.578649 0.711434 0.116863 0.0939939
