1 0.19768 0.845425 0.136214 0.173241
1 0.802106 0.648527 0.149445 0.118291
1 0.471499 0.836378 0.151255 0.113388
1 0.544965 0.571216 0.175084 0.140905
1 0.695966 0.208987 0.11567 0.0891618
1 0.275207 0.731292 0.109457 0.117524
1 0.761052 0.754496 0.125265 0.109156
1 0.169185 0.163226 0.137127 0.0782168
1 0.320653 0.648948 0.118737 0.102459
1 0.372081 0.377555 0.147621 0.12406
1 0.0839078 0.458414 0.110507 0.107074
1 0.435816 0.099854 0.134998 0.112697
1 0.519301 0.664778 0.172438 0.140594
1 0.913866 0.806706 0.120096 0.115321
1 0.739988 0.83985 0.135295 0.121287
1 0.0744354 0.774842 0.0709 0.0998225
1 0.385271 0.289931 0.112461 0.109835
1 0.635486 0.325553 0.155477 0.123411
1 0.946603 0.609599 0.106453 0.12086
1 0.618962 0.405929 0.156985 0.135255
1 0.488405 0.750784 0.169474 0.127823
1 0.688065 0.930623 0.129419 0.108505
0 0.946584 0.694525 0.106529 0.111037
0 0.059333 0.949015 0.11769 0.101729
1 0.713053 0.118279 0.106893 0.1025
1 0.426037 0.199969 0.13178 0.107562
1 0.15925 0.255139 0.135363 0.102406
1 0.33568 0.463945 0.143322 0.11191
1 0.443971 0.924667 0.176838 0.120481
1 0.843039 0.95098 0.168529 0.0979359
1 0.173347 0.0756059 0.128078 0.097482
1 0.935213 0.0677793 0.10124 0.0956807
1 0.854862 0.480621 0.128919 0.112235
1 0.12072 0.358443 0.130648 0.140223
1 0.293229 0.538551 0.110885 0.11614
1 0.944081 0.178406 0.109163 0.1141
1 0.978483 0.512125 0.0428827 0.0927337
1 0.0327306 0.348784 0.064955 0.136796
1 0.873793 0.882437 0.135109 0.0935171
1 0.414803 0.974093 0.145455 0.0515032
1 0.624643 0.0225932 0.0918629 0.0449311
1 0.840791 0.558043 0.130643 0.106696
1 0.329481 0.0222994 0.0890274 0.0443546
0 0.87817 0.374836 0.124775 0.10927
1 0.030219 0.0749451 0.060438 0.0953133
1 0.475761 0.355795 0.0831914 0.105789
1 0.948006 0.693382 0.103988 0.109687
1 0.0196097 0.157639 0.0390261 0.0732067
1 0.0367689 0.247566 0.0733784 0.0866228
1 0.732018 0.0307642 0.112358 0.0613714
1 0.973482 0.423278 0.0525734 0.0933515
1 0.598691 0.500175 0.1086 0.106615
1 0.529771 0.0056801 0.0804446 0.0112979
