1 0.233005 0.367708 0.152754 0.130805
1 0.893973 0.603307 0.123068 0.128144
1 0.898432 0.904737 0.1395 0.117142
1 0.686725 0.505007 0.102494 0.100859
1 0.602802 0.87487 0.0934292 0.111012
1 0.723579 0.0517683 0.138282 0.102857
1 0.971833 0.522645 0.0558243 0.106538
0 0.61431 0.32161 0.131805 0.152549
1 0.829022 0.764538 0.118509 0.110897
1 0.786062 0.641241 0.124079 0.118495
1 0.0912063 0.152252 0.133865 0.121877
0 0.100234 0.308441 0.0997906 0.0945581
0 0.0921384 0.152245 0.131586 0.121199
1 0.614626 0.325333 0.135302 0.154955
1 0.746421 0.981056 0.097544 0.0377403
0 0.827999 0.763703 0.11859 0.110044
