2 0.878439 0.869337 0.243122 0.256825
3 0.146463 0.313851 0.106535 0.146261
0 0.472834 0.299542 0.100781 0.0986314
2 0.184878 0.555184 0.369755 0.15912
3 0.0998358 0.297188 0.19541 0.368148
2 0.314906 0.74874 0.263151 0.333184
3 0.0992144 0.70371 0.172761 0.0916865
3 0.0473176 0.249568 0.091498 0.261624
2 0.117707 0.43742 0.15857 0.102799
2 0.459491 0.84362 0.0953813 0.117803
2 0.57439 0.426816 0.0897425 0.352243
2 0.974984 0.292555 0.0498269 0.118666
0 0.431249 0.165472 0.078028 0.0752683
3 0.143514 0.84722 0.0849541 0.121159
2 0.569836 0.770864 0.0923884 0.28533
