1 0.700927 0.41704 0.136852 0.0992618
1 0.475616 0.283691 0.156472 0.0993792
1 0.607382 0.737837 0.153588 0.0990772
1 0.831707 0.709541 0.145586 0.114177
1 0.0529248 0.885814 0.105383 0.121516
1 0.470079 0.364297 0.112272 0.0959765
1 0.269538 0.488865 0.154151 0.107174
1 0.415897 0.606582 0.139414 0.0988889
1 0.881515 0.471 0.135643 0.100408
1 0.54562 0.0300699 0.0946884 0.0601398
1 0.365769 0.0640182 0.131033 0.0895616
1 0.377853 0.692165 0.162411 0.108306
1 0.133092 0.841312 0.131826 0.138542
1 0.309149 0.247522 0.136613 0.115676
1 0.714911 0.342363 0.138595 0.0979447
1 0.896329 0.384688 0.12579 0.0985805
1 0.6662 0.588722 0.1593 0.123709
1 0.290101 0.318579 0.120024 0.0928304
0 0.938603 0.179949 0.12142 0.108649
1 0.849831 0.621971 0.14495 0.103153
1 0.765566 0.0626114 0.0909297 0.0753618
1 0.678318 0.50479 0.133431 0.0925295
1 0.445748 0.447363 0.147177 0.109444
1 0.208447 0.646032 0.123647 0.0973406
1 0.242506 0.568101 0.115689 0.0952506
1 0.434283 0.525653 0.115964 0.10182
1 0.357551 0.773184 0.154457 0.106339
1 0.796853 0.786675 0.149486 0.102821
1 0.35323 0.853783 0.144774 0.112375
0 0.792764 0.971087 0.107245 0.0578264
1 0.275357 0.406175 0.109762 0.0883825
1 0.326813 0.929892 0.102367 0.0892172
1 0.86382 0.54443 0.125293 0.099416
1 0.787579 0.017459 0.118217 0.0343618
1 0.754164 0.142575 0.116747 0.0964829
1 0.619267 0.661771 0.131566 0.101039
1 0.954901 0.0364208 0.0899632 0.0718373
1 0.528846 0.0926926 0.111705 0.0974393
