1 0.775976 0.240125 0.112652 0.153449
1 0.705726 0.078295 0.0963671 0.116844
0 0.840878 0.750005 0.156903 0.126691
1 0.770564 0.0536996 0.0874038 0.104024
0 0.654865 0.819474 0.141419 0.133088
2 0.195135 0.487246 0.196561 0.195476
1 0.710141 0.271568 0.109086 0.153096
1 0.591289 0.648186 0.110912 0.0965412
1 0.325419 0.739675 0.105584 0.148154
1 0.25766 0.143524 0.0792663 0.0865341
1 0.225378 0.271674 0.105558 0.124767
1 0.0493105 0.839506 0.0917458 0.118697
1 0.225325 0.0791797 0.0702197 0.0806304
1 0.097473 0.316786 0.126257 0.170775
1 0.839874 0.205966 0.105168 0.14257
1 0.526686 0.873928 0.0944478 0.101829
1 0.544518 0.975934 0.0971412 0.047776
1 0.890273 0.15604 0.101835 0.0973635
1 0.961893 0.425439 0.0757592 0.116268
1 0.205612 0.973807 0.095637 0.0518155
0 0.647202 0.102236 0.0861841 0.110773
1 0.381292 0.159322 0.11352 0.0886144
1 0.345852 0.87698 0.12341 0.0846447
1 0.843468 0.0393101 0.0795567 0.0773237
1 0.406046 0.701056 0.105525 0.151321
1 0.193408 0.485683 0.196847 0.191125
1 0.371366 0.406761 0.157281 0.170858
1 0.114658 0.966505 0.0743665 0.0668418
1 0.963582 0.650791 0.0715963 0.0915028
0 0.539698 0.163187 0.125951 0.120178
1 0.784249 0.678921 0.154858 0.126453
0 0.593384 0.125071 0.0764606 0.102367
1 0.0236885 0.855971 0.0470736 0.0929593
0 0.547254 0.585046 0.151755 0.100432
1 0.356933 0.949066 0.131302 0.0969801
1 0.931638 0.288404 0.120257 0.10747
2 0.678369 0.954211 0.201549 0.0912147
1 0.0515111 0.169737 0.103022 0.153886
0 0.848416 0.8943 0.121271 0.108477
1 0.0396421 0.0294372 0.07682 0.0584706
1 0.466006 0.661977 0.123334 0.15023
1 0.225658 0.602931 0.149185 0.127517
0 0.112038 0.157763 0.10199 0.141561
1 0.258169 0.759397 0.104887 0.128374
0 0.725116 0.58541 0.157673 0.18259
0 0.467102 0.661081 0.131099 0.152976
1 0.350847 0.106798 0.124447 0.109596
0 0.406967 0.225822 0.132281 0.113148
0 0.971463 0.118711 0.056278 0.136434
1 0.540689 0.161638 0.125407 0.120312
1 0.957186 0.593097 0.0853267 0.077107
0 0.523758 0.472325 0.107402 0.102089
1 0.406249 0.226574 0.130357 0.110209
1 0.546495 0.0368551 0.0906838 0.0735112
1 0.971506 0.120794 0.0562947 0.133475
0 0.951051 0.0243254 0.0976512 0.0483406
0 0.0733551 0.618479 0.146381 0.236111
2 0.372435 0.406578 0.158644 0.173344
1 0.908732 0.235303 0.1198 0.0975189
1 0.952866 0.0238127 0.0913715 0.0476255
0 0.175731 0.138862 0.128782 0.188572
1 0.0204386 0.386271 0.0405909 0.112498
1 0.977822 0.970386 0.0439048 0.0586457
