0 0.395247 0.594847 0.0840281 0.0869811
0 0.667168 0.686075 0.0905288 0.115758
0 0.556386 0.895332 0.0865849 0.0711732
1 0.83067 0.271378 0.0863662 0.0828901
1 0.605789 0.178775 0.0938258 0.0832379
3 0.137968 0.861684 0.272713 0.272877
0 0.882425 0.157629 0.117228 0.106536
1 0.962774 0.292928 0.0725223 0.105446
1 0.346266 0.290544 0.121118 0.0774132
3 0.299268 0.588374 0.12331 0.236544
0 0.496796 0.563958 0.0910405 0.0732107
0 0.599402 0.691108 0.0663834 0.0960512
0 0.595837 0.79779 0.116501 0.10638
1 0.415568 0.724899 0.074608 0.124306
1 0.738431 0.20004 0.0604374 0.0500662
1 0.343532 0.0392104 0.0775524 0.0771541
1 0.599983 0.689789 0.0631957 0.090867
2 0.129152 0.700704 0.25794 0.141428
0 0.529302 0.832758 0.112497 0.0803679
0 0.955388 0.521579 0.0892236 0.0919136
0 0.333018 0.731336 0.0863797 0.104206
0 0.98119 0.0733234 0.0371995 0.107989
0 0.437595 0.210119 0.0905579 0.098019
0 0.488869 0.403466 0.118372 0.0689858
1 0.41077 0.845629 0.0961208 0.0845065
1 0.824696 0.543777 0.103212 0.0722394
1 0.854609 0.575342 0.0581982 0.0410154
1 0.326416 0.372795 0.0788735 0.0549078
0 0.824001 0.541723 0.100783 0.069046
1 0.76224 0.0939081 0.100063 0.125779
1 0.902874 0.749795 0.0966921 0.0830157
1 0.510641 0.763955 0.079928 0.0544612
0 0.90405 0.750162 0.101486 0.0895312
1 0.478301 0.0630973 0.124297 0.11735
0 0.479348 0.0627706 0.123933 0.117927
0 0.410072 0.845833 0.0950701 0.0846345
1 0.67954 0.362845 0.103575 0.0848855
1 0.180453 0.367219 0.0946332 0.0633043
1 0.177921 0.431681 0.086324 0.0468299
