2 0.86778 0.186495 0.262657 0.372162
0 0.550738 0.0571583 0.13626 0.10751
2 0.142845 0.926248 0.105202 0.14647
0 0.28738 0.297926 0.0996704 0.141371
0 0.372404 0.0946251 0.0929908 0.0809962
1 0.183479 0.706015 0.0909043 0.10204
0 0.454183 0.971175 0.0854637 0.0576503
2 0.605042 0.780099 0.133632 0.16403
1 0.260033 0.716928 0.0936784 0.126454
0 0.852791 0.848131 0.111652 0.143087
1 0.346681 0.729552 0.104685 0.154635
0 0.368977 0.32379 0.0983843 0.106612
1 0.368083 0.325851 0.0992265 0.10853
1 0.29542 0.946283 0.0961217 0.107435
0 0.441967 0.367776 0.0933547 0.154883
0 0.516303 0.0521043 0.0679984 0.091766
2 0.29717 0.945354 0.0940213 0.108255
1 0.690624 0.791023 0.0966821 0.110227
2 0.3454 0.729679 0.108043 0.157625
1 0.211823 0.937308 0.0922249 0.120245
0 0.029814 0.664712 0.059628 0.124808
1 0.377148 0.954442 0.0964475 0.0911158
1 0.0300167 0.663249 0.0600335 0.125247
3 0.850251 0.846276 0.112016 0.143599
0 0.099289 0.686629 0.104441 0.129661
3 0.379587 0.122657 0.179665 0.144098
0 0.396162 0.123707 0.145318 0.142579
0 0.211991 0.938035 0.0917031 0.119908
