1 0.813093 0.388018 0.11598 0.0783788
0 0.0257803 0.334534 0.0515606 0.0935578
1 0.817418 0.317937 0.107208 0.0598717
1 0.960262 0.465719 0.0767968 0.0729532
1 0.961639 0.257395 0.0760236 0.0734672
0 0.455618 0.142407 0.107284 0.108485
2 0.820089 0.093163 0.124483 0.182624
1 0.960648 0.32246 0.0781026 0.0717839
1 0.959185 0.151254 0.0810506 0.13616
1 0.963457 0.109764 0.0729592 0.0721089
0 0.960707 0.397439 0.0784205 0.0659094
1 0.061957 0.140887 0.0821989 0.101919
1 0.825459 0.243504 0.125168 0.0880205
0 0.0628996 0.140369 0.0821777 0.100539
1 0.0614319 0.0381197 0.0943318 0.0757448
1 0.0253548 0.475976 0.0505637 0.0942891
1 0.96178 0.537619 0.074255 0.0698427
0 0.612096 0.323571 0.105568 0.0790749
