0 0.440544 0.715608 0.0689538 0.0906162
1 0.195239 0.542255 0.156044 0.163144
1 0.27755 0.0708862 0.0944458 0.0746501
1 0.707251 0.0465416 0.168979 0.0922104
1 0.348374 0.193031 0.106048 0.0994707
0 0.221771 0.341795 0.152581 0.164151
1 0.801311 0.917802 0.0788925 0.117184
0 0.249165 0.687003 0.107571 0.106326
1 0.0557902 0.364396 0.109642 0.106506
0 0.966078 0.886413 0.066175 0.105338
1 0.0529705 0.200034 0.0612961 0.0812639
0 0.802266 0.917343 0.0786744 0.118725
2 0.0293062 0.0475776 0.0582528 0.0951553
0 0.0259462 0.727071 0.0518924 0.0702677
0 0.242899 0.374125 0.0925228 0.0848374
