0 0.461585 0.768537 0.141093 0.141665
0 0.312698 0.754352 0.165017 0.203667
1 0.149887 0.912476 0.117038 0.107245
1 0.194467 0.975624 0.0977039 0.0485036
1 0.780674 0.860398 0.194012 0.147351
0 0.024212 0.167243 0.0478054 0.0964847
1 0.0812169 0.106172 0.162434 0.169761
0 0.04964 0.274916 0.0985242 0.106818
1 0.890308 0.972769 0.0931299 0.0540361
1 0.189831 0.680971 0.168904 0.152676
1 0.0720266 0.457694 0.144053 0.153657
0 0.578701 0.793533 0.0924242 0.0991564
3 0.0510708 0.276634 0.101811 0.109931
0 0.191477 0.681245 0.166571 0.15485
0 0.121155 0.561258 0.180759 0.180367
1 0.0683221 0.837882 0.136644 0.147901
0 0.064139 0.379441 0.127579 0.104315
1 0.0355102 0.763227 0.0693984 0.115471
1 0.833588 0.839946 0.0954821 0.0913109
1 0.266202 0.0125853 0.0642371 0.0251706
1 0.121468 0.557986 0.180959 0.18632
0 0.0234225 0.504458 0.0453291 0.089864
1 0.130357 0.0387342 0.0988955 0.0767356
