1 0.731674 0.698324 0.113672 0.123396
0 0.611049 0.559065 0.120461 0.114328
1 0.625115 0.83594 0.10516 0.118021
0 0.57968 0.378912 0.103596 0.109556
0 0.737271 0.211009 0.112848 0.113905
1 0.946463 0.116671 0.10634 0.147706
1 0.885816 0.922055 0.120489 0.123001
0 0.474772 0.855565 0.0987346 0.0940708
1 0.535912 0.276633 0.127143 0.116247
0 0.977838 0.514883 0.0439012 0.0940468
1 0.385764 0.236167 0.100057 0.103291
1 0.545486 0.615863 0.0942841 0.0887067
1 0.906693 0.686677 0.121257 0.148891
1 0.571054 0.642042 0.150281 0.143096
0 0.90632 0.686508 0.121795 0.146199
1 0.787793 0.46745 0.0656128 0.0792404
0 0.569797 0.639739 0.147362 0.146431
