1 0.136832 0.755866 0.130547 0.134671
0 0.291374 0.29152 0.0821098 0.097899
0 0.0679054 0.109466 0.0857076 0.08981
2 0.93948 0.701703 0.12104 0.214615
1 0.065958 0.93995 0.114259 0.10171
1 0.431107 0.479747 0.120494 0.12833
1 0.47458 0.250964 0.109655 0.114718
1 0.691525 0.408663 0.118629 0.131807
1 0.597652 0.520646 0.128435 0.134545
1 0.343084 0.583565 0.130736 0.131052
1 0.932032 0.103192 0.117875 0.145104
0 0.824442 0.205163 0.0794046 0.0998813
1 0.311219 0.0272321 0.0859631 0.0542348
1 0.684762 0.225421 0.0814602 0.0909537
1 0.481203 0.0341079 0.207462 0.0682158
1 0.111076 0.0115017 0.0639856 0.0227316
1 0.747663 0.0631627 0.0820656 0.076513
