1 0.150627 0.802426 0.0906923 0.101728
1 0.875174 0.0862008 0.123158 0.140605
1 0.797843 0.6813 0.111734 0.0828946
1 0.404553 0.654503 0.123434 0.107516
1 0.893109 0.650165 0.0855389 0.0935724
1 0.653427 0.591003 0.121477 0.0858409
1 0.272346 0.971069 0.0918105 0.0574996
1 0.059704 0.450123 0.119015 0.130597
1 0.687564 0.318706 0.173029 0.112118
1 0.912913 0.492811 0.125556 0.15828
1 0.312362 0.493409 0.112965 0.0893493
0 0.131697 0.687712 0.0697507 0.0861621
1 0.901663 0.205287 0.114839 0.127483
1 0.11967 0.131026 0.105626 0.0773717
1 0.494821 0.0636966 0.12431 0.0864822
1 0.528356 0.626734 0.12132 0.103895
1 0.414691 0.373546 0.127824 0.112908
1 0.293851 0.673219 0.0935402 0.101008
1 0.247589 0.121963 0.130732 0.107776
1 0.918913 0.351409 0.107578 0.125673
1 0.395234 0.194894 0.119896 0.0844213
1 0.639405 0.0475531 0.169586 0.0948694
1 0.510151 0.350207 0.0801318 0.094094
1 0.0500853 0.723855 0.0993137 0.103161
1 0.43208 0.467719 0.131023 0.0959101
0 0.658325 0.137664 0.144817 0.101236
1 0.0589642 0.838393 0.117904 0.106193
0 0.292736 0.380283 0.106661 0.0764828
1 0.677642 0.702678 0.122654 0.101342
1 0.0392626 0.169145 0.0783318 0.0969597
1 0.485821 0.172892 0.0872022 0.122615
1 0.399296 0.0755791 0.0684968 0.0696667
1 0.587447 0.44561 0.0958211 0.0985825
1 0.108388 0.246629 0.0797085 0.0791978
1 0.779717 0.574405 0.147292 0.113988
1 0.192655 0.505641 0.132908 0.103473
0 0.271786 0.214311 0.142361 0.101189
1 0.17155 0.415237 0.114684 0.108514
1 0.533642 0.73263 0.140214 0.124354
0 0.664488 0.421197 0.0608634 0.0831481
1 0.172812 0.23899 0.0729704 0.0725535
1 0.292496 0.380765 0.105852 0.0742043
1 0.0803154 0.547123 0.0820919 0.0980778
1 0.723201 0.399407 0.10136 0.0896551
1 0.270496 0.214976 0.141064 0.101012
0 0.42369 0.750512 0.133237 0.113082
1 0.541882 0.444035 0.0641828 0.0727681
0 0.0381056 0.262105 0.0756627 0.0908369
1 0.347239 0.0896754 0.0627346 0.0688538
