0 0.738044 0.0472606 0.108238 0.0945211
1 0.861335 0.277183 0.129433 0.121521
1 0.280435 0.222171 0.0670466 0.0826381
1 0.178629 0.150118 0.135528 0.122154
1 0.821836 0.197434 0.141087 0.113641
1 0.348516 0.287851 0.0747826 0.0956929
1 0.922749 0.344023 0.120238 0.124267
1 0.76149 0.13965 0.122509 0.111332
0 0.557701 0.247972 0.107448 0.123514
1 0.47787 0.34456 0.0779835 0.0908653
1 0.62287 0.170178 0.107127 0.110764
1 0.326737 0.0328885 0.103986 0.0657771
0 0.684264 0.0928656 0.102281 0.10354
1 0.455092 0.237356 0.114217 0.136007
0 0.96099 0.0568333 0.0768933 0.0972911
1 0.0377046 0.347148 0.0743254 0.0804214
0 0.0381102 0.34562 0.0760292 0.0856093
0 0.456103 0.235581 0.114741 0.13563
0 0.0832295 0.135772 0.0622281 0.05924
1 0.979633 0.170274 0.040722 0.0675489
1 0.183822 0.227875 0.0690358 0.0556874
