1 0.154106 0.090918 0.0798992 0.119145
1 0.0840784 0.508905 0.106384 0.144201
1 0.242825 0.325794 0.0813159 0.110132
1 0.350275 0.0805082 0.0962851 0.158245
1 0.267301 0.0896965 0.0987318 0.134249
0 0.761977 0.0599527 0.0855254 0.119415
1 0.679543 0.0631262 0.087271 0.126252
1 0.515727 0.069414 0.0914242 0.113402
1 0.277324 0.495452 0.120817 0.15656
1 0.430793 0.0768315 0.0830288 0.150968
1 0.85894 0.0379181 0.0690061 0.0757592
1 0.0625062 0.0778042 0.103726 0.141652
1 0.0657214 0.316038 0.105312 0.141695
1 0.187939 0.504052 0.0774863 0.148196
1 0.597498 0.0660989 0.0910403 0.131317
1 0.150711 0.318898 0.0841482 0.114474
0 0.0202231 0.511694 0.039975 0.104279
1 0.0187014 0.313647 0.0367944 0.13791
0 0.597696 0.0654702 0.0912764 0.130831
