1 0.260799 0.658362 0.145235 0.144047
1 0.768362 0.850792 0.194262 0.196227
1 0.544245 0.935592 0.116126 0.126276
1 0.879221 0.782541 0.12257 0.121975
0 0.947821 0.503619 0.103453 0.131035
1 0.78389 0.624701 0.107259 0.102028
0 0.485008 0.706898 0.118381 0.119502
1 0.207995 0.0288216 0.103525 0.0576433
1 0.21076 0.722835 0.100801 0.105585
0 0.29879 0.927563 0.118992 0.125623
1 0.950935 0.882621 0.0975963 0.194197
1 0.185815 0.342194 0.105623 0.110404
0 0.902141 0.45037 0.110168 0.126001
1 0.101099 0.0939674 0.133977 0.0928379
0 0.100165 0.095188 0.132857 0.0921413
1 0.902254 0.449713 0.108079 0.123513
0 0.043401 0.19146 0.0867667 0.0911025
