1 0.800362 0.194665 0.154467 0.120031
1 0.0765752 0.158851 0.134992 0.109995
1 0.863069 0.548658 0.118226 0.133241
0 0.572978 0.346583 0.191068 0.171795
1 0.273395 0.0500658 0.124201 0.0978892
1 0.326037 0.149601 0.124539 0.104656
1 0.928931 0.0505222 0.141896 0.101044
1 0.946912 0.113785 0.106175 0.102523
1 0.82665 0.258217 0.160963 0.133204
1 0.770012 0.128176 0.155236 0.128441
1 0.311446 0.599176 0.182264 0.207441
1 0.060011 0.077005 0.11371 0.0866684
1 0.861235 0.321262 0.110825 0.0926754
1 0.964684 0.178142 0.069416 0.0922978
1 0.720459 0.0730275 0.120685 0.114583
1 0.940257 0.509671 0.111042 0.119973
1 0.949227 0.7095 0.10107 0.142503
1 0.65623 0.937287 0.0614285 0.0793201
1 0.469232 0.0730276 0.189757 0.14598
1 0.973083 0.462659 0.0534 0.0951933
0 0.471797 0.0736124 0.187983 0.147225
1 0.984827 0.254584 0.0297879 0.0682131
1 0.101873 0.925001 0.0609359 0.048229
1 0.0476481 0.0193137 0.0919784 0.0382936
