2 0.15585 0.474271 0.194408 0.23783
2 0.926182 0.725853 0.146288 0.189254
2 0.276807 0.438595 0.16878 0.288569
2 0.137993 0.326445 0.275408 0.178145
1 0.950885 0.115792 0.0971437 0.126086
1 0.903526 0.463245 0.158229 0.102703
2 0.798399 0.764682 0.136138 0.117669
2 0.0886168 0.778545 0.148025 0.213425
1 0.947572 0.517866 0.103851 0.0963438
0 0.106824 0.0782188 0.0812714 0.0623194
1 0.966704 0.594361 0.0656451 0.0731311
2 0.0526381 0.53272 0.105055 0.238034
2 0.765297 0.933439 0.17285 0.117372
1 0.859936 0.326683 0.169232 0.140517
2 0.409943 0.755209 0.191704 0.195113
1 0.0576173 0.945868 0.115235 0.107861
3 0.58593 0.243929 0.329376 0.467619
1 0.967151 0.195493 0.0649997 0.0833903
2 0.921929 0.916505 0.142371 0.164853
2 0.780129 0.200166 0.238881 0.17182
1 0.179539 0.0516774 0.0957915 0.0763831
1 0.685307 0.557038 0.0911613 0.106593
2 0.0428585 0.0926242 0.0852461 0.0735905
1 0.782878 0.199579 0.235345 0.17873
2 0.678109 0.802052 0.143498 0.0983685
2 0.137794 0.164413 0.275587 0.191853
0 0.983843 0.271339 0.0318959 0.0882658
1 0.406833 0.75216 0.184096 0.195063
2 0.199546 0.666896 0.211608 0.132462
1 0.922728 0.916608 0.142185 0.157894
3 0.609161 0.332698 0.268923 0.281771
2 0.586325 0.580698 0.123639 0.105235
2 0.427602 0.211021 0.0910665 0.0720439
