0 0.830592 0.298041 0.122197 0.120476
0 0.245562 0.261396 0.110989 0.10887
0 0.876759 0.176022 0.0929087 0.128073
0 0.102594 0.1773 0.130255 0.102796
3 0.160653 0.744031 0.317263 0.189814
1 0.0731886 0.350394 0.0985796 0.100019
1 0.309261 0.373846 0.0999061 0.0842406
1 0.781275 0.429377 0.103338 0.11042
1 0.19002 0.137103 0.0914671 0.0776604
1 0.355968 0.24256 0.112501 0.134448
1 0.498924 0.181488 0.125432 0.100216
2 0.137688 0.953757 0.275376 0.091331
0 0.356463 0.242349 0.112046 0.134838
0 0.499479 0.181169 0.127156 0.104003
3 0.135716 0.951026 0.271432 0.0970666
