1 0.895585 0.256247 0.12315 0.07634
1 0.425269 0.160829 0.136937 0.0756069
1 0.644728 0.0578991 0.0834464 0.114579
0 0.843509 0.920871 0.151772 0.154221
1 0.900459 0.337698 0.144168 0.0811087
1 0.427679 0.0663967 0.114257 0.0904041
1 0.89239 0.520146 0.0949765 0.0792929
1 0.673514 0.483136 0.0887485 0.0709594
1 0.823135 0.0531043 0.0821755 0.106209
1 0.425995 0.255028 0.122754 0.0810487
1 0.73594 0.0542158 0.0908208 0.106733
0 0.903348 0.418661 0.13957 0.0719211
1 0.681457 0.280972 0.112581 0.0784652
1 0.425261 0.348403 0.135282 0.0836023
0 0.676381 0.3928 0.153167 0.0835937
0 0.916256 0.0463694 0.0825815 0.0927388
2 0.416784 0.574858 0.0910148 0.112199
1 0.419728 0.440154 0.10657 0.0875607
1 0.415821 0.575034 0.0907366 0.111165
0 0.972998 0.757944 0.0536952 0.109756
1 0.98278 0.0485015 0.0342454 0.0964686
