1 0.621438 0.3889 0.134059 0.126512
1 0.824263 0.451504 0.132062 0.122237
1 0.568634 0.818112 0.13476 0.107232
1 0.0536845 0.904819 0.107234 0.111554
1 0.784307 0.663164 0.123181 0.0986133
1 0.802422 0.871756 0.148062 0.121382
1 0.413243 0.658823 0.119267 0.102453
1 0.94669 0.925034 0.106621 0.0957463
1 0.319553 0.0827091 0.122974 0.111111
1 0.424344 0.54006 0.122093 0.118417
1 0.545819 0.151515 0.133636 0.125169
1 0.932471 0.832119 0.135058 0.107459
1 0.0671902 0.405602 0.131894 0.111334
1 0.40118 0.87358 0.149952 0.11798
1 0.0486502 0.604615 0.0966842 0.100579
1 0.451196 0.435206 0.124855 0.11211
1 0.225416 0.356638 0.146213 0.111756
1 0.164295 0.684427 0.142049 0.12951
1 0.477103 0.336426 0.139254 0.11853
1 0.953061 0.492494 0.0938779 0.119403
1 0.255119 0.259446 0.11012 0.108709
1 0.440851 0.957394 0.130099 0.0851258
1 0.178789 0.815216 0.158151 0.105262
1 0.819532 0.954209 0.123975 0.0913521
1 0.0460328 0.701585 0.0920657 0.111309
1 0.0470047 0.805308 0.0936868 0.0873394
1 0.0558567 0.504371 0.111713 0.106981
1 0.0559968 0.969633 0.111994 0.0607338
1 0.190831 0.462746 0.15652 0.107482
1 0.923807 0.185131 0.132071 0.10966
1 0.114403 0.220214 0.129269 0.116855
1 0.0906242 0.309838 0.137323 0.119839
1 0.545502 0.690764 0.154945 0.112294
1 0.186631 0.564323 0.159019 0.11738
1 0.922012 0.607252 0.13964 0.113749
1 0.573595 0.477561 0.158692 0.11282
1 0.560311 0.587577 0.149249 0.107932
1 0.776993 0.769334 0.124023 0.105276
1 0.571423 0.942716 0.154708 0.11382
1 0.181484 0.937611 0.150861 0.111797
1 0.667995 0.193097 0.164954 0.108063
1 0.569936 0.0575486 0.140272 0.105877
1 0.915841 0.731058 0.150861 0.125443
1 0.342719 0.0285109 0.104589 0.0569906
1 0.883219 0.269392 0.102832 0.0875096
1 0.700678 0.1068 0.110261 0.103541
0 0.409308 0.767856 0.122978 0.105101
1 0.944066 0.0863336 0.111591 0.105158
1 0.186136 0.0531886 0.136296 0.105594
1 0.407215 0.768062 0.122164 0.102473
0 0.800259 0.548873 0.125225 0.116554
0 0.185282 0.0541694 0.139314 0.10777
1 0.801444 0.546857 0.126688 0.115694
1 0.718118 0.0312122 0.10756 0.0622716
1 0.602214 0.0133987 0.0849681 0.0267975
1 0.957015 0.986516 0.0853436 0.0268108
