1 0.871578 0.364992 0.0998189 0.162142
1 0.74548 0.872519 0.151732 0.0967712
1 0.583778 0.57061 0.127224 0.0888883
1 0.181968 0.864307 0.1487 0.0859318
1 0.600208 0.475359 0.137391 0.0982631
1 0.746091 0.553478 0.153182 0.152283
1 0.184082 0.696076 0.116761 0.0798064
1 0.599534 0.664549 0.127868 0.0956409
1 0.352776 0.515458 0.130538 0.0858447
1 0.361734 0.422088 0.131046 0.0890821
0 0.950855 0.931226 0.0965189 0.0774388
0 0.585213 0.349918 0.108984 0.158581
1 0.361109 0.943568 0.13191 0.0841703
1 0.182311 0.944732 0.142432 0.0850137
1 0.374658 0.776001 0.114593 0.0833684
1 0.757846 0.120281 0.111069 0.166447
1 0.96278 0.366312 0.072747 0.135025
1 0.574916 0.765513 0.124982 0.100487
1 0.371024 0.323634 0.133422 0.0836961
1 0.575392 0.944515 0.132689 0.0791769
1 0.745783 0.951928 0.126122 0.0648476
1 0.176139 0.599467 0.123736 0.0689602
1 0.674855 0.0429911 0.168595 0.0859821
1 0.956339 0.839907 0.0869529 0.0913063
1 0.955826 0.743889 0.0883482 0.09619
1 0.576088 0.863273 0.153707 0.0823221
1 0.856022 0.511392 0.12838 0.123643
1 0.764605 0.77691 0.0928304 0.0792196
1 0.368031 0.856563 0.117543 0.076122
1 0.175459 0.770455 0.11647 0.0698597
1 0.781591 0.357226 0.0851784 0.1514
1 0.741176 0.684081 0.120304 0.0763977
1 0.369668 0.69576 0.122334 0.0685849
1 0.210133 0.428084 0.156811 0.0876566
1 0.200713 0.327932 0.140484 0.102042
1 0.073401 0.0518823 0.0936387 0.101795
1 0.683717 0.352575 0.0903465 0.138218
1 0.615412 0.136208 0.153705 0.138395
0 0.259188 0.314653 0.0876084 0.123223
1 0.942159 0.12719 0.101628 0.158816
1 0.36109 0.604569 0.153274 0.0809555
1 0.154793 0.0467195 0.125666 0.0928727
1 0.968381 0.53854 0.0629463 0.0731585
1 0.843945 0.119919 0.0893276 0.140025
1 0.153609 0.991457 0.0884746 0.0168655
1 0.22195 0.0267833 0.0777305 0.0534904
1 0.578409 0.993989 0.119988 0.0116498
1 0.950533 0.985688 0.0979979 0.0282342
1 0.584163 0.351775 0.112418 0.152955
1 0.175885 0.50105 0.0913559 0.0620798
1 0.970097 0.0203487 0.0591011 0.0406973
1 0.260267 0.0160654 0.0671775 0.0321309
