1 0.820161 0.249994 0.128468 0.125114
1 0.738488 0.375207 0.155201 0.154799
1 0.634431 0.497204 0.147032 0.143784
1 0.652027 0.115824 0.139217 0.133048
1 0.791153 0.321654 0.164195 0.15137
1 0.449428 0.350729 0.152064 0.135564
1 0.80704 0.540689 0.119544 0.122259
1 0.322152 0.160167 0.107855 0.106179
1 0.672642 0.722277 0.125649 0.120513
1 0.56962 0.545904 0.122938 0.120152
1 0.86762 0.193112 0.13546 0.127876
1 0.90942 0.127316 0.121498 0.125634
1 0.0696857 0.844152 0.115452 0.113494
1 0.364956 0.294895 0.0886585 0.093094
1 0.495913 0.293881 0.150072 0.134637
1 0.54275 0.241371 0.130197 0.124723
1 0.917827 0.436288 0.11734 0.113547
1 0.522262 0.917762 0.141874 0.129286
1 0.528775 0.61308 0.12606 0.110766
1 0.301179 0.267073 0.115909 0.112311
1 0.137722 0.733876 0.136997 0.131131
1 0.954345 0.373481 0.0913106 0.112517
1 0.595023 0.178979 0.125322 0.116726
1 0.322917 0.868851 0.147804 0.129965
1 0.364193 0.717768 0.121925 0.132107
1 0.966591 0.93226 0.0645936 0.105334
1 0.154977 0.0688119 0.172974 0.137145
1 0.730439 0.672896 0.120225 0.119343
1 0.94902 0.071182 0.101818 0.116028
1 0.210674 0.598096 0.129807 0.137482
1 0.953946 0.703712 0.0889058 0.123946
1 0.869954 0.494268 0.116755 0.107714
1 0.352426 0.47777 0.133592 0.126532
1 0.359098 0.818173 0.121675 0.115132
1 0.774315 0.601736 0.117723 0.120868
1 0.686852 0.433026 0.155937 0.143947
1 0.68535 0.0548003 0.141311 0.108795
1 0.0758032 0.201856 0.0937712 0.0908988
1 0.465161 0.0439979 0.155684 0.0879958
1 0.409823 0.0919449 0.143402 0.128178
1 0.459529 0.797287 0.0976217 0.103409
1 0.271347 0.623234 0.109882 0.107565
1 0.866704 0.8222 0.116047 0.110966
1 0.561742 0.859883 0.131226 0.116635
1 0.261679 0.908071 0.135223 0.119143
1 0.165739 0.974392 0.102929 0.0508223
1 0.925731 0.877789 0.129912 0.142564
1 0.771438 0.0267613 0.107552 0.0531984
1 0.105621 0.786825 0.134912 0.119443
1 0.730154 0.976023 0.103418 0.0474923
1 0.407111 0.419229 0.144355 0.144366
1 0.0314362 0.155624 0.0628723 0.086143
1 0.242553 0.027321 0.0888425 0.0543212
0 0.241428 0.0273726 0.0911201 0.0545816
1 0.0315023 0.633202 0.0628341 0.132432
1 0.986932 0.630599 0.0257275 0.0539516
1 0.161044 0.562956 0.117689 0.11642
1 0.0571359 0.0199302 0.0669693 0.0398605
1 0.0862186 0.493876 0.139477 0.119483
1 0.973961 0.0222584 0.0516542 0.0445168
1 0.0310445 0.232377 0.061993 0.0930469
1 0.193055 0.709524 0.105518 0.0833505
1 0.0216008 0.299178 0.0428645 0.100928
0 0.214595 0.945412 0.115966 0.108931
1 0.980584 0.307008 0.0387261 0.0787654
1 0.213671 0.949087 0.112248 0.101413
1 0.240498 0.222077 0.0688206 0.069392
1 0.062296 0.179671 0.124189 0.141161
1 0.414829 0.745255 0.109857 0.123485
1 0.0369467 0.554264 0.0738211 0.0851144
