1 0.701044 0.24401 0.169607 0.17796
1 0.836855 0.858168 0.160187 0.149219
1 0.597503 0.77509 0.157107 0.124734
1 0.682256 0.598638 0.15755 0.145545
1 0.295628 0.826101 0.164366 0.157167
1 0.173671 0.231629 0.118775 0.120284
1 0.892673 0.773698 0.169636 0.144188
1 0.798521 0.938886 0.165601 0.122227
1 0.119254 0.467624 0.117764 0.144076
1 0.793423 0.432144 0.169234 0.157443
1 0.809599 0.167907 0.180426 0.200714
1 0.513576 0.0801219 0.152052 0.160075
1 0.150728 0.916258 0.137798 0.157562
1 0.864941 0.0745992 0.150382 0.149198
1 0.0787803 0.238672 0.111367 0.148838
1 0.352286 0.748011 0.143915 0.139606
1 0.0382454 0.472772 0.0762038 0.128938
1 0.51697 0.491172 0.19556 0.168377
1 0.0540224 0.940851 0.107842 0.11756
1 0.628252 0.318277 0.178963 0.169926
1 0.920771 0.319382 0.158459 0.165897
1 0.751443 0.514231 0.150054 0.153512
1 0.356183 0.249455 0.136282 0.130793
1 0.432481 0.175682 0.168505 0.158924
1 0.408398 0.0353933 0.115979 0.070502
1 0.550879 0.39865 0.151063 0.155335
1 0.466697 0.577049 0.18357 0.141403
1 0.175779 0.626741 0.129671 0.123381
1 0.0744183 0.667553 0.116059 0.163413
1 0.538585 0.862197 0.191709 0.147045
1 0.428142 0.650458 0.188515 0.147114
1 0.92451 0.684101 0.15098 0.1417
1 0.654378 0.681991 0.152955 0.135309
1 0.460442 0.978532 0.108385 0.0426259
0 0.0209437 0.25904 0.0418608 0.123175
1 0.515638 0.937275 0.143238 0.120108
1 0.971838 0.219638 0.055995 0.101255
1 0.951448 0.939578 0.0965545 0.119197
1 0.334447 0.10703 0.144563 0.133034
1 0.979187 0.549807 0.0411046 0.0788027
1 0.955174 0.615914 0.0896518 0.115847
1 0.732199 0.981012 0.0683978 0.0379753
0 0.946751 0.0306315 0.10606 0.0607292
1 0.935724 0.0313783 0.128552 0.0623078
