1 0.719451 0.69975 0.14026 0.134543
1 0.852784 0.385537 0.199587 0.147653
1 0.794933 0.880761 0.154964 0.124894
1 0.478799 0.84931 0.137944 0.144077
1 0.781694 0.778238 0.194687 0.154365
1 0.755496 0.117343 0.130464 0.129708
1 0.796827 0.206901 0.133072 0.109487
1 0.888524 0.489284 0.159692 0.112654
1 0.524315 0.95332 0.176189 0.0926059
0 0.937071 0.755925 0.12511 0.12627
1 0.934196 0.650425 0.130194 0.125433
1 0.931668 0.559749 0.135841 0.128061
1 0.674459 0.600025 0.123208 0.110747
0 0.646667 0.514569 0.133349 0.104952
1 0.840501 0.285324 0.160008 0.12869
1 0.624315 0.413764 0.166552 0.1178
