1 0.296931 0.459187 0.175059 0.129517
1 0.558061 0.878825 0.152215 0.142421
1 0.303639 0.583297 0.171045 0.137578
1 0.91975 0.502456 0.1603 0.158631
1 0.476159 0.490505 0.184064 0.126855
1 0.295972 0.196395 0.181764 0.14904
1 0.29107 0.332812 0.158145 0.114225
1 0.501405 0.624661 0.177113 0.129691
1 0.744442 0.275946 0.141291 0.172492
1 0.482198 0.355927 0.140968 0.116881
1 0.362997 0.94267 0.177983 0.113974
1 0.308109 0.71489 0.184122 0.150314
1 0.324307 0.843954 0.217861 0.170031
1 0.790636 0.802575 0.141154 0.164377
0 0.481329 0.22753 0.16453 0.136619
0 0.930763 0.788921 0.137821 0.158912
1 0.501635 0.0221696 0.152201 0.0438829
1 0.514439 0.744131 0.179139 0.142773
1 0.756367 0.511532 0.137749 0.131242
1 0.866454 0.294702 0.135033 0.155798
1 0.806025 0.0445913 0.104763 0.088611
1 0.0685015 0.958738 0.13644 0.0821999
1 0.0335916 0.622705 0.0671833 0.108517
1 0.029879 0.718312 0.059671 0.0731936
1 0.852885 0.948976 0.162755 0.101462
1 0.0370621 0.877477 0.0737189 0.135131
0 0.941078 0.0571935 0.101535 0.113097
1 0.957791 0.320186 0.0839033 0.174242
1 0.319806 0.022235 0.158896 0.0441637
1 0.579303 0.970766 0.207195 0.0575759
0 0.957318 0.318178 0.085211 0.176973
1 0.0278894 0.160352 0.0553657 0.12738
1 0.618531 0.982083 0.127747 0.0352843
