0 0.850443 0.550806 0.07897 0.13749
1 0.937722 0.395933 0.0974929 0.138911
1 0.347971 0.161275 0.0881456 0.130518
1 0.682872 0.0302116 0.0729078 0.0604232
1 0.936946 0.55078 0.0859076 0.134683
0 0.605392 0.0303052 0.0671546 0.0601501
1 0.854592 0.397817 0.0896873 0.138702
0 0.510952 0.41355 0.0946904 0.136987
1 0.931925 0.159824 0.0820003 0.155562
0 0.768714 0.401071 0.0791814 0.131113
1 0.353315 0.0331697 0.0930986 0.0662738
1 0.769167 0.552622 0.0804727 0.136264
0 0.263646 0.156583 0.0872555 0.134138
0 0.688687 0.405781 0.085174 0.128167
0 0.353139 0.814473 0.058918 0.11947
0 0.688185 0.555814 0.0851521 0.148587
1 0.685175 0.155701 0.0880756 0.133329
1 0.849369 0.0394924 0.0905818 0.077649
1 0.772354 0.168935 0.0686305 0.152871
1 0.515708 0.148706 0.0798846 0.140433
0 0.603855 0.155489 0.0746095 0.137601
0 0.602549 0.43094 0.0847216 0.0995604
1 0.435188 0.0317489 0.0736356 0.0629915
0 0.517876 0.565666 0.0985186 0.157751
1 0.434372 0.152897 0.0887789 0.139065
0 0.435713 0.15189 0.0905852 0.141484
1 0.849705 0.143627 0.072336 0.135601
1 0.767416 0.0375411 0.0736821 0.0738823
1 0.603231 0.153761 0.0791168 0.132356
1 0.608288 0.593978 0.0889266 0.0962899
1 0.69007 0.55734 0.0885217 0.140401
1 0.769836 0.400237 0.0783902 0.131747
