0 0.438788 0.833253 0.135411 0.137715
0 0.14622 0.0485149 0.0869457 0.0970298
0 0.041607 0.17587 0.083214 0.0841864
1 0.290678 0.800599 0.122856 0.123887
1 0.256304 0.911263 0.113674 0.113031
0 0.0674759 0.767272 0.134952 0.108858
0 0.0673192 0.284492 0.1213 0.096185
0 0.0788659 0.464197 0.0696117 0.0703633
0 0.142608 0.594963 0.0892171 0.10244
0 0.369187 0.876232 0.0751936 0.0720179
0 0.0236473 0.421668 0.0468745 0.0717942
0 0.308845 0.939717 0.0719869 0.0693182
3 0.0413257 0.900937 0.0819386 0.138416
1 0.143598 0.594906 0.089992 0.0997064
3 0.310899 0.492446 0.17257 0.213344
0 0.402351 0.66647 0.0704484 0.0764749
1 0.338366 0.713165 0.123667 0.108119
0 0.336798 0.713388 0.123595 0.108452
1 0.402699 0.667832 0.0696416 0.0760911
0 0.374485 0.963098 0.0850157 0.070261
0 0.0421516 0.897848 0.0826242 0.14455
