1 0.358079 0.870808 0.130214 0.151192
1 0.324081 0.702281 0.0990797 0.0979515
0 0.625242 0.796848 0.0918769 0.106896
1 0.436525 0.713875 0.10056 0.086385
0 0.592304 0.513768 0.0836884 0.145389
1 0.795609 0.951702 0.0915794 0.0963299
1 0.545017 0.818872 0.107389 0.111888
1 0.828739 0.530174 0.0749462 0.0937505
1 0.885854 0.73201 0.1534 0.150817
0 0.229506 0.730619 0.0910815 0.152045
1 0.712452 0.962452 0.0937264 0.073939
1 0.42876 0.519392 0.0786411 0.109422
1 0.450995 0.846555 0.122528 0.129592
1 0.873531 0.953039 0.0867412 0.092221
1 0.942862 0.0749031 0.110223 0.146785
1 0.954646 0.936239 0.0880537 0.125635
3 0.0294268 0.929096 0.0573833 0.138884
1 0.907765 0.533866 0.0820372 0.109989
0 0.0583564 0.048584 0.0799414 0.097168
1 0.741581 0.536192 0.0851696 0.105103
1 0.384285 0.0492035 0.0917616 0.09765
0 0.621904 0.0546054 0.0774 0.108616
1 0.274625 0.511697 0.0793118 0.0905183
0 0.0365477 0.509088 0.0726417 0.136113
1 0.103528 0.480023 0.104308 0.15769
1 0.180456 0.061572 0.137458 0.122255
0 0.973352 0.547149 0.0528078 0.150479
1 0.538129 0.0463802 0.0815973 0.0901661
1 0.272443 0.905578 0.118879 0.149012
1 0.359371 0.513394 0.0781133 0.10875
1 0.511747 0.520277 0.0713209 0.0917879
0 0.296581 0.0560232 0.090354 0.110925
0 0.665721 0.560429 0.0613484 0.0635488
1 0.610869 0.972254 0.0972087 0.0552291
0 0.196247 0.486461 0.0750836 0.16639
1 0.19816 0.481099 0.0716671 0.14983
1 0.297617 0.0549976 0.0880598 0.108552
0 0.845027 0.0587498 0.0804785 0.116726
1 0.7233 0.757846 0.190942 0.168237
0 0.740669 0.537419 0.0874879 0.105114
1 0.622393 0.0534156 0.0787021 0.106831
0 0.810504 0.064577 0.150811 0.128125
1 0.81015 0.0647267 0.15064 0.128623
1 0.603406 0.712784 0.0879114 0.104105
0 0.176441 0.0603721 0.146828 0.119096
2 0.722246 0.758205 0.19209 0.169265
1 0.777124 0.0446906 0.0794113 0.0885407
0 0.104385 0.482683 0.10466 0.160832
