2 0.161865 0.229442 0.249204 0.206128
1 0.812474 0.680523 0.151929 0.18131
1 0.615681 0.775688 0.160415 0.148335
1 0.926897 0.232778 0.131235 0.139942
1 0.789116 0.910807 0.149551 0.138749
1 0.882078 0.742601 0.138985 0.137809
1 0.627945 0.570399 0.144319 0.127998
1 0.939557 0.496585 0.120886 0.14122
1 0.38362 0.903013 0.218258 0.192665
1 0.69323 0.845087 0.146887 0.159188
1 0.51178 0.960313 0.126347 0.0791465
1 0.894226 0.405374 0.151331 0.159353
0 0.737878 0.612289 0.132785 0.12833
1 0.982935 0.563729 0.033448 0.0641971
1 0.564737 0.347829 0.092558 0.083088
1 0.856411 0.954003 0.13754 0.0914299
1 0.968565 0.281811 0.0619421 0.130424
1 0.939584 0.82719 0.120831 0.152666
1 0.161538 0.230294 0.244662 0.204988
0 0.939595 0.827785 0.120401 0.153152
1 0.741465 0.614035 0.138995 0.132624
0 0.812696 0.339274 0.151548 0.13047
1 0.984794 0.0195658 0.02973 0.0387607
