1 0.762652 0.548037 0.119211 0.093915
1 0.703427 0.820038 0.103508 0.0946798
1 0.67622 0.246575 0.124009 0.119974
1 0.570374 0.309229 0.109174 0.104976
1 0.579661 0.737405 0.0669719 0.0740383
1 0.765708 0.704659 0.147925 0.103183
1 0.0779728 0.0827875 0.155946 0.16447
1 0.45188 0.387743 0.171079 0.122428
1 0.0522578 0.38695 0.10249 0.111015
0 0.736525 0.42829 0.13958 0.128021
1 0.218848 0.592566 0.222602 0.204639
1 0.0449302 0.749397 0.0894062 0.136608
1 0.651252 0.535646 0.10916 0.0716401
1 0.736605 0.429886 0.143877 0.131094
0 0.883774 0.0237735 0.0867708 0.047547
0 0.589744 0.0321189 0.136461 0.0637902
1 0.61368 0.970967 0.118711 0.0580654
2 0.218729 0.59209 0.225513 0.20404
1 0.299993 0.65407 0.114182 0.0699049
1 0.0272026 0.485613 0.0531022 0.104641
1 0.590867 0.0324796 0.13497 0.0648968
