1 0.790861 0.558522 0.112207 0.118986
1 0.183085 0.550592 0.136588 0.130683
1 0.905077 0.489879 0.119379 0.11305
0 0.295271 0.661555 0.128132 0.117572
1 0.127793 0.489074 0.151827 0.13537
1 0.68942 0.102966 0.139336 0.137255
1 0.203255 0.252251 0.140379 0.139997
1 0.163002 0.182971 0.108272 0.108107
1 0.474786 0.222864 0.167171 0.166952
1 0.0650771 0.711521 0.125088 0.128948
1 0.938493 0.654536 0.123014 0.136729
1 0.185286 0.844289 0.151333 0.133497
1 0.563626 0.642798 0.121636 0.127163
1 0.872571 0.706498 0.160681 0.162094
1 0.674515 0.388832 0.108378 0.102205
1 0.0667947 0.426527 0.133589 0.136499
1 0.501462 0.587048 0.134862 0.116726
1 0.331318 0.386111 0.133412 0.125709
1 0.449038 0.135773 0.116454 0.109132
1 0.265563 0.316347 0.152038 0.156376
1 0.300086 0.951634 0.13442 0.0961306
1 0.448982 0.505969 0.150928 0.145647
1 0.246708 0.896929 0.154765 0.155452
1 0.725191 0.790904 0.234172 0.245627
1 0.951551 0.160028 0.0968663 0.109473
1 0.366807 0.0934247 0.157665 0.157369
1 0.65401 0.0529008 0.155164 0.105697
1 0.702221 0.485749 0.124689 0.116538
1 0.462666 0.85815 0.125307 0.112384
1 0.418874 0.791045 0.140285 0.120945
1 0.398111 0.445105 0.134363 0.120562
1 0.0385849 0.63945 0.0758131 0.130814
0 0.747084 0.165467 0.109967 0.103871
1 0.361941 0.719301 0.125175 0.104113
1 0.536703 0.286097 0.160607 0.166136
1 0.0411754 0.36342 0.0821212 0.12112
1 0.904992 0.215147 0.114454 0.108344
1 0.622054 0.709042 0.0909729 0.0925462
1 0.618149 0.334684 0.105354 0.101334
1 0.0763798 0.0605972 0.152214 0.121194
1 0.788642 0.217525 0.0822315 0.081367
1 0.114245 0.77945 0.130746 0.116982
1 0.972981 0.598129 0.0534234 0.0979035
1 0.950697 0.427324 0.0983092 0.138918
1 0.0960864 0.126613 0.143427 0.129749
1 0.330402 0.0526071 0.148819 0.104604
1 0.830171 0.262044 0.0979218 0.106119
1 0.244159 0.612399 0.102589 0.0892938
1 0.744887 0.167436 0.106645 0.106335
0 0.933767 0.026893 0.0826287 0.0535388
0 0.832933 0.26231 0.109769 0.109354
1 0.581064 0.0252628 0.0997196 0.0502257
1 0.0538193 0.973003 0.107515 0.0535944
1 0.933915 0.0272019 0.0843256 0.0544039
1 0.987574 0.0670954 0.0245188 0.0501212
0 0.564474 0.969968 0.109697 0.0596917
