0 0.520916 0.427063 0.0987854 0.13157
1 0.904206 0.202398 0.1283 0.116118
0 0.17152 0.0738874 0.086864 0.14276
0 0.416353 0.431995 0.0878687 0.122859
0 0.26633 0.0665993 0.0961999 0.131347
1 0.0910386 0.458345 0.0805106 0.122365
1 0.101017 0.215815 0.0836662 0.126338
0 0.777866 0.804305 0.15906 0.153395
1 0.943228 0.603732 0.113442 0.12461
0 0.183939 0.210106 0.0829883 0.120284
1 0.601746 0.159248 0.1303 0.107344
1 0.973176 0.335424 0.052983 0.0944588
1 0.660685 0.221107 0.161407 0.123854
1 0.252427 0.452579 0.0820962 0.131642
1 0.872789 0.935555 0.155406 0.127161
1 0.5203 0.0451213 0.131103 0.0900269
1 0.674047 0.676636 0.172365 0.152618
1 0.696006 0.308669 0.134316 0.115591
1 0.916589 0.532735 0.140916 0.117744
1 0.868679 0.127836 0.123085 0.108051
1 0.0882383 0.075962 0.081255 0.122592
1 0.802925 0.0703121 0.201141 0.139792
1 0.0252607 0.221622 0.0501547 0.118505
1 0.610798 0.606546 0.12687 0.108006
0 0.366258 0.190353 0.101517 0.118586
0 0.0865862 0.0750756 0.0802297 0.122351
0 0.171447 0.449146 0.0828315 0.129253
1 0.330552 0.444269 0.0876454 0.122803
1 0.267698 0.199865 0.0882144 0.125677
0 0.0244886 0.465189 0.0485641 0.122318
1 0.56247 0.556015 0.145225 0.100544
0 0.734033 0.370127 0.134693 0.134448
0 0.0204615 0.0800256 0.0405756 0.121115
1 0.769866 0.0210379 0.108283 0.042075
1 0.367947 0.193998 0.0988903 0.124472
1 0.915397 0.973294 0.120223 0.0529939
1 0.780707 0.439834 0.170111 0.153374
0 0.782634 0.442598 0.166598 0.169747
1 0.562427 0.0926252 0.141327 0.110696
1 0.182669 0.21015 0.0809032 0.120532
1 0.868369 0.485758 0.177701 0.162516
1 0.732303 0.369799 0.133063 0.133505
1 0.985223 0.410083 0.0290459 0.0645521
1 0.986587 0.024189 0.0262225 0.04822
