0 0.468091 0.429098 0.0798068 0.080947
0 0.742369 0.429633 0.0847299 0.109796
1 0.726994 0.895156 0.114075 0.0704296
1 0.871814 0.629578 0.101355 0.1395
1 0.719673 0.650957 0.100402 0.12134
1 0.725415 0.804302 0.0908508 0.0769498
1 0.0591876 0.736839 0.118375 0.0880291
1 0.317591 0.95603 0.130343 0.0872762
1 0.543677 0.764897 0.11153 0.0747898
1 0.798807 0.635475 0.086684 0.11055
0 0.663935 0.437551 0.0723162 0.0933726
1 0.540884 0.919428 0.116804 0.08306
1 0.0862725 0.907379 0.113904 0.082397
0 0.961221 0.356496 0.0775571 0.133225
0 0.884546 0.368175 0.0826846 0.136276
0 0.555218 0.669414 0.094883 0.0701902
1 0.541434 0.590423 0.106281 0.0787431
1 0.524035 0.981631 0.140662 0.0367351
0 0.0623162 0.598925 0.124632 0.105183
0 0.877736 0.819469 0.0883954 0.0919278
0 0.732645 0.969918 0.113037 0.0600163
1 0.877237 0.82069 0.0900416 0.0922084
1 0.874419 0.742996 0.120967 0.0752923
0 0.30512 0.795394 0.0896407 0.091712
0 0.813691 0.442258 0.0933964 0.101093
1 0.555188 0.669731 0.0914767 0.0688784
