0 0.851969 0.855185 0.10198 0.0801473
1 0.809965 0.679663 0.100995 0.102144
1 0.911226 0.632599 0.0949013 0.115938
1 0.649928 0.715629 0.0683439 0.07884
0 0.646567 0.84178 0.0911981 0.0891044
1 0.223676 0.16597 0.158025 0.168841
1 0.815112 0.79238 0.103017 0.0979136
0 0.860579 0.953355 0.112581 0.0927265
0 0.033911 0.442913 0.0678221 0.0847406
1 0.223058 0.817577 0.118376 0.125624
1 0.964826 0.682241 0.0698013 0.100002
1 0.236456 0.969633 0.1463 0.0601664
0 0.115276 0.901783 0.108841 0.0947026
1 0.0406527 0.536643 0.0807854 0.136167
0 0.047115 0.797022 0.09423 0.0941821
1 0.120517 0.624302 0.107613 0.12246
1 0.0472313 0.796801 0.0944627 0.0947769
1 0.252403 0.0329628 0.0726015 0.0659257
1 0.5296 0.751674 0.105234 0.0867496
0 0.120871 0.617067 0.103514 0.103785
1 0.201861 0.201468 0.107989 0.0966657
1 0.301217 0.0896913 0.119878 0.122617
1 0.0228858 0.90071 0.0455036 0.0791044
0 0.964033 0.599928 0.0712867 0.0975261
1 0.174836 0.85861 0.088591 0.0911909
1 0.0332645 0.116944 0.0665289 0.105764
0 0.301924 0.089766 0.122724 0.122854
