1 0.796759 0.689766 0.135343 0.145383
1 0.606054 0.608943 0.128539 0.154677
1 0.0909358 0.926604 0.149783 0.146791
1 0.844098 0.508437 0.14272 0.16138
1 0.088546 0.0698729 0.142631 0.121576
1 0.815543 0.913924 0.117092 0.124974
1 0.677238 0.576862 0.125628 0.148955
1 0.224676 0.841599 0.17952 0.169492
1 0.158259 0.260851 0.0935042 0.123319
1 0.0705237 0.24346 0.0898298 0.109134
1 0.27218 0.271592 0.113691 0.134969
1 0.641374 0.766126 0.131355 0.135714
1 0.531658 0.64409 0.116782 0.126384
1 0.745495 0.940457 0.128818 0.116107
1 0.89907 0.897251 0.126618 0.148581
1 0.392099 0.73404 0.131919 0.137256
1 0.894054 0.656205 0.11133 0.13138
1 0.554444 0.807188 0.136124 0.155435
1 0.32815 0.778061 0.121581 0.123515
1 0.0383448 0.958677 0.0759378 0.0816112
1 0.287921 0.06915 0.105339 0.128606
1 0.382664 0.0645312 0.0897945 0.120313
1 0.357416 0.896664 0.141676 0.148459
1 0.461112 0.682665 0.117034 0.11956
1 0.661084 0.958447 0.122223 0.082052
0 0.926145 0.478228 0.113561 0.127496
1 0.0272689 0.597846 0.0543127 0.103736
1 0.389223 0.371867 0.124176 0.140207
1 0.362013 0.262767 0.0799532 0.113784
1 0.760026 0.545475 0.123919 0.128716
1 0.723301 0.732961 0.127583 0.145341
1 0.959453 0.633347 0.0801573 0.138764
0 0.959753 0.8671 0.0783178 0.152127
1 0.450609 0.834445 0.146965 0.129734
1 0.95866 0.864426 0.0822768 0.15029
0 0.973533 0.432993 0.0524614 0.096754
0 0.853865 0.0968845 0.119489 0.0761741
0 0.95943 0.630493 0.0802355 0.130163
1 0.134391 0.556784 0.195063 0.177115
1 0.973029 0.430674 0.0533667 0.0937425
0 0.760615 0.544159 0.123987 0.128989
