1 0.50335 0.0762309 0.128708 0.0873743
2 0.882703 0.883086 0.135574 0.230354
1 0.803551 0.242953 0.137697 0.133935
1 0.0283757 0.191913 0.0567514 0.112853
1 0.185335 0.214981 0.0848448 0.130296
1 0.820935 0.128666 0.149272 0.10525
1 0.0985091 0.221038 0.087016 0.1576
1 0.491009 0.153612 0.124905 0.0744972
1 0.269 0.2308 0.089165 0.129901
1 0.293619 0.028961 0.0910072 0.0576556
1 0.121623 0.0276887 0.0827935 0.0551753
1 0.202394 0.0204931 0.0813513 0.0408072
1 0.775873 0.367424 0.163131 0.193326
2 0.778012 0.368109 0.165737 0.193793
3 0.697524 0.896191 0.155278 0.10347
2 0.698719 0.897149 0.155349 0.104321
1 0.487777 0.272675 0.162025 0.168656
3 0.0410198 0.959491 0.0805494 0.0803494
1 0.0390187 0.0243542 0.0761741 0.0482635
