1 0.462396 0.84744 0.125206 0.115647
1 0.803494 0.913449 0.123634 0.126192
1 0.0919927 0.87939 0.15256 0.152128
1 0.651913 0.493204 0.107718 0.10637
1 0.622006 0.7887 0.0947542 0.103821
1 0.698894 0.853148 0.105748 0.116577
1 0.644434 0.222838 0.0871775 0.0857763
1 0.113515 0.380439 0.0977036 0.105948
1 0.397622 0.781569 0.0786253 0.0730298
1 0.148564 0.415868 0.105805 0.112663
1 0.296064 0.649199 0.119165 0.115068
1 0.331129 0.347336 0.116666 0.121012
1 0.810055 0.327631 0.211596 0.188324
0 0.46253 0.42421 0.145888 0.127186
1 0.708693 0.461935 0.178603 0.183676
1 0.850499 0.242881 0.133313 0.111515
1 0.219657 0.490405 0.125295 0.145423
1 0.364776 0.850379 0.111552 0.103004
1 0.213619 0.726233 0.186816 0.156966
0 0.300529 0.30055 0.133878 0.141819
1 0.495921 0.664537 0.116793 0.119446
1 0.0394722 0.960843 0.0778818 0.0759869
1 0.302347 0.521465 0.0832196 0.0876815
0 0.0832066 0.168647 0.11808 0.130931
1 0.17445 0.456153 0.128379 0.138245
1 0.668862 0.817346 0.0979468 0.112148
1 0.0412002 0.329578 0.0824004 0.113286
1 0.524323 0.358568 0.118339 0.100666
1 0.0232653 0.818499 0.0462459 0.105113
1 0.140364 0.098173 0.131959 0.125
1 0.0364841 0.403734 0.0729682 0.0999442
1 0.457269 0.718111 0.103553 0.100071
1 0.105837 0.551652 0.202552 0.194306
1 0.0803331 0.33889 0.0844714 0.0906889
1 0.0555642 0.0447304 0.109466 0.0893289
0 0.612491 0.562639 0.170353 0.164843
1 0.969611 0.0760225 0.0601175 0.126958
1 0.934289 0.718964 0.066642 0.0635903
1 0.431617 0.758036 0.105851 0.0957925
1 0.891444 0.968953 0.0833468 0.0617867
1 0.210991 0.227515 0.137419 0.148006
1 0.561861 0.955736 0.132102 0.0877702
1 0.559572 0.278731 0.143694 0.132023
2 0.104733 0.549228 0.202865 0.194873
1 0.499144 0.169159 0.0900931 0.100542
1 0.209559 0.985438 0.0667957 0.0284848
1 0.0634341 0.933336 0.123437 0.121269
1 0.971559 0.8758 0.0566952 0.10059
1 0.825239 0.98675 0.0563703 0.0264617
1 0.68121 0.131489 0.0744069 0.0727786
1 0.481366 0.98455 0.060575 0.0309001
0 0.934455 0.718799 0.0658828 0.063159
0 0.140477 0.0972574 0.13128 0.13367
1 0.274558 0.945765 0.130266 0.106851
1 0.614248 0.911451 0.11326 0.120499
0 0.330744 0.346395 0.116836 0.123352
1 0.388909 0.082491 0.184139 0.164608
1 0.174416 0.0110309 0.049158 0.0220618
1 0.537484 0.77985 0.0902275 0.0857747
1 0.0123325 0.108859 0.0241939 0.059704
1 0.61377 0.563339 0.173264 0.166985
1 0.377645 0.577444 0.0843049 0.0676181
1 0.669795 0.183386 0.0929215 0.0863999
1 0.0268133 0.0513576 0.0531663 0.101852
