2 0.747495 0.43065 0.236381 0.25321
1 0.827283 0.0514211 0.105322 0.101831
1 0.319616 0.455579 0.116537 0.108704
2 0.906615 0.923343 0.171974 0.152497
1 0.439917 0.550102 0.104252 0.101192
0 0.222075 0.421832 0.169551 0.182883
2 0.916129 0.562967 0.166031 0.382698
1 0.381186 0.500695 0.104669 0.113666
1 0.315343 0.749244 0.142429 0.132583
1 0.234789 0.0916567 0.16189 0.166797
1 0.599612 0.666944 0.1095 0.114574
0 0.900193 0.106633 0.0821117 0.0742474
1 0.46826 0.835812 0.156473 0.159146
1 0.168267 0.336566 0.128636 0.133049
1 0.647215 0.745663 0.167128 0.185461
1 0.513751 0.614998 0.128586 0.128457
1 0.724046 0.03681 0.113298 0.0733493
1 0.530114 0.916581 0.137177 0.158652
1 0.173408 0.634497 0.155132 0.172768
1 0.0975709 0.594634 0.13606 0.157455
1 0.23971 0.703412 0.126562 0.11251
1 0.376764 0.794565 0.121205 0.125195
1 0.400112 0.196615 0.0933656 0.0884529
0 0.0368131 0.521488 0.0736262 0.140081
1 0.0446786 0.0191488 0.0814021 0.0382976
1 0.485143 0.0607712 0.134313 0.119269
0 0.376413 0.219674 0.142525 0.135683
