1 0.874613 0.123286 0.143627 0.130864
1 0.31498 0.323144 0.14357 0.113129
1 0.742818 0.685449 0.160591 0.121322
1 0.353738 0.23554 0.14334 0.130165
1 0.55286 0.800617 0.140492 0.109747
1 0.457908 0.399705 0.13313 0.130963
1 0.405756 0.152406 0.154069 0.143955
1 0.140801 0.848582 0.14808 0.107074
1 0.946452 0.813409 0.107006 0.114525
1 0.930702 0.894711 0.138597 0.101607
1 0.246988 0.494823 0.146559 0.123693
1 0.870372 0.431352 0.13749 0.124148
1 0.124246 0.935802 0.139679 0.118491
1 0.162161 0.758771 0.140479 0.114202
1 0.68068 0.456931 0.121485 0.105739
1 0.641064 0.532856 0.131529 0.126982
1 0.451702 0.0734028 0.155616 0.136279
1 0.288013 0.924234 0.135402 0.108766
1 0.57316 0.713725 0.126959 0.118612
1 0.943652 0.292952 0.112695 0.114039
1 0.817094 0.202381 0.141349 0.127447
1 0.604544 0.626179 0.124206 0.118717
1 0.710003 0.857777 0.160366 0.11066
1 0.287187 0.414057 0.153099 0.128988
1 0.066807 0.348884 0.133614 0.124515
1 0.623822 0.0751294 0.159349 0.14893
1 0.0839046 0.256473 0.167809 0.148777
1 0.529555 0.232822 0.159432 0.137968
1 0.488747 0.323712 0.130746 0.108172
1 0.315029 0.750636 0.141632 0.0924659
1 0.960231 0.731954 0.0785934 0.0918853
1 0.732946 0.352032 0.147313 0.129528
1 0.911053 0.969456 0.147806 0.0605514
1 0.531579 0.890138 0.141899 0.115932
1 0.956042 0.202648 0.0874895 0.124767
1 0.412068 0.482945 0.143034 0.119186
1 0.57052 0.151853 0.174133 0.150605
1 0.836491 0.529222 0.15659 0.145874
1 0.0482461 0.433034 0.0957386 0.118976
1 0.170832 0.0882766 0.151064 0.136825
1 0.671713 0.0307667 0.120577 0.0612288
1 0.779511 0.282341 0.153809 0.123543
1 0.903706 0.349989 0.147771 0.130876
1 0.671021 0.941703 0.165009 0.116371
1 0.7295 0.760897 0.175643 0.115757
1 0.0238819 0.522818 0.047206 0.0840666
1 0.791147 0.611209 0.118715 0.100477
1 0.0363163 0.10488 0.0725281 0.116867
1 0.513447 0.96848 0.140155 0.0628328
1 0.0460674 0.0387946 0.0920393 0.0771544
1 0.126405 0.177241 0.152716 0.142304
1 0.256999 0.977095 0.141259 0.0454888
1 0.305382 0.834758 0.143556 0.085149
1 0.498525 0.0318785 0.140691 0.0634372
1 0.225997 0.56217 0.151366 0.113589
1 0.377467 0.562201 0.153479 0.140882
1 0.972428 0.641494 0.0547996 0.119354
0 0.790305 0.610956 0.119109 0.0978805
1 0.209013 0.0254543 0.125493 0.0508705
1 0.19703 0.659134 0.159036 0.116316
1 0.357435 0.656005 0.140653 0.0977913
0 0.359649 0.654076 0.149583 0.103053
1 0.0200154 0.176201 0.0396936 0.0632781
1 0.0880186 0.991436 0.110097 0.0168309
1 0.0357924 0.160768 0.0709046 0.106759
