1 0.314333 0.651458 0.156148 0.13547
1 0.917346 0.178499 0.148123 0.146087
1 0.636431 0.843718 0.13908 0.130781
1 0.387382 0.439407 0.132072 0.131209
1 0.470027 0.219991 0.131917 0.12751
1 0.217554 0.187828 0.150828 0.125458
1 0.476418 0.609768 0.124665 0.122399
1 0.436218 0.318058 0.138852 0.126782
1 0.93884 0.407271 0.122243 0.131877
1 0.864065 0.693297 0.152855 0.127103
1 0.685532 0.110177 0.14161 0.132205
1 0.92489 0.509833 0.15022 0.142338
1 0.506432 0.123017 0.134668 0.124209
1 0.23285 0.829507 0.13452 0.13149
1 0.067223 0.0700526 0.134446 0.140105
1 0.748221 0.542507 0.170793 0.13899
1 0.810993 0.78264 0.166407 0.140865
1 0.34763 0.550937 0.151537 0.127616
1 0.813818 0.363922 0.145768 0.125491
1 0.335182 0.958012 0.129334 0.0835195
1 0.287356 0.0429948 0.127562 0.0859896
1 0.592107 0.29897 0.150092 0.133397
1 0.700715 0.638135 0.132161 0.115881
1 0.37544 0.885209 0.13573 0.13576
1 0.559131 0.403245 0.146345 0.127774
1 0.675256 0.734047 0.145763 0.133248
1 0.405824 0.794697 0.125741 0.127375
1 0.780794 0.884874 0.171548 0.131605
1 0.759219 0.0522007 0.156527 0.10308
1 0.181848 0.931774 0.202778 0.135754
1 0.648678 0.208886 0.152169 0.14335
1 0.77264 0.451888 0.149138 0.12972
1 0.597673 0.935978 0.133269 0.124494
1 0.882176 0.597874 0.121166 0.12033
1 0.859248 0.27184 0.13867 0.124554
1 0.443943 0.708714 0.111656 0.108162
1 0.109018 0.0329836 0.128095 0.0657021
1 0.76083 0.960324 0.152669 0.0785893
1 0.0538147 0.971394 0.107139 0.0572113
1 0.16754 0.267429 0.184041 0.133204
1 0.558442 0.0442506 0.146235 0.0883231
1 0.513691 0.493913 0.158091 0.144854
0 0.558162 0.0456984 0.147833 0.0911894
0 0.168852 0.259597 0.187691 0.151138
1 0.269043 0.726303 0.114637 0.102543
1 0.977629 0.0851571 0.0444973 0.0920275
1 0.260099 0.106927 0.143631 0.108681
0 0.260042 0.105301 0.144171 0.106635
1 0.972326 0.305781 0.0546774 0.124173
0 0.977173 0.0884842 0.0448132 0.100511
