0 0.514613 0.19431 0.104966 0.0992431
1 0.675252 0.205574 0.081524 0.0919093
1 0.735847 0.564367 0.124474 0.109884
1 0.883662 0.27657 0.0890878 0.0872005
1 0.927512 0.123069 0.0959826 0.112326
1 0.767332 0.184023 0.091386 0.0982545
0 0.31964 0.855211 0.110524 0.0979557
1 0.356812 0.339363 0.129181 0.123531
1 0.447348 0.500648 0.10971 0.110996
1 0.340846 0.690378 0.109225 0.0996807
1 0.910569 0.729933 0.0919584 0.106592
1 0.573357 0.278075 0.131084 0.108707
1 0.855957 0.560062 0.0964177 0.102964
1 0.79627 0.774082 0.159582 0.140036
1 0.797688 0.333311 0.111909 0.13028
1 0.519182 0.665626 0.127207 0.119725
0 0.207952 0.692092 0.100001 0.0863221
1 0.579833 0.428846 0.104599 0.11831
1 0.748112 0.945639 0.0839376 0.108722
1 0.846976 0.146973 0.0917116 0.107551
1 0.731498 0.670885 0.116539 0.0867276
1 0.847992 0.952172 0.104652 0.0956563
0 0.0449436 0.82405 0.0889706 0.124375
0 0.485282 0.565174 0.102838 0.0920088
1 0.0791068 0.94897 0.126295 0.100689
1 0.951692 0.525362 0.0802093 0.097972
1 0.961275 0.312251 0.0762489 0.141553
1 0.71415 0.379373 0.105504 0.107348
1 0.98042 0.708809 0.0385623 0.0850089
1 0.982744 0.107406 0.034039 0.105761
1 0.58021 0.82347 0.129872 0.130962
0 0.424538 0.0207704 0.14215 0.041195
0 0.372319 0.432308 0.14021 0.103165
0 0.333797 0.939876 0.121821 0.0935386
0 0.61272 0.0376844 0.0867231 0.0748088
1 0.985796 0.919939 0.0278895 0.108661
0 0.579282 0.823937 0.130447 0.132105
