2 0.394697 0.379895 0.277241 0.169434
1 0.896387 0.762841 0.121087 0.130186
1 0.944974 0.682673 0.107836 0.10413
1 0.285326 0.471362 0.0818605 0.0821506
0 0.665465 0.543082 0.118579 0.12028
1 0.841852 0.825704 0.124839 0.124419
1 0.573317 0.504691 0.103496 0.107892
1 0.804876 0.88244 0.141977 0.129805
1 0.747178 0.944538 0.132556 0.110924
1 0.169618 0.294423 0.182033 0.126655
1 0.957345 0.923863 0.085084 0.107568
1 0.977866 0.626058 0.0439055 0.0792184
1 0.898962 0.946571 0.133433 0.10642
0 0.107581 0.414968 0.181448 0.130651
1 0.390834 0.538892 0.183239 0.143891
1 0.964506 0.848731 0.0703211 0.126296
2 0.389431 0.53962 0.188401 0.14467
1 0.736571 0.659978 0.114053 0.114463
1 0.834154 0.977757 0.101752 0.0441618
1 0.698786 0.978638 0.117466 0.0423977
