1 0.943178 0.857274 0.112173 0.149348
1 0.349885 0.666825 0.113925 0.114608
1 0.699727 0.41486 0.181814 0.124603
0 0.908452 0.663317 0.0987246 0.170468
1 0.352077 0.30188 0.105037 0.101794
1 0.668237 0.744928 0.128332 0.137578
1 0.428658 0.632415 0.0672876 0.0651848
1 0.542235 0.241764 0.0728669 0.077584
1 0.282679 0.519495 0.164981 0.147148
0 0.952201 0.466275 0.088883 0.0666402
0 0.224895 0.969216 0.075366 0.0611732
2 0.0582828 0.863332 0.116559 0.159747
1 0.594557 0.0905169 0.0891078 0.116643
0 0.697034 0.103555 0.0750365 0.0801025
0 0.981291 0.638613 0.0368805 0.120737
1 0.981012 0.639666 0.0373288 0.121078
0 0.74486 0.819413 0.0812011 0.0702672
0 0.596067 0.0899633 0.0882277 0.116983
