1 0.347183 0.691036 0.152084 0.165326
1 0.425287 0.878684 0.13091 0.134155
1 0.553199 0.067609 0.130377 0.118683
1 0.0786294 0.923314 0.142988 0.142482
1 0.298911 0.104461 0.136384 0.12327
1 0.0562008 0.673764 0.112288 0.143868
1 0.897684 0.656137 0.151457 0.158361
1 0.37317 0.0512882 0.153375 0.10238
1 0.716417 0.21012 0.130232 0.115092
1 0.182437 0.256228 0.141094 0.14162
1 0.751916 0.136345 0.12594 0.121489
1 0.249538 0.171933 0.124191 0.11793
1 0.122024 0.61196 0.112711 0.111638
1 0.279388 0.758309 0.124915 0.124799
1 0.74752 0.752129 0.118045 0.123295
1 0.395748 0.292366 0.13242 0.123849
1 0.914038 0.185036 0.168781 0.141762
1 0.493982 0.508843 0.153795 0.148718
1 0.675165 0.930365 0.187549 0.139269
1 0.506855 0.144439 0.142104 0.135116
1 0.046068 0.11369 0.0909702 0.135593
1 0.0640726 0.426922 0.127902 0.154168
0 0.45489 0.222616 0.128943 0.111451
1 0.354305 0.927847 0.139291 0.133607
1 0.841761 0.599432 0.135532 0.139556
1 0.153861 0.865183 0.141275 0.133427
1 0.945993 0.909085 0.107286 0.113069
1 0.0817338 0.0528658 0.135028 0.105732
1 0.556529 0.57513 0.128103 0.120698
1 0.804701 0.701155 0.0777347 0.0759323
1 0.7547 0.510293 0.126037 0.0883566
1 0.673353 0.27576 0.137205 0.117148
1 0.184697 0.531491 0.177685 0.183568
1 0.210355 0.807006 0.123024 0.120067
1 0.779498 0.40613 0.0936468 0.0993251
1 0.0361753 0.95704 0.0714233 0.0851644
1 0.89155 0.852251 0.149241 0.138542
1 0.947168 0.69601 0.105654 0.133094
1 0.947505 0.109405 0.103735 0.115191
1 0.803818 0.0697243 0.141367 0.111462
1 0.283827 0.955796 0.131858 0.0884085
1 0.619049 0.338457 0.132978 0.110432
1 0.687524 0.679015 0.158316 0.176413
0 0.470073 0.791273 0.155527 0.14296
1 0.0377436 0.501086 0.0751316 0.142135
1 0.88702 0.26564 0.125186 0.107062
1 0.624114 0.62129 0.166214 0.165756
1 0.816173 0.796994 0.123001 0.103058
1 0.975769 0.0358799 0.0483726 0.0712231
1 0.970367 0.965367 0.0587811 0.0692652
1 0.353659 0.350291 0.121068 0.115744
0 0.628325 0.614701 0.163997 0.179053
1 0.843869 0.334584 0.149924 0.133008
1 0.837015 0.020455 0.120741 0.0408918
1 0.97584 0.771665 0.0478034 0.0878177
1 0.31912 0.365622 0.188648 0.147962
1 0.143635 0.0168619 0.0717852 0.0337237
0 0.844574 0.332745 0.148904 0.137106
1 0.0216608 0.715921 0.0431703 0.0895252
1 0.469917 0.791579 0.156787 0.143975
