0 0.0392124 0.283833 0.0784247 0.0975307
1 0.677498 0.186388 0.149876 0.127901
1 0.439971 0.225437 0.152451 0.139102
1 0.261669 0.0931728 0.132547 0.120654
1 0.911167 0.859549 0.135017 0.125123
1 0.842032 0.304479 0.147632 0.133522
1 0.695301 0.505965 0.146697 0.142012
1 0.372759 0.296196 0.141822 0.144011
1 0.617368 0.247769 0.120984 0.118423
1 0.568982 0.311357 0.12547 0.11771
1 0.763068 0.0550742 0.132678 0.109858
1 0.6731 0.792603 0.156522 0.15102
1 0.778839 0.657945 0.123647 0.11859
1 0.205352 0.176349 0.128787 0.123072
1 0.499955 0.376379 0.14615 0.1357
1 0.0840605 0.089878 0.116225 0.12048
1 0.526003 0.0742734 0.123112 0.12388
1 0.713043 0.115232 0.14231 0.129915
1 0.886207 0.523735 0.123826 0.128289
1 0.881181 0.221528 0.123456 0.124798
1 0.825004 0.590623 0.124644 0.12582
1 0.786322 0.367422 0.117958 0.111211
1 0.306673 0.041703 0.1278 0.0832759
1 0.933895 0.1607 0.130139 0.117947
1 0.729206 0.722457 0.152551 0.146234
1 0.942045 0.786314 0.115911 0.129078
1 0.137575 0.0400835 0.118016 0.0795322
1 0.571337 0.0324433 0.10973 0.0648866
1 0.845628 0.930859 0.162523 0.138129
1 0.484892 0.142613 0.140598 0.126383
1 0.928119 0.451533 0.132918 0.12954
1 0.966526 0.710089 0.0659326 0.116658
1 0.948703 0.387907 0.101655 0.116407
1 0.729402 0.435928 0.120691 0.112626
1 0.981315 0.0279643 0.0367556 0.0558784
1 0.965012 0.974655 0.0694551 0.0505607
1 0.987419 0.941404 0.0248166 0.0534194
3 0.198204 0.974375 0.160294 0.0505694
1 0.313132 0.95248 0.125156 0.0942709
1 0.0492811 0.15898 0.0980968 0.126411
0 0.300263 0.811402 0.0999958 0.105173
1 0.808189 0.0164382 0.0707717 0.0328765
1 0.900953 0.0192483 0.0664487 0.0384688
1 0.974314 0.311102 0.0511335 0.11958
0 0.312042 0.953163 0.126202 0.0936745
1 0.299936 0.807923 0.101109 0.107071
