1 0.362741 0.711129 0.138669 0.12723
1 0.0996512 0.436132 0.13057 0.130086
1 0.536862 0.917306 0.159226 0.154706
1 0.290111 0.584234 0.190625 0.157713
2 0.539744 0.223498 0.277677 0.234435
2 0.475805 0.407491 0.312308 0.308351
0 0.95047 0.543748 0.098561 0.0975185
0 0.0558078 0.295022 0.111032 0.163364
0 0.95665 0.404842 0.0864173 0.109973
3 0.910991 0.803857 0.178017 0.390006
0 0.815818 0.802313 0.129569 0.105008
1 0.957217 0.403116 0.085567 0.106058
2 0.501929 0.29449 0.349082 0.381089
2 0.96778 0.932166 0.0642412 0.104998
2 0.912557 0.800186 0.174886 0.399628
