0 0.393766 0.286538 0.1478 0.134897
0 0.0561161 0.354019 0.111324 0.138603
1 0.170357 0.296799 0.0993119 0.091639
0 0.914454 0.943904 0.133972 0.111489
1 0.699221 0.95756 0.122408 0.0841537
0 0.296131 0.550207 0.117985 0.125143
1 0.0891271 0.50235 0.105538 0.0679395
0 0.505374 0.841536 0.102174 0.0540532
1 0.473571 0.559883 0.0815426 0.121782
1 0.781259 0.307834 0.139539 0.149536
1 0.171574 0.971459 0.117307 0.0568078
1 0.0757785 0.677734 0.107469 0.114172
1 0.859044 0.570887 0.10028 0.125352
0 0.780661 0.308592 0.139721 0.150324
0 0.850357 0.604087 0.126001 0.196277
0 0.845253 0.659539 0.116604 0.0886328
