1 0.3016 0.363919 0.116277 0.0739578
1 0.0891989 0.435476 0.132396 0.105828
1 0.119707 0.612455 0.138718 0.103745
1 0.333386 0.542675 0.137251 0.0884503
1 0.0776796 0.354774 0.155359 0.101794
1 0.0881229 0.529619 0.14455 0.0855941
1 0.062355 0.269172 0.120647 0.0838876
1 0.127248 0.700925 0.127494 0.0852027
1 0.346782 0.627224 0.147487 0.0915332
1 0.0381379 0.887237 0.0762758 0.0981824
1 0.139627 0.773438 0.142245 0.0846987
1 0.291919 0.283604 0.120688 0.0784883
2 0.581944 0.447289 0.836111 0.878835
1 0.427038 0.956995 0.114952 0.0860093
1 0.223963 0.955264 0.131229 0.0886734
1 0.319846 0.445038 0.127606 0.0650284
1 0.146059 0.859035 0.142617 0.0936718
1 0.438043 0.739583 0.0976341 0.142576
1 0.358323 0.759359 0.0855251 0.123748
1 0.0482633 0.96055 0.0965265 0.0773944
1 0.460214 0.521331 0.119731 0.0932046
1 0.0492375 0.185622 0.0976595 0.0724451
1 0.344868 0.966503 0.0836821 0.0666187
1 0.025274 0.797563 0.0502143 0.0785544
1 0.45116 0.434623 0.132877 0.0917073
1 0.542761 0.948593 0.106601 0.102064
0 0.626448 0.936742 0.0948482 0.119177
1 0.0225659 0.625807 0.044976 0.0893743
1 0.753845 0.740065 0.135654 0.0840901
1 0.0264272 0.715473 0.0525436 0.0863292
1 0.627117 0.936776 0.0945737 0.118091
1 0.012136 0.540583 0.0239731 0.0838943
