0 0.670743 0.927396 0.0997144 0.0962336
1 0.115832 0.606453 0.0907174 0.124421
1 0.277147 0.401467 0.101664 0.1418
1 0.591009 0.26284 0.120179 0.0859658
1 0.522243 0.941525 0.145544 0.116577
1 0.57848 0.429249 0.117099 0.0809299
1 0.104658 0.199653 0.0844962 0.0988445
1 0.577482 0.514383 0.131837 0.0874155
1 0.600522 0.0926399 0.122888 0.0848191
1 0.0385904 0.591549 0.0771809 0.117173
1 0.901368 0.237545 0.1199 0.119234
0 0.805042 0.974333 0.0789826 0.0512794
1 0.560812 0.765112 0.118789 0.0896509
1 0.904051 0.108973 0.085874 0.115771
1 0.288976 0.0361215 0.100914 0.0721829
1 0.27816 0.643976 0.0965727 0.14543
1 0.377171 0.415898 0.0950706 0.110067
1 0.365488 0.657038 0.0979301 0.130722
1 0.616217 0.0254489 0.138249 0.0505599
1 0.803703 0.835076 0.0753254 0.0968227
1 0.242988 0.802978 0.0834008 0.0951607
1 0.185232 0.234662 0.0995042 0.150443
1 0.339796 0.809825 0.0879216 0.110364
1 0.859356 0.624678 0.0790299 0.0850611
1 0.198694 0.0329543 0.0851285 0.0659087
1 0.578555 0.177096 0.0905423 0.0797193
1 0.545995 0.857199 0.136503 0.105192
1 0.198639 0.618114 0.0940521 0.128752
1 0.110621 0.373358 0.0939091 0.142124
0 0.371305 0.259466 0.12787 0.157319
1 0.590045 0.346003 0.126531 0.0818098
0 0.569147 0.677717 0.119614 0.0805039
0 0.874872 0.853638 0.0769075 0.102265
1 0.576583 0.594356 0.129599 0.0830081
1 0.0809211 0.771352 0.0844501 0.0923427
1 0.193155 0.393282 0.0885328 0.101641
1 0.389239 0.0389761 0.109573 0.0775138
1 0.370963 0.259532 0.125662 0.155121
1 0.164173 0.792421 0.0888649 0.106395
1 0.0365055 0.373634 0.0727771 0.150176
1 0.560502 0.674411 0.136533 0.0835274
1 0.472945 0.979731 0.104613 0.0403322
1 0.210273 0.986028 0.0986173 0.0275358
1 0.0322056 0.195863 0.0644113 0.0704969
0 0.805122 0.834384 0.0753791 0.0938427
1 0.0288669 0.740038 0.0573447 0.138296
1 0.11405 0.0345343 0.085611 0.0687254
