0 0.10289 0.0834146 0.117977 0.104249
0 0.341714 0.310717 0.100965 0.0947263
1 0.335041 0.652106 0.146839 0.130253
1 0.0793423 0.425369 0.123449 0.147716
1 0.343473 0.129397 0.116851 0.133923
1 0.0504392 0.227796 0.100878 0.12366
1 0.520442 0.316954 0.0924914 0.0729479
1 0.245012 0.615372 0.0936288 0.0913165
1 0.974398 0.69498 0.0509911 0.0837674
1 0.0340557 0.111105 0.067483 0.0992706
0 0.301524 0.48456 0.127419 0.0905192
1 0.300611 0.485166 0.123005 0.0910687
0 0.673947 0.326667 0.056005 0.0565519
