1 0.655254 0.260875 0.154447 0.118576
1 0.765102 0.647325 0.152013 0.127635
1 0.109041 0.109396 0.119978 0.123795
1 0.839357 0.908424 0.16413 0.172143
1 0.963852 0.566482 0.0713181 0.113937
1 0.728506 0.826493 0.10905 0.126587
1 0.942739 0.649972 0.114521 0.127092
1 0.908985 0.209498 0.141187 0.129268
1 0.747186 0.0302931 0.127388 0.0601478
1 0.719003 0.0737353 0.172775 0.142909
1 0.857424 0.389273 0.114611 0.120342
1 0.91421 0.301608 0.116938 0.0896617
1 0.777717 0.836687 0.0888729 0.0949253
1 0.960426 0.116388 0.0783417 0.0984047
1 0.255069 0.171273 0.198238 0.148881
1 0.959087 0.0472455 0.0815043 0.0725482
1 0.915703 0.725846 0.112197 0.116071
1 0.0208981 0.0526349 0.0417962 0.10384
1 0.875704 0.620316 0.0755538 0.0925926
1 0.829108 0.47039 0.115497 0.104826
1 0.0600167 0.0806013 0.120033 0.123857
1 0.689396 0.179165 0.149142 0.134045
1 0.939286 0.166896 0.0836211 0.064405
1 0.669016 0.765102 0.185007 0.219702
1 0.787295 0.573194 0.120455 0.0983312
1 0.744722 0.887455 0.0625029 0.0634489
1 0.974652 0.457527 0.0502179 0.145821
