1 0.839342 0.830587 0.119421 0.174322
1 0.658079 0.336026 0.175226 0.121996
1 0.74747 0.843176 0.121994 0.179958
1 0.459126 0.891292 0.119143 0.178669
1 0.327611 0.373261 0.135241 0.139842
1 0.961572 0.968676 0.076641 0.0624702
1 0.366264 0.906687 0.11939 0.172169
1 0.515544 0.564197 0.166284 0.126461
0 0.710075 0.0418393 0.124989 0.0834292
1 0.650251 0.862288 0.121965 0.171904
1 0.870904 0.0524178 0.135291 0.104803
1 0.322961 0.600552 0.127079 0.112791
1 0.475075 0.35346 0.181204 0.0921748
1 0.554495 0.862792 0.112657 0.144953
1 0.865491 0.30898 0.170705 0.128241
1 0.260902 0.415724 0.074834 0.104025
2 0.890522 0.490334 0.218228 0.239979
1 0.942455 0.823995 0.106015 0.15597
1 0.871659 0.976207 0.0953008 0.0473099
2 0.241172 0.920991 0.187884 0.158018
1 0.990973 0.0489974 0.0176282 0.0838676
2 0.864615 0.308742 0.168465 0.125402
3 0.0375312 0.666544 0.0747438 0.174079
0 0.476317 0.35219 0.183405 0.0957121
0 0.488078 0.0207268 0.0935038 0.0412545
0 0.984416 0.791779 0.0310328 0.167357
1 0.487591 0.0211755 0.0932566 0.0422987
