1 0.676755 0.476533 0.13764 0.162525
1 0.360432 0.870271 0.112038 0.0884924
1 0.0916923 0.840186 0.136053 0.110348
1 0.363986 0.699725 0.136299 0.0886238
1 0.122941 0.668693 0.106245 0.152766
1 0.652945 0.672118 0.145262 0.125355
0 0.0506834 0.0274092 0.100544 0.0545078
1 0.251407 0.0298273 0.12789 0.0592404
1 0.090996 0.979793 0.113276 0.0402851
3 0.690267 0.833174 0.186238 0.103495
3 0.0508518 0.316456 0.10071 0.0639516
1 0.0521671 0.0238575 0.104334 0.0476539
1 0.46297 0.021472 0.0993373 0.0428683
