0 0.749133 0.777177 0.117452 0.0969815
1 0.316541 0.712329 0.0993887 0.0760837
1 0.584911 0.738563 0.0775857 0.120225
1 0.700149 0.250313 0.131574 0.138366
0 0.734663 0.663569 0.120306 0.10394
0 0.860798 0.18876 0.130491 0.112431
0 0.119962 0.807985 0.112333 0.0883803
0 0.442072 0.60355 0.0728244 0.0973613
1 0.555507 0.596135 0.0876086 0.0820101
0 0.469701 0.424999 0.10158 0.11042
0 0.452522 0.0910116 0.110696 0.127117
0 0.024132 0.565624 0.0478392 0.0665512
0 0.69432 0.500931 0.105191 0.124015
0 0.7621 0.528293 0.114327 0.14104
0 0.282673 0.417841 0.0992194 0.0894005
0 0.188077 0.493048 0.0815237 0.0583873
0 0.707875 0.0718011 0.170767 0.143602
1 0.880269 0.912111 0.0765791 0.0658165
0 0.847629 0.544738 0.116143 0.105541
1 0.736102 0.895258 0.0925417 0.0571585
1 0.200645 0.551752 0.0553095 0.0534966
0 0.496869 0.868214 0.096687 0.0764308
1 0.929132 0.349949 0.141736 0.154291
1 0.581546 0.209272 0.090276 0.108208
1 0.462077 0.730388 0.0992756 0.132608
1 0.299361 0.62848 0.0963756 0.0737789
0 0.872309 0.793301 0.13621 0.0756848
1 0.470589 0.423283 0.0996227 0.111831
0 0.665521 0.0440407 0.0817012 0.0880815
0 0.924515 0.0630445 0.148386 0.12526
0 0.930874 0.980152 0.0898818 0.0392109
0 0.462033 0.731408 0.0989965 0.13191
0 0.791774 0.314753 0.127919 0.153475
3 0.0840361 0.649842 0.16627 0.105611
0 0.153398 0.436161 0.0529416 0.0545154
1 0.496905 0.866319 0.0954695 0.0749747
2 0.927593 0.353193 0.144019 0.165035
0 0.882796 0.911797 0.084263 0.0659981
1 0.951565 0.0250739 0.0968703 0.0500059
