2 0.865167 0.137371 0.128111 0.186387
1 0.730268 0.952495 0.122206 0.0948807
1 0.464801 0.739739 0.100459 0.127944
0 0.755736 0.680661 0.0862405 0.0987358
1 0.50123 0.974769 0.0987296 0.0503637
1 0.204668 0.60178 0.089246 0.129056
1 0.908255 0.916684 0.101461 0.0867311
1 0.375631 0.977602 0.103229 0.0445366
2 0.468757 0.492316 0.211525 0.269384
1 0.642996 0.764979 0.0922688 0.124232
1 0.592005 0.965698 0.0864632 0.0678415
1 0.075867 0.483714 0.0758908 0.0817573
3 0.723875 0.195498 0.072356 0.163498
3 0.46701 0.486945 0.21121 0.270138
0 0.166326 0.753855 0.0598325 0.0646648
