0 0.505404 0.855435 0.102307 0.130352
0 0.916762 0.530392 0.100481 0.148453
1 0.16604 0.0832331 0.106592 0.141783
1 0.89556 0.785918 0.0951481 0.119654
1 0.42591 0.630726 0.0890297 0.101828
1 0.57095 0.282043 0.104137 0.156336
1 0.587137 0.596161 0.0944226 0.12662
1 0.304397 0.306908 0.0959738 0.134881
1 0.701563 0.0341962 0.0988572 0.0673115
1 0.608432 0.0421047 0.0936143 0.0835231
1 0.339311 0.641487 0.0912275 0.117165
1 0.180397 0.674461 0.097036 0.105537
1 0.0634707 0.931012 0.112829 0.136634
1 0.670299 0.588571 0.0911231 0.110808
1 0.0303221 0.697773 0.0606442 0.10296
1 0.834577 0.564608 0.087355 0.0983853
1 0.241618 0.902556 0.110449 0.13972
1 0.0459072 0.35308 0.0918143 0.134467
1 0.0776785 0.103675 0.105784 0.13823
1 0.152526 0.914858 0.0949243 0.1486
1 0.265985 0.653394 0.0966858 0.117311
1 0.85534 0.92591 0.129769 0.0911825
1 0.41873 0.869626 0.096432 0.139361
1 0.751253 0.252512 0.110234 0.15878
1 0.218728 0.327649 0.101553 0.133773
1 0.664499 0.254582 0.107015 0.133635
1 0.510912 0.615877 0.0902975 0.105685
1 0.788582 0.0259175 0.0859417 0.0518349
1 0.104696 0.689189 0.0833667 0.108135
1 0.801786 0.818078 0.110296 0.150442
0 0.332917 0.0657355 0.100336 0.131012
0 0.92191 0.204397 0.107704 0.131204
1 0.971277 0.776008 0.0568783 0.124884
1 0.520094 0.0456495 0.0954455 0.0910153
1 0.396078 0.294535 0.0979337 0.125614
1 0.250372 0.0781576 0.102531 0.116192
0 0.601614 0.851107 0.114767 0.144533
1 0.127356 0.327081 0.0941694 0.116885
1 0.835326 0.226091 0.103652 0.132612
1 0.0193501 0.114451 0.038413 0.125758
1 0.332788 0.889331 0.102877 0.144649
0 0.480272 0.27806 0.0901549 0.12831
1 0.468586 0.971306 0.0856218 0.0571551
0 0.426707 0.0582041 0.105694 0.114739
0 0.33341 0.88619 0.102942 0.142911
1 0.851972 0.984972 0.145548 0.0298414
1 0.974431 0.529932 0.0507798 0.126246
1 0.921682 0.206976 0.105888 0.136071
1 0.48081 0.280296 0.0918662 0.133089
1 0.375935 0.988348 0.0795997 0.0233045
0 0.129126 0.329315 0.0972646 0.120131
1 0.591713 0.846549 0.0966275 0.135653
1 0.0145188 0.942374 0.0288917 0.109321
1 0.556865 0.968508 0.0713953 0.0625105
0 0.973987 0.531182 0.0510466 0.127426
0 0.395458 0.294432 0.0974889 0.126011
0 0.801208 0.817886 0.111402 0.152147
0 0.982885 0.20344 0.0337303 0.148499
0 0.75233 0.576236 0.0869106 0.103066
