1 0.334975 0.0647709 0.139811 0.129542
1 0.763798 0.883296 0.10731 0.0888464
1 0.491902 0.641905 0.13309 0.13564
0 0.534076 0.884907 0.201372 0.223919
1 0.615458 0.51469 0.131782 0.123757
1 0.576243 0.282349 0.138014 0.127855
1 0.863398 0.606661 0.116842 0.119108
1 0.776975 0.56968 0.148106 0.15659
1 0.887862 0.835725 0.0901268 0.0940176
1 0.792324 0.785089 0.124331 0.133734
1 0.688555 0.04689 0.0838442 0.0936992
1 0.839077 0.287865 0.124127 0.130624
1 0.68085 0.669143 0.149097 0.143346
1 0.49935 0.0391379 0.119449 0.0779228
1 0.740268 0.96537 0.115917 0.068985
2 0.228927 0.59034 0.261669 0.360744
1 0.775449 0.0416574 0.0787017 0.0817647
1 0.976568 0.284463 0.0464648 0.105618
1 0.153396 0.395415 0.109945 0.10223
