1 0.546975 0.159821 0.135549 0.13765
1 0.427633 0.86427 0.0802796 0.0738785
1 0.330329 0.743895 0.0929613 0.114358
1 0.670317 0.120902 0.117287 0.114165
1 0.407452 0.417238 0.1246 0.107779
1 0.812475 0.0660828 0.131736 0.128066
0 0.20987 0.485729 0.157447 0.102155
0 0.745836 0.810803 0.0797833 0.087584
0 0.205223 0.744289 0.107809 0.094207
2 0.614797 0.448618 0.202046 0.247759
1 0.65167 0.0317798 0.0827491 0.0635595
2 0.0995686 0.129421 0.100344 0.162275
1 0.623757 0.526062 0.170124 0.0888899
2 0.627194 0.609385 0.208455 0.102927
1 0.206397 0.742971 0.110931 0.0937018
1 0.626059 0.609329 0.204401 0.103169
0 0.482427 0.01823 0.0766386 0.0364219
