1 0.462666 0.455672 0.101445 0.134105
1 0.767221 0.321923 0.104314 0.116091
1 0.689943 0.298402 0.0993366 0.129908
0 0.73592 0.949815 0.10903 0.0994804
1 0.843552 0.343514 0.0986748 0.120433
0 0.926197 0.377599 0.106044 0.149099
1 0.868606 0.568622 0.116592 0.13794
1 0.2442 0.816077 0.105157 0.1169
0 0.533574 0.663994 0.108397 0.12649
1 0.300157 0.413776 0.109062 0.142377
1 0.130205 0.566137 0.108883 0.116192
0 0.327201 0.835044 0.1124 0.131262
1 0.692019 0.717444 0.103322 0.11758
1 0.0558048 0.549051 0.0808038 0.0979736
0 0.378576 0.446876 0.108895 0.138013
1 0.862504 0.75633 0.0865822 0.122421
1 0.611594 0.693464 0.101328 0.119761
0 0.556418 0.480657 0.0840158 0.10849
1 0.929566 0.786991 0.106271 0.108353
0 0.210373 0.588415 0.109917 0.136549
1 0.0407068 0.263007 0.0808659 0.104651
0 0.621844 0.514085 0.102937 0.164116
0 0.0412974 0.953419 0.0825949 0.0924926
1 0.410603 0.855073 0.106224 0.122049
1 0.44807 0.228188 0.104676 0.0938556
1 0.116229 0.961208 0.100366 0.0775174
1 0.0563071 0.368088 0.112614 0.115299
0 0.448159 0.649019 0.102574 0.122218
0 0.977096 0.392223 0.045756 0.143312
0 0.0292377 0.746053 0.0584754 0.125955
1 0.580272 0.917335 0.13376 0.15775
1 0.819559 0.955942 0.100949 0.0876898
1 0.604047 0.280972 0.105872 0.126059
1 0.78591 0.557179 0.112663 0.15266
0 0.293075 0.607137 0.103839 0.114147
0 0.0838564 0.769976 0.107728 0.121419
0 0.97721 0.810187 0.0453796 0.142506
1 0.351252 0.209014 0.104211 0.141019
0 0.167379 0.796205 0.108928 0.114803
1 0.291858 0.607422 0.105193 0.118776
1 0.904003 0.963703 0.0970031 0.0722642
1 0.166594 0.794585 0.109681 0.119076
1 0.490421 0.884144 0.103999 0.121638
1 0.384537 0.976668 0.103319 0.046227
1 0.0813861 0.767889 0.114179 0.120181
0 0.971958 0.973043 0.0556769 0.0539134
1 0.448625 0.647538 0.103384 0.125712
1 0.697728 0.546506 0.092731 0.0992978
1 0.960555 0.608951 0.0786582 0.126842
0 0.491088 0.881828 0.103738 0.129334
0 0.206659 0.961057 0.105928 0.0773592
1 0.36677 0.637564 0.0993949 0.137576
1 0.273311 0.200384 0.102823 0.135625
0 0.366241 0.639575 0.100054 0.129559
0 0.411816 0.853284 0.109459 0.133445
1 0.557642 0.480579 0.0851932 0.107049
1 0.25932 0.97698 0.147854 0.0450022
