2 0.392593 0.463242 0.237563 0.170383
2 0.399015 0.0934973 0.16034 0.186995
2 0.268515 0.121827 0.157033 0.21104
2 0.481619 0.689563 0.171284 0.26493
2 0.385759 0.277092 0.249075 0.144403
1 0.647074 0.499522 0.167985 0.0971688
2 0.0503095 0.280457 0.0994147 0.112133
1 0.971866 0.402198 0.0557244 0.111493
1 0.671941 0.571548 0.108305 0.0775149
2 0.918205 0.849232 0.162975 0.298844
1 0.876859 0.413663 0.132976 0.125596
2 0.236534 0.950821 0.310747 0.0967506
1 0.0687606 0.415853 0.12661 0.121779
2 0.728523 0.938558 0.166084 0.121515
2 0.190289 0.778314 0.368168 0.433373
2 0.882791 0.580711 0.140738 0.156129
2 0.825582 0.198092 0.085252 0.12344
2 0.967594 0.168024 0.0622694 0.125887
2 0.887465 0.0492082 0.0882251 0.0984164
2 0.876316 0.4139 0.133805 0.125781
2 0.51567 0.920377 0.121495 0.154074
2 0.971296 0.555764 0.056673 0.141696
2 0.899716 0.379221 0.196232 0.707713
