0 0.119228 0.212561 0.111212 0.0662456
1 0.086387 0.726581 0.082932 0.0953664
1 0.171642 0.945595 0.162332 0.103444
1 0.800849 0.377575 0.114885 0.121286
1 0.0589576 0.562975 0.0638179 0.118341
1 0.217376 0.752755 0.126132 0.07635
2 0.826187 0.907848 0.311276 0.181525
0 0.111515 0.309363 0.0658656 0.0507035
1 0.299531 0.419518 0.0850716 0.0675259
0 0.29751 0.418762 0.0819643 0.0646632
0 0.637113 0.397362 0.0890074 0.119479
0 0.126053 0.431861 0.121099 0.0838988
3 0.57134 0.240652 0.241345 0.481304
1 0.125637 0.433533 0.121172 0.0797052
1 0.822771 0.266402 0.145376 0.0912913
0 0.903194 0.133176 0.16391 0.0933497
2 0.323898 0.207292 0.10753 0.0682975
0 0.323929 0.206369 0.107455 0.0721523
0 0.983289 0.595301 0.0333369 0.107704
