1 0.699538 0.825353 0.0887945 0.107646
1 0.836403 0.468584 0.0924509 0.106159
1 0.940769 0.647668 0.0812359 0.0945239
1 0.321474 0.384746 0.109017 0.096052
1 0.949509 0.257362 0.0854707 0.105525
1 0.55222 0.335818 0.130537 0.101204
1 0.345368 0.195704 0.167634 0.131284
1 0.915165 0.852676 0.0981369 0.0754602
1 0.504361 0.508034 0.115823 0.0955193
1 0.134227 0.445953 0.107014 0.0773867
1 0.712668 0.272454 0.135653 0.0960144
1 0.225906 0.679984 0.114671 0.136238
1 0.328326 0.292922 0.130134 0.104476
1 0.0314074 0.0663735 0.0628149 0.0855065
1 0.306916 0.699747 0.0912769 0.113166
1 0.380522 0.104512 0.123726 0.106253
1 0.928821 0.483037 0.0795012 0.11535
1 0.749053 0.629607 0.0962163 0.115094
1 0.131459 0.667582 0.114137 0.138004
1 0.709271 0.95234 0.113632 0.0797734
1 0.560905 0.245717 0.140528 0.119175
1 0.837881 0.640572 0.120213 0.160231
1 0.0557106 0.801082 0.0871446 0.12044
1 0.772193 0.0749489 0.0993304 0.119436
1 0.923289 0.940421 0.109603 0.0871722
1 0.541763 0.416388 0.143442 0.112784
1 0.286123 0.465388 0.173156 0.118509
1 0.740526 0.192905 0.154165 0.111885
1 0.616539 0.812471 0.0929673 0.124202
1 0.597693 0.167229 0.141241 0.101433
1 0.408819 0.0374831 0.105722 0.0749662
1 0.410523 0.870934 0.135162 0.12302
1 0.228613 0.836431 0.10217 0.108602
1 0.312107 0.8468 0.101463 0.129959
1 0.0528873 0.639713 0.105775 0.141218
1 0.200525 0.154882 0.118842 0.114135
1 0.696609 0.0661989 0.112037 0.128978
1 0.608976 0.0455221 0.0953013 0.0906038
1 0.972363 0.103805 0.0548358 0.108802
1 0.167053 0.341356 0.148993 0.119721
1 0.181397 0.252809 0.130193 0.108711
1 0.137068 0.81924 0.0967204 0.110012
1 0.988031 0.463595 0.0236003 0.0621126
1 0.224244 0.0172031 0.119461 0.0342849
1 0.318658 0.0243083 0.0793966 0.0484626
1 0.530412 0.963831 0.165799 0.0713174
1 0.227504 0.0729638 0.155903 0.0909119
1 0.0432235 0.0134777 0.0859361 0.0269553
1 0.00902901 0.232807 0.0177474 0.0836464
0 0.440209 0.674856 0.134113 0.14412
1 0.00906225 0.15411 0.0177835 0.063554
2 0.530154 0.96375 0.166878 0.0715832
1 0.992866 0.647334 0.0134819 0.0873032
1 0.00911915 0.785528 0.0180487 0.117257
