1 0.282818 0.524442 0.160428 0.1502
1 0.657807 0.660673 0.147882 0.134091
1 0.155962 0.747264 0.14969 0.141229
1 0.351097 0.857395 0.148522 0.13777
1 0.790181 0.892863 0.141284 0.136823
1 0.93933 0.897155 0.121161 0.139041
1 0.390035 0.397266 0.129502 0.135273
1 0.778992 0.397255 0.117842 0.119798
1 0.883836 0.753916 0.133401 0.128534
1 0.235238 0.604947 0.137331 0.132025
1 0.548069 0.578616 0.15445 0.149824
1 0.562932 0.811967 0.12887 0.124589
1 0.168954 0.247744 0.128521 0.129554
1 0.108504 0.817621 0.136045 0.127178
1 0.402781 0.790185 0.128971 0.131608
1 0.831866 0.820744 0.12936 0.121229
1 0.0537584 0.873318 0.107478 0.134963
1 0.102252 0.298232 0.142882 0.135857
1 0.20419 0.162272 0.120547 0.110676
1 0.0692836 0.372509 0.138567 0.140357
1 0.488622 0.644306 0.127409 0.127273
1 0.202678 0.67462 0.144868 0.132419
1 0.345487 0.469218 0.124732 0.11432
1 0.725502 0.338588 0.115221 0.127147
1 0.307939 0.925748 0.146647 0.137922
1 0.740863 0.950645 0.156643 0.0980972
1 0.250094 0.959002 0.148255 0.081489
1 0.714849 0.598382 0.116284 0.109097
1 0.611048 0.738019 0.135124 0.12367
1 0.601068 0.514105 0.151804 0.138835
1 0.886985 0.0683353 0.15119 0.1364
1 0.0337338 0.952794 0.0666341 0.0924151
1 0.466416 0.942545 0.16139 0.11491
1 0.90904 0.958912 0.134975 0.0818769
1 0.528572 0.190752 0.160324 0.133691
1 0.0419171 0.449121 0.0837405 0.136023
1 0.229035 0.0469333 0.176478 0.093864
1 0.443948 0.709508 0.13283 0.129626
1 0.858507 0.446393 0.1395 0.1548
1 0.93029 0.481495 0.138968 0.160064
1 0.533435 0.270828 0.0988334 0.104831
1 0.513127 0.891044 0.119236 0.104257
0 0.931168 0.682624 0.131815 0.119951
1 0.65566 0.292749 0.123269 0.12541
1 0.453782 0.299364 0.12892 0.142464
1 0.931298 0.678815 0.128101 0.119124
0 0.65556 0.293303 0.128793 0.13745
1 0.981909 0.818011 0.0356994 0.0671904
2 0.887151 0.0684627 0.152588 0.135801
0 0.0291224 0.193335 0.0578929 0.084639
1 0.404855 0.986369 0.078208 0.0269499
1 0.775564 0.0500058 0.12863 0.0992303
