1 0.84887 0.620416 0.183403 0.15313
1 0.820599 0.789661 0.18222 0.197502
1 0.585711 0.544795 0.158004 0.1827
1 0.270724 0.699174 0.179105 0.208471
1 0.493058 0.351208 0.177924 0.19628
1 0.404716 0.911546 0.198936 0.17623
1 0.327426 0.415034 0.165419 0.180827
1 0.217317 0.0482027 0.13919 0.0951977
1 0.217938 0.469464 0.131825 0.172057
1 0.448257 0.606598 0.17026 0.172355
0 0.544209 0.860842 0.168142 0.190032
1 0.122879 0.0795476 0.107992 0.130825
1 0.0968951 0.958829 0.186674 0.0818968
1 0.672344 0.810049 0.175278 0.170435
1 0.485362 0.0713703 0.144235 0.142741
0 0.0395923 0.732704 0.0782213 0.131779
1 0.0463621 0.829858 0.0927242 0.0799916
1 0.0734403 0.907476 0.146522 0.111212
1 0.395833 0.650157 0.146225 0.153234
0 0.163357 0.578604 0.123424 0.109591
1 0.630579 0.826112 0.0912671 0.131053
0 0.479962 0.0789038 0.157481 0.157808
0 0.208851 0.46934 0.155974 0.175184
1 0.478185 0.987943 0.0761226 0.0241138
