1 0.909804 0.10052 0.102682 0.164556
1 0.723633 0.108853 0.11034 0.130752
1 0.418016 0.147362 0.104165 0.132409
1 0.815515 0.111027 0.10167 0.14476
1 0.082135 0.0636621 0.152327 0.110202
1 0.0727562 0.156958 0.145478 0.124704
2 0.070327 0.906724 0.130001 0.184774
1 0.617285 0.134728 0.105478 0.162194
0 0.519322 0.149283 0.108051 0.161497
0 0.0654342 0.273577 0.130379 0.147599
0 0.957597 0.371564 0.0841368 0.108373
1 0.518664 0.148645 0.106782 0.158859
0 0.837464 0.348627 0.0851916 0.0497876
1 0.308699 0.156946 0.107521 0.130106
0 0.820277 0.113436 0.0935634 0.143728
1 0.957949 0.370816 0.0833024 0.10824
0 0.617183 0.135906 0.106261 0.16215
