1 0.734654 0.70699 0.134668 0.141228
1 0.561814 0.882457 0.153373 0.163748
1 0.913005 0.898167 0.139973 0.145409
1 0.920631 0.562423 0.14457 0.142571
1 0.203365 0.609514 0.129776 0.142527
1 0.10928 0.364913 0.141134 0.14247
1 0.0864299 0.201025 0.119803 0.130241
1 0.0728437 0.712312 0.117197 0.122619
1 0.32479 0.48312 0.124794 0.125173
1 0.69292 0.777388 0.132061 0.144099
1 0.370816 0.653861 0.128139 0.143612
1 0.848639 0.608351 0.129091 0.121789
1 0.700216 0.946407 0.133755 0.107186
1 0.257704 0.532477 0.122075 0.120372
1 0.507018 0.932028 0.148174 0.135944
1 0.180793 0.839237 0.125837 0.130928
1 0.4903 0.549075 0.120733 0.118228
1 0.301999 0.700091 0.123072 0.127454
1 0.121889 0.887518 0.135829 0.126192
1 0.624843 0.823776 0.145603 0.153557
1 0.241141 0.764413 0.131728 0.131429
1 0.0599976 0.93263 0.118726 0.12556
1 0.0323587 0.769506 0.0647175 0.125278
1 0.218518 0.295002 0.132263 0.141059
2 0.684282 0.323459 0.18434 0.194757
1 0.963482 0.504418 0.0709369 0.121881
1 0.0608448 0.438681 0.106313 0.10453
1 0.142368 0.640177 0.106898 0.115614
0 0.424462 0.59431 0.130746 0.138185
1 0.0330461 0.479063 0.0657407 0.0899335
1 0.887152 0.670674 0.0983546 0.0937024
1 0.419862 0.953536 0.131727 0.0929285
1 0.98397 0.800092 0.0316763 0.0672381
1 0.0247783 0.970747 0.0491289 0.0585066
1 0.0160575 0.405568 0.031847 0.0666288
0 0.950951 0.947554 0.0960469 0.104892
1 0.424742 0.592602 0.126815 0.135914
1 0.348167 0.980586 0.0913866 0.0385231
1 0.0312326 0.159595 0.0624651 0.113082
1 0.789955 0.897279 0.112513 0.10148
