2 0.499295 0.212409 0.156749 0.259679
1 0.644438 0.0443096 0.110744 0.0866968
3 0.813529 0.30308 0.179526 0.154886
2 0.106394 0.553218 0.211912 0.312529
1 0.294392 0.0298502 0.138656 0.0591311
1 0.265048 0.152695 0.108938 0.136765
2 0.929314 0.884828 0.133013 0.126377
2 0.0377738 0.486907 0.0752777 0.176583
0 0.126763 0.0907712 0.15684 0.180598
1 0.828267 0.0303183 0.0708501 0.0601731
3 0.971871 0.170334 0.0545468 0.218304
1 0.0160925 0.223945 0.0319591 0.0973202
1 0.127565 0.0947193 0.163245 0.184438
