2 0.517606 0.364041 0.164369 0.195917
1 0.655225 0.0689485 0.130899 0.119066
2 0.301557 0.251414 0.165216 0.205572
2 0.063943 0.596038 0.127886 0.132011
1 0.903802 0.736957 0.147642 0.178749
1 0.628821 0.397455 0.114505 0.111798
2 0.0432666 0.915486 0.0850849 0.168185
2 0.873861 0.91985 0.252278 0.159469
1 0.0872736 0.703363 0.113332 0.150483
3 0.333217 0.906035 0.313289 0.18613
1 0.84501 0.257495 0.149633 0.170975
2 0.334621 0.904976 0.307083 0.190018
2 0.745471 0.190507 0.148554 0.234154
1 0.466042 0.511057 0.145527 0.1502
1 0.517726 0.364338 0.165473 0.194549
2 0.869465 0.50367 0.144624 0.201506
1 0.580939 0.556878 0.140811 0.145532
2 0.845454 0.256942 0.150435 0.171578
1 0.868322 0.503766 0.144934 0.201886
1 0.0300658 0.142253 0.0601316 0.06372
2 0.935399 0.097787 0.127353 0.193325
2 0.904721 0.736066 0.148784 0.181432
2 0.073574 0.705107 0.147148 0.155183
1 0.0334141 0.0643739 0.0668283 0.100307
2 0.954552 0.566391 0.0907032 0.166865
1 0.0637705 0.597002 0.127541 0.134635
1 0.731953 0.458162 0.111635 0.150378
0 0.0390925 0.472804 0.0775872 0.103687
1 0.684939 0.0332487 0.147158 0.0648746
1 0.754314 0.68536 0.0956601 0.10818
1 0.746964 0.191873 0.149011 0.234133
