1 0.602833 0.243329 0.156491 0.144178
1 0.84078 0.340343 0.128597 0.125682
1 0.523305 0.533101 0.159057 0.0934997
1 0.820295 0.939607 0.148414 0.1138
1 0.545168 0.324084 0.165866 0.141828
1 0.70023 0.143566 0.135831 0.136528
1 0.580483 0.891586 0.128972 0.0958488
1 0.774749 0.684615 0.151761 0.100428
1 0.813245 0.851962 0.141233 0.10209
1 0.638233 0.0720424 0.131045 0.121273
1 0.538101 0.718046 0.172955 0.105515
1 0.570873 0.804283 0.12822 0.0982157
1 0.789387 0.414013 0.138928 0.123971
1 0.941731 0.903939 0.105396 0.119763
1 0.58581 0.963344 0.146491 0.0728269
1 0.539924 0.625735 0.10838 0.089556
1 0.756445 0.496176 0.132575 0.0985211
0 0.555204 0.0440606 0.125543 0.0879902
1 0.909328 0.269921 0.15576 0.147633
0 0.803297 0.769483 0.142443 0.101896
1 0.759124 0.590436 0.119454 0.100962
1 0.931387 0.594404 0.135446 0.156775
1 0.955919 0.4489 0.0881126 0.0983363
1 0.93127 0.554621 0.134693 0.0793972
1 0.903052 0.0331755 0.108509 0.0660704
1 0.958484 0.0640944 0.0819265 0.124423
2 0.0845349 0.764249 0.168479 0.115441
2 0.0731279 0.615193 0.145728 0.20517
1 0.524026 0.431125 0.156244 0.0982516
1 0.800772 0.768387 0.140034 0.103981
1 0.60439 0.10798 0.0813062 0.0792067
1 0.986015 0.36164 0.0275266 0.0583572
2 0.0679521 0.680511 0.134625 0.0781462
