2 0.258556 0.22636 0.279558 0.273321
0 0.43324 0.886757 0.129822 0.185236
0 0.549337 0.407726 0.122425 0.163362
0 0.46667 0.43141 0.116794 0.185472
0 0.652462 0.799512 0.111463 0.198733
2 0.293616 0.0356439 0.200512 0.0709957
0 0.518751 0.841958 0.171715 0.200606
0 0.681302 0.345557 0.108464 0.212982
0 0.607945 0.140542 0.131933 0.217416
0 0.878819 0.0833942 0.242362 0.166413
2 0.868356 0.739511 0.261679 0.261507
1 0.339049 0.911081 0.143227 0.170197
0 0.927111 0.282021 0.143988 0.225033
1 0.805966 0.561408 0.175191 0.207052
0 0.60792 0.35648 0.128556 0.212612
0 0.778181 0.318608 0.120417 0.236491
0 0.73412 0.337475 0.13417 0.221057
1 0.940938 0.496451 0.0749686 0.111409
1 0.891015 0.530857 0.0910954 0.152723
0 0.532379 0.704351 0.0966827 0.102497
1 0.484282 0.61446 0.157104 0.127264
1 0.779283 0.933097 0.15683 0.10767
0 0.0924076 0.929331 0.13528 0.139318
2 0.483572 0.617272 0.156441 0.126485
3 0.516361 0.842279 0.175268 0.202508
