0 0.639375 0.80492 0.111254 0.164568
0 0.728429 0.823844 0.114227 0.156937
1 0.168309 0.946327 0.118237 0.107346
1 0.0613907 0.933473 0.115509 0.132416
1 0.137264 0.708446 0.146831 0.142034
0 0.550926 0.796471 0.105189 0.13903
0 0.811766 0.84195 0.0914763 0.146338
1 0.659711 0.211989 0.179628 0.109119
1 0.866935 0.167685 0.138477 0.0934808
1 0.417301 0.0490797 0.115606 0.0965557
1 0.615808 0.0270566 0.123544 0.0536249
1 0.500935 0.614894 0.0948914 0.0902956
0 0.968186 0.876288 0.0621791 0.134669
1 0.372938 0.756513 0.109695 0.136493
1 0.868932 0.077188 0.154699 0.0961959
1 0.267324 0.960244 0.108429 0.0795126
1 0.289145 0.739072 0.109317 0.128001
1 0.471765 0.765023 0.109813 0.139856
1 0.367712 0.957567 0.107071 0.0844839
1 0.911168 0.852455 0.118424 0.162636
1 0.456316 0.979114 0.0902533 0.0414891
1 0.187212 0.0234599 0.122198 0.0466088
0 0.911181 0.851513 0.117184 0.164919
1 0.976209 0.225429 0.0473752 0.0930521
0 0.0156071 0.676058 0.0311466 0.109052
1 0.544379 0.989818 0.0624249 0.0200622
0 0.266069 0.959659 0.110474 0.0806813
1 0.864888 0.0164274 0.126579 0.032704
0 0.108912 0.506387 0.112185 0.0834228
1 0.0140927 0.675213 0.0277841 0.111012
0 0.374338 0.756157 0.107468 0.137901
