2 0.514044 0.122067 0.405915 0.242969
0 0.630193 0.904612 0.113269 0.0604118
1 0.335601 0.649387 0.156561 0.0692446
1 0.319799 0.783013 0.131449 0.077863
1 0.154465 0.487369 0.107772 0.117379
1 0.0676014 0.144108 0.0848588 0.0864454
1 0.493131 0.931453 0.105283 0.0665338
1 0.488678 0.850807 0.103109 0.0646964
1 0.318738 0.924687 0.121084 0.066438
1 0.334806 0.715387 0.149133 0.0649965
1 0.480027 0.718776 0.129738 0.0697196
1 0.136307 0.845637 0.0977773 0.0554309
1 0.0228176 0.0870096 0.0451284 0.104292
1 0.147247 0.979936 0.111943 0.0401287
2 0.530888 0.491565 0.768437 0.615355
1 0.314279 0.572615 0.105993 0.0783381
1 0.630413 0.977358 0.102157 0.0452665
1 0.497071 0.785821 0.0959175 0.0605135
0 0.0411798 0.298887 0.0774532 0.0710207
1 0.117002 0.915303 0.144869 0.0861001
1 0.492609 0.987087 0.0905163 0.0256401
1 0.0259881 0.769721 0.0513178 0.0885361
1 0.128696 0.733906 0.130025 0.152319
0 0.314853 0.857035 0.107227 0.0599463
1 0.0307713 0.0143905 0.0605236 0.028781
1 0.0066417 0.558023 0.0128525 0.06198
2 0.787084 0.706199 0.211639 0.243769
1 0.0266719 0.849588 0.0516537 0.06379
0 0.132507 0.733866 0.128209 0.149732
2 0.153431 0.0475589 0.119751 0.0949873
1 0.149606 0.0486235 0.109476 0.0969358
