1 0.204644 0.456246 0.119938 0.118994
0 0.926526 0.677575 0.140973 0.149194
0 0.394972 0.756801 0.107573 0.0958139
0 0.554626 0.607075 0.098984 0.151294
1 0.835185 0.897215 0.120236 0.129446
1 0.326556 0.942863 0.159577 0.113798
1 0.845169 0.292216 0.138779 0.124282
0 0.913966 0.929472 0.115081 0.122928
1 0.176815 0.33632 0.123654 0.113662
0 0.841701 0.637548 0.151059 0.183665
0 0.766338 0.599742 0.116961 0.132431
0 0.437218 0.639014 0.143374 0.149813
1 0.667894 0.840485 0.10946 0.129316
1 0.841103 0.633247 0.147407 0.175411
1 0.643804 0.601837 0.0764976 0.107569
1 0.437101 0.639355 0.142074 0.151707
1 0.0530315 0.34341 0.106063 0.108103
0 0.643352 0.60345 0.0784743 0.106592
1 0.750416 0.869495 0.131144 0.165044
2 0.327022 0.94332 0.162314 0.112821
1 0.351145 0.65787 0.0976533 0.105649
1 0.0895211 0.678898 0.106281 0.127146
0 0.089182 0.680243 0.108993 0.129496
0 0.948589 0.272215 0.102361 0.10594
0 0.746739 0.849731 0.128699 0.124733
0 0.0522807 0.343924 0.104069 0.108387
1 0.968987 0.72428 0.0616024 0.0997936
0 0.295557 0.104601 0.128075 0.120619
0 0.971135 0.950374 0.0574651 0.0986125
