1 0.694346 0.0777262 0.190506 0.150109
0 0.685666 0.940199 0.126665 0.117243
1 0.944838 0.0799154 0.109654 0.129196
0 0.883889 0.363902 0.121842 0.203362
0 0.624097 0.395195 0.132278 0.26109
1 0.557814 0.116482 0.0864565 0.0958409
1 0.755424 0.395675 0.137293 0.24993
0 0.560522 0.936333 0.118012 0.126011
1 0.371695 0.383378 0.128408 0.221283
1 0.0380209 0.426883 0.0754395 0.0850948
1 0.159104 0.13099 0.123973 0.111412
1 0.478964 0.958923 0.0462576 0.0768044
1 0.498794 0.385024 0.129694 0.2414
1 0.622376 0.394378 0.134158 0.261077
1 0.925298 0.981778 0.0728877 0.0362049
1 0.883417 0.362745 0.121175 0.200533
1 0.975592 0.352395 0.0484562 0.191946
1 0.222322 0.128193 0.254451 0.119863
1 0.223431 0.0295011 0.161948 0.0587393
0 0.498564 0.380558 0.128699 0.233824
1 0.509611 0.0919824 0.182616 0.134364
1 0.0594474 0.974132 0.0760256 0.0517358
0 0.976218 0.351591 0.0473136 0.198551
0 0.0315335 0.249067 0.0627661 0.0635021
1 0.0123541 0.971692 0.0241567 0.0558845
