1 0.567277 0.933276 0.121903 0.0851958
1 0.671146 0.0780095 0.168568 0.147616
1 0.327097 0.559518 0.0840075 0.119794
1 0.505767 0.540398 0.0832393 0.11625
1 0.817674 0.375753 0.10645 0.0825597
1 0.584395 0.536339 0.0849643 0.127897
1 0.57026 0.835295 0.120311 0.0823531
1 0.130562 0.189973 0.0963669 0.155158
1 0.130031 0.412157 0.0820227 0.128828
1 0.575049 0.741487 0.120863 0.090868
1 0.11431 0.0268021 0.0673805 0.053567
1 0.228649 0.575054 0.0945698 0.111143
1 0.467768 0.148591 0.0974234 0.096346
1 0.0467722 0.421417 0.0931593 0.132236
1 0.0400188 0.202037 0.0800377 0.1322
0 0.138301 0.868114 0.116011 0.0768378
1 0.398041 0.868179 0.153321 0.0853473
0 0.395521 0.95446 0.154623 0.0883703
1 0.290403 0.14551 0.0993913 0.154241
1 0.806158 0.718632 0.114141 0.0835268
1 0.79739 0.798431 0.100911 0.0757365
1 0.562281 0.364199 0.0858556 0.133976
1 0.387172 0.776448 0.128167 0.0996066
1 0.150717 0.576384 0.0724521 0.10067
1 0.0358922 0.832467 0.0717845 0.124094
1 0.294624 0.399984 0.105023 0.120457
1 0.387945 0.390763 0.0943499 0.14304
1 0.0465131 0.604955 0.0927185 0.166447
1 0.28286 0.0338036 0.0816963 0.0667594
1 0.139126 0.955843 0.164715 0.0872704
1 0.815115 0.453844 0.101642 0.0716983
1 0.777542 0.260392 0.168483 0.147536
1 0.407227 0.555784 0.0916992 0.140693
1 0.790731 0.953096 0.100441 0.0605539
1 0.806859 0.618021 0.102553 0.0863621
1 0.376748 0.148821 0.0890988 0.124468
1 0.198293 0.0301481 0.082663 0.0598904
1 0.468457 0.385935 0.114048 0.129887
1 0.811799 0.531381 0.108829 0.0674206
1 0.138764 0.786685 0.129442 0.095394
1 0.0354149 0.0367678 0.0708297 0.0733371
0 0.214472 0.410378 0.0950343 0.165046
1 0.213638 0.410151 0.0960757 0.164695
1 0.794799 0.878748 0.105515 0.0780342
1 0.721082 0.163855 0.153988 0.137143
1 0.566574 0.987367 0.123939 0.0251344
0 0.562091 0.36384 0.0880586 0.12929
0 0.778753 0.262538 0.173918 0.1546
1 0.968074 0.0361453 0.063499 0.0684777
0 0.389502 0.0339104 0.14008 0.0678057
