2 0.63743 0.64658 0.252105 0.424102
2 0.841437 0.864973 0.174052 0.167013
1 0.424912 0.226908 0.0805686 0.0972986
3 0.109428 0.561511 0.109455 0.182525
2 0.354995 0.573028 0.213781 0.391034
1 0.0514652 0.207395 0.102411 0.15429
3 0.392862 0.569275 0.290535 0.392805
2 0.935022 0.187011 0.127355 0.374022
2 0.261489 0.414845 0.126569 0.113335
2 0.39914 0.0415205 0.336331 0.0829875
2 0.874954 0.762207 0.247993 0.409325
3 0.121659 0.485638 0.131013 0.37316
1 0.10087 0.138452 0.139336 0.118502
1 0.263247 0.415883 0.122891 0.114331
2 0.919611 0.659529 0.159967 0.186297
2 0.122943 0.383487 0.114187 0.172926
