0 0.0333818 0.575812 0.0667636 0.131425
3 0.614691 0.887984 0.158854 0.221774
0 0.112239 0.552395 0.0910644 0.161286
0 0.951797 0.715821 0.0962856 0.138901
1 0.508814 0.974885 0.11564 0.0497987
0 0.427889 0.837638 0.152074 0.122495
2 0.810274 0.748334 0.171012 0.169446
1 0.809343 0.746073 0.168453 0.160932
3 0.751812 0.168703 0.250523 0.292534
1 0.576464 0.761051 0.118334 0.0820379
0 0.23097 0.556794 0.0607788 0.110541
2 0.791502 0.429009 0.23029 0.178722
2 0.0722215 0.06154 0.143581 0.121417
0 0.2863 0.533971 0.101373 0.107375
0 0.974328 0.394083 0.0499609 0.130503
0 0.630831 0.961813 0.11639 0.0763749
0 0.468951 0.942845 0.141831 0.108019
