0 0.475142 0.761233 0.104655 0.113488
0 0.720176 0.791305 0.0921222 0.0866294
0 0.611442 0.671041 0.113344 0.0848938
1 0.189905 0.394901 0.132218 0.127913
1 0.47882 0.552431 0.0871567 0.0997844
1 0.613811 0.939392 0.105865 0.1096
1 0.0959782 0.88675 0.11095 0.113289
1 0.373028 0.478204 0.119072 0.0960071
0 0.227684 0.934467 0.15436 0.126058
0 0.508946 0.885831 0.0917398 0.0965626
1 0.53056 0.413321 0.127269 0.119711
1 0.227651 0.322418 0.113729 0.107676
0 0.645357 0.761604 0.0879996 0.0919213
0 0.918828 0.910959 0.101264 0.0917324
0 0.584488 0.545052 0.119242 0.114376
2 0.0864223 0.109626 0.171709 0.217205
1 0.58578 0.548271 0.116388 0.105096
0 0.432854 0.366791 0.0872328 0.109096
1 0.0311702 0.911274 0.0623404 0.124745
1 0.799385 0.542181 0.103528 0.10581
1 0.333019 0.334021 0.145096 0.140996
0 0.030404 0.910869 0.0608081 0.124955
0 0.819978 0.686027 0.148204 0.0941288
0 0.954998 0.578571 0.0819173 0.0884173
1 0.917822 0.911433 0.0993993 0.092428
3 0.824284 0.681827 0.161585 0.109133
0 0.955375 0.652888 0.0617568 0.0668894
1 0.363753 0.226301 0.0792335 0.0677552
0 0.78274 0.970014 0.116945 0.0595613
