2 0.907406 0.0659392 0.185188 0.131011
1 0.253143 0.261311 0.0957223 0.126465
1 0.248622 0.638501 0.0944127 0.121382
1 0.0797525 0.250951 0.0960595 0.118368
1 0.510894 0.105009 0.156588 0.121109
1 0.632624 0.324282 0.193849 0.143502
1 0.0913972 0.61824 0.0976994 0.12027
1 0.677194 0.415529 0.162786 0.144865
1 0.453952 0.665613 0.132354 0.177383
1 0.55585 0.181584 0.152931 0.124481
1 0.321641 0.429114 0.0808468 0.109504
1 0.485276 0.0479956 0.15495 0.0959911
0 0.0626331 0.375146 0.0994912 0.130033
1 0.15721 0.645368 0.0932675 0.142113
1 0.273656 0.944227 0.0925527 0.111546
1 0.152294 0.387051 0.0990364 0.123222
2 0.954775 0.21553 0.0896065 0.171371
1 0.722784 0.506471 0.164786 0.142354
0 0.339374 0.668454 0.0932177 0.101086
1 0.22628 0.410485 0.090156 0.111701
1 0.196858 0.0461514 0.185571 0.0918297
1 0.33347 0.274721 0.0734591 0.110893
1 0.5797 0.653192 0.227777 0.229383
2 0.784872 0.571433 0.196264 0.140065
2 0.577309 0.655019 0.228968 0.235803
2 0.922417 0.862313 0.154639 0.148976
1 0.181423 0.932224 0.123769 0.134645
0 0.439813 0.427152 0.0970438 0.115005
1 0.545594 0.607536 0.15512 0.130081
0 0.454234 0.667074 0.13186 0.181836
1 0.165236 0.256202 0.0935176 0.120809
0 0.333199 0.276797 0.0750409 0.10982
1 0.0238421 0.227294 0.047005 0.138004
0 0.0362265 0.0234135 0.0722249 0.0466008
1 0.0198622 0.35336 0.0393437 0.12117
1 0.783066 0.572116 0.19906 0.141163
1 0.424288 0.953274 0.143017 0.0929043
1 0.339151 0.67206 0.0928271 0.0989072
0 0.166054 0.254764 0.0988644 0.12602
1 0.573936 0.943155 0.118476 0.112818
1 0.412682 0.0177585 0.0894254 0.0354346
