2 0.237138 0.438814 0.198966 0.294652
2 0.649271 0.297545 0.38686 0.330875
2 0.402622 0.37559 0.248801 0.308875
2 0.102484 0.461288 0.204806 0.27965
1 0.885831 0.842755 0.173527 0.13193
1 0.333589 0.916643 0.137437 0.153991
1 0.449599 0.920718 0.116493 0.150717
1 0.921589 0.938558 0.156823 0.114522
1 0.645048 0.86062 0.110469 0.129548
1 0.143364 0.955414 0.128278 0.0890388
2 0.938765 0.388653 0.119676 0.265401
0 0.545928 0.86779 0.143122 0.177912
2 0.145461 0.954303 0.133195 0.0913945
2 0.931951 0.14339 0.13398 0.284115
1 0.045793 0.972388 0.0915861 0.0547813
3 0.544956 0.870215 0.143438 0.186246
