1 0.492365 0.711642 0.112518 0.122421
0 0.564103 0.116886 0.134103 0.116501
1 0.664523 0.55526 0.147505 0.154913
1 0.434277 0.830286 0.122317 0.132507
1 0.707143 0.0816173 0.117197 0.122467
1 0.833449 0.461986 0.137327 0.141746
1 0.959061 0.233621 0.0795504 0.131057
1 0.236061 0.866794 0.128246 0.105029
1 0.126613 0.0270816 0.0885901 0.0539023
1 0.938197 0.331928 0.123607 0.130959
1 0.621026 0.730813 0.13876 0.131917
0 0.345599 0.850834 0.0697635 0.113699
0 0.951402 0.113733 0.0941006 0.0733743
1 0.70604 0.202004 0.118258 0.0590801
1 0.890275 0.380118 0.209892 0.19429
1 0.814064 0.0361503 0.0758601 0.0723007
0 0.0419718 0.901889 0.0836106 0.125402
1 0.126771 0.887364 0.0868159 0.0969605
1 0.773887 0.544503 0.146948 0.19804
1 0.579094 0.641284 0.110894 0.139781
0 0.127526 0.88595 0.0893763 0.100218
