0 0.328302 0.430204 0.109292 0.134505
1 0.361569 0.117204 0.138057 0.0823626
1 0.489253 0.432987 0.0774672 0.120066
1 0.138269 0.118056 0.117342 0.0759608
1 0.363443 0.206419 0.131653 0.0768412
1 0.783223 0.128963 0.11929 0.0833104
1 0.605856 0.123139 0.123681 0.0804735
1 0.487146 0.603389 0.0756363 0.0993392
1 0.761781 0.214871 0.139937 0.090766
1 0.965263 0.946613 0.0685685 0.0970533
1 0.657588 0.414635 0.0783186 0.0830718
1 0.162382 0.0389762 0.130689 0.0768656
2 0.0763296 0.877249 0.152499 0.192557
1 0.41713 0.418612 0.0582549 0.116401
1 0.743525 0.439945 0.0877926 0.13217
0 0.57602 0.584604 0.0895679 0.132078
0 0.0714842 0.399682 0.083581 0.0848354
2 0.416194 0.582743 0.0699403 0.141816
1 0.682307 0.889658 0.0952356 0.177387
1 0.148344 0.203409 0.125927 0.0829276
2 0.283951 0.885161 0.134133 0.159555
2 0.485891 0.862474 0.0911955 0.156111
1 0.606657 0.0445846 0.127747 0.0842682
1 0.575921 0.417611 0.0869246 0.0936034
1 0.797515 0.0427953 0.09289 0.0728235
1 0.910289 0.59398 0.0955422 0.124573
0 0.583344 0.856182 0.0964581 0.120744
1 0.968732 0.118576 0.062005 0.0813326
1 0.607876 0.216712 0.112129 0.111141
1 0.775832 0.897691 0.0961926 0.179818
1 0.366913 0.0347312 0.152415 0.0689464
1 0.389867 0.0235383 0.10785 0.0465138
1 0.153803 0.409052 0.0785087 0.113759
0 0.755435 0.595479 0.0930549 0.10008
0 0.0802712 0.570611 0.122694 0.114912
0 0.60494 0.217269 0.114416 0.109393
0 0.658239 0.589793 0.080421 0.122519
2 0.101819 0.570381 0.161203 0.116967
1 0.583101 0.857807 0.0958549 0.124333
1 0.00910238 0.402467 0.0179657 0.0909312
