2 0.467343 0.280512 0.236831 0.285683
0 0.788646 0.818453 0.12722 0.112706
3 0.107552 0.274115 0.214352 0.199452
3 0.277994 0.469143 0.328129 0.252934
0 0.295738 0.888826 0.175759 0.16352
1 0.0562569 0.782722 0.106876 0.13114
1 0.699892 0.921852 0.118613 0.122525
0 0.320244 0.0842889 0.178424 0.167751
0 0.451424 0.867222 0.0719186 0.0742285
1 0.484148 0.615952 0.149207 0.18226
1 0.37636 0.942331 0.100436 0.103354
1 0.608389 0.964107 0.122159 0.0708873
0 0.862606 0.75771 0.107277 0.0783458
3 0.754214 0.350565 0.450194 0.287917
3 0.834145 0.584458 0.328609 0.230906
0 0.0627394 0.882142 0.104334 0.0873652
1 0.317033 0.0837371 0.18158 0.167225
1 0.556848 0.0389264 0.110867 0.077458
0 0.223648 0.0791664 0.0811338 0.0944808
2 0.756367 0.348987 0.450016 0.27691
3 0.0520265 0.510114 0.10378 0.13776
0 0.701235 0.921402 0.116945 0.124019
1 0.439422 0.754296 0.0704185 0.078747
2 0.315741 0.0829623 0.179928 0.164583
