1 0.296825 0.89765 0.127075 0.101255
1 0.519279 0.255207 0.112627 0.0924376
1 0.567617 0.483386 0.142269 0.108994
1 0.496934 0.179083 0.149413 0.0972027
1 0.170416 0.435935 0.145621 0.125446
1 0.148858 0.340006 0.131309 0.105978
1 0.835262 0.593935 0.175353 0.171882
1 0.192868 0.533463 0.124275 0.114389
1 0.0870933 0.610538 0.125591 0.109857
1 0.0471738 0.436333 0.0943476 0.0956212
1 0.250636 0.700866 0.126125 0.107964
1 0.125889 0.781163 0.112859 0.0975935
1 0.610852 0.941019 0.135009 0.117962
1 0.43267 0.550537 0.153947 0.1133
1 0.102114 0.700914 0.132973 0.109625
1 0.476981 0.714141 0.144268 0.0998416
1 0.230186 0.616824 0.127203 0.0993948
1 0.0376015 0.351114 0.0752029 0.0949976
1 0.748243 0.282325 0.128921 0.0927068
1 0.865449 0.113704 0.131854 0.103521
1 0.172151 0.947607 0.124476 0.103371
1 0.599432 0.561591 0.122732 0.0999252
1 0.860729 0.800038 0.167619 0.116153
1 0.141358 0.866948 0.105046 0.0934823
1 0.540546 0.329267 0.113017 0.0952299
1 0.951436 0.49836 0.0957515 0.107872
1 0.0603803 0.528124 0.119421 0.109379
1 0.27061 0.789313 0.145267 0.123856
1 0.454066 0.63023 0.145518 0.102293
1 0.0859454 0.0437158 0.0917159 0.0868522
1 0.366569 0.272396 0.146758 0.099862
1 0.760252 0.350087 0.125322 0.0929089
1 0.347652 0.197461 0.146404 0.111415
0 0.887827 0.186366 0.151386 0.102551
1 0.531046 0.968546 0.109686 0.062849
1 0.963904 0.590415 0.0713575 0.100868
1 0.614093 0.691492 0.165252 0.178041
1 0.921156 0.274375 0.151962 0.0976328
1 0.782483 0.421515 0.127467 0.0939796
1 0.129955 0.246037 0.132449 0.131412
1 0.797601 0.491217 0.129899 0.0907484
1 0.72736 0.138285 0.146028 0.0992072
1 0.766745 0.875525 0.138884 0.143175
1 0.73636 0.20428 0.139569 0.0987556
1 0.0283555 0.247488 0.0567111 0.11414
1 0.0268013 0.0486331 0.0536026 0.0959111
1 0.55738 0.405632 0.114104 0.0889775
1 0.696385 0.914785 0.123043 0.141611
1 0.486908 0.786166 0.131062 0.0927668
1 0.872186 0.690838 0.135817 0.0852119
1 0.936273 0.353169 0.124589 0.124663
1 0.396581 0.395021 0.172404 0.191533
1 0.371913 0.34531 0.125058 0.0935422
1 0.985585 0.695917 0.0285056 0.0647871
1 0.441188 0.989687 0.0636271 0.0202844
1 0.929597 0.43201 0.139452 0.0918961
