1 0.506348 0.924176 0.110337 0.111762
1 0.38554 0.41182 0.10612 0.112157
1 0.247033 0.760761 0.115066 0.120216
1 0.681862 0.819557 0.111259 0.112996
0 0.578839 0.954784 0.10581 0.0888677
0 0.180952 0.452811 0.117599 0.130875
1 0.184566 0.288791 0.135288 0.145124
1 0.813032 0.463352 0.126519 0.132995
1 0.772801 0.882648 0.107151 0.107047
1 0.861056 0.727468 0.15154 0.148839
1 0.238264 0.492456 0.122436 0.134676
1 0.378135 0.829525 0.102134 0.10836
1 0.41812 0.189047 0.10431 0.103947
1 0.0570504 0.369276 0.113538 0.130967
1 0.0472959 0.789 0.0942499 0.130269
1 0.313827 0.534418 0.121678 0.125811
1 0.578529 0.538049 0.0995015 0.102295
1 0.125681 0.663851 0.0991769 0.100964
1 0.819045 0.81489 0.122646 0.110887
1 0.162571 0.870556 0.13257 0.136024
1 0.637804 0.0598892 0.134495 0.118494
1 0.954832 0.914765 0.0898193 0.115266
1 0.942938 0.962675 0.114065 0.0741093
1 0.502671 0.499565 0.11899 0.121176
1 0.226686 0.916382 0.127118 0.125036
1 0.617479 0.763616 0.124414 0.131423
1 0.304774 0.802688 0.118145 0.123705
1 0.114689 0.410943 0.133892 0.130542
1 0.0561979 0.201909 0.112396 0.130448
1 0.298866 0.945278 0.120627 0.108173
1 0.142064 0.0416679 0.121624 0.0833195
0 0.884087 0.495247 0.136761 0.158352
1 0.707028 0.621653 0.0980399 0.102282
1 0.553866 0.727507 0.103206 0.111058
1 0.0306018 0.575209 0.0612035 0.115268
1 0.480136 0.225905 0.128585 0.141567
1 0.544251 0.287319 0.11061 0.115418
1 0.0981821 0.830419 0.10117 0.100847
0 0.963959 0.506819 0.0714056 0.112663
1 0.448196 0.46027 0.102518 0.108308
1 0.427865 0.892505 0.133101 0.15309
1 0.429905 0.640152 0.121627 0.111482
1 0.0620573 0.621676 0.109184 0.116274
1 0.615237 0.329547 0.119784 0.123467
0 0.765797 0.677895 0.122234 0.127903
0 0.213005 0.0594902 0.124775 0.118284
1 0.115229 0.241246 0.117718 0.134902
1 0.637626 0.582417 0.111912 0.115162
1 0.317383 0.377398 0.135487 0.147389
1 0.209987 0.0612058 0.126108 0.122412
0 0.937712 0.578192 0.123531 0.130808
1 0.490475 0.67681 0.114691 0.1304
1 0.342793 0.148247 0.125911 0.122392
0 0.343492 0.147846 0.125864 0.122958
1 0.984826 0.8389 0.0300496 0.0691426
0 0.450363 0.0254459 0.113922 0.0507309
1 0.024355 0.311088 0.0482298 0.122497
1 0.939695 0.57626 0.120043 0.124203
1 0.0242265 0.151783 0.0480583 0.111526
0 0.684158 0.373546 0.153966 0.149254
1 0.451434 0.0258562 0.116934 0.0515599
0 0.743493 0.40275 0.126813 0.162733
0 0.875329 0.526085 0.088227 0.0977612
1 0.272852 0.108736 0.106705 0.111215
1 0.688722 0.377997 0.148694 0.152116
1 0.077979 0.01611 0.0589001 0.03222
1 0.363458 0.986682 0.0879246 0.0263453
