1 0.198641 0.926937 0.148276 0.137208
1 0.575902 0.337527 0.131173 0.130097
1 0.60061 0.838681 0.114116 0.115828
1 0.52226 0.405261 0.145746 0.14284
1 0.0599396 0.325914 0.119879 0.134917
1 0.252854 0.757954 0.118155 0.11505
1 0.460969 0.13927 0.17108 0.157557
1 0.151658 0.441741 0.14217 0.143947
1 0.365105 0.881282 0.117867 0.127634
1 0.384717 0.204987 0.147115 0.137004
1 0.825977 0.154098 0.14213 0.142216
1 0.42429 0.654388 0.140597 0.139171
1 0.95109 0.123882 0.0971967 0.160809
1 0.267152 0.321971 0.138349 0.125036
1 0.0732596 0.811974 0.134503 0.114317
1 0.0478997 0.548656 0.0944608 0.140847
1 0.758677 0.0476456 0.130212 0.0940379
1 0.180609 0.706102 0.13185 0.125218
1 0.208831 0.375402 0.12935 0.135441
1 0.331186 0.568009 0.122076 0.109594
1 0.183855 0.21892 0.141163 0.113311
1 0.331737 0.258062 0.129046 0.141294
1 0.248094 0.970556 0.123719 0.0584725
1 0.504808 0.703561 0.148537 0.150542
1 0.386365 0.510394 0.113498 0.119721
1 0.110464 0.272679 0.131378 0.132031
1 0.304242 0.833414 0.13081 0.128097
1 0.307309 0.0929888 0.12112 0.110138
1 0.657428 0.274256 0.163432 0.149152
1 0.455396 0.454207 0.125967 0.114778
0 0.450244 0.956057 0.138266 0.0835884
1 0.0994677 0.495135 0.116003 0.128963
1 0.025594 0.0670502 0.0509751 0.105357
1 0.130262 0.866098 0.151203 0.153951
1 0.541523 0.767434 0.137744 0.135955
1 0.0184715 0.616081 0.0367459 0.0746711
0 0.949614 0.742115 0.100299 0.122112
1 0.95022 0.7423 0.0995607 0.120336
1 0.966656 0.574804 0.065901 0.128278
0 0.913322 0.522607 0.172095 0.179864
1 0.958677 0.928796 0.0816853 0.107898
0 0.620039 0.972652 0.0795205 0.0540298
