1 0.821306 0.862091 0.136985 0.137699
0 0.276794 0.297198 0.0905373 0.123121
1 0.0759166 0.801913 0.150098 0.163331
1 0.803316 0.115807 0.162816 0.136528
1 0.744137 0.808805 0.148061 0.148502
1 0.678569 0.753143 0.14194 0.159794
1 0.800355 0.342217 0.153261 0.146578
1 0.926474 0.214283 0.147053 0.146553
1 0.843335 0.0467898 0.155541 0.0932554
1 0.274027 0.471577 0.0919223 0.117887
1 0.72129 0.450426 0.207571 0.225102
0 0.883713 0.916559 0.131067 0.12795
1 0.65158 0.925809 0.150644 0.146159
1 0.497794 0.825496 0.131567 0.121913
1 0.346741 0.70085 0.0945172 0.12604
1 0.14736 0.854192 0.145003 0.158294
1 0.428511 0.693564 0.0937312 0.140773
1 0.206052 0.0650481 0.102172 0.118363
1 0.548718 0.254706 0.112785 0.132602
1 0.579781 0.862934 0.148469 0.158185
1 0.296113 0.0579309 0.0973061 0.115862
1 0.383934 0.0485155 0.0902583 0.0958946
1 0.74408 0.186824 0.137675 0.12338
1 0.610215 0.695096 0.144195 0.16292
1 0.646572 0.244971 0.127107 0.144779
1 0.451048 0.279552 0.110717 0.142107
1 0.131976 0.531453 0.141525 0.150445
1 0.50835 0.677712 0.0853007 0.131743
1 0.114173 0.0771764 0.102139 0.115651
1 0.45864 0.433637 0.108298 0.138669
0 0.716175 0.959175 0.118941 0.0813246
1 0.864297 0.284082 0.154909 0.144546
1 0.0582423 0.954817 0.115614 0.089841
1 0.0688844 0.496819 0.137769 0.157512
1 0.101157 0.342418 0.143505 0.160352
1 0.938735 0.560496 0.122118 0.127435
1 0.946137 0.954243 0.107726 0.0910611
1 0.57325 0.418608 0.135574 0.145001
1 0.898883 0.640069 0.17929 0.163035
1 0.223298 0.91189 0.146488 0.154274
0 0.553987 0.0303056 0.0863693 0.0603079
1 0.972359 0.0465547 0.0548894 0.0931095
1 0.367145 0.447264 0.0930393 0.139099
1 0.0381729 0.739167 0.0754684 0.159428
1 0.365806 0.965402 0.128051 0.0688103
1 0.0394962 0.117573 0.0789924 0.116006
1 0.364127 0.291087 0.108346 0.140363
0 0.18986 0.323473 0.0983581 0.155909
0 0.900101 0.641374 0.183597 0.166413
0 0.101832 0.338601 0.145466 0.15746
0 0.475182 0.044115 0.104281 0.0877503
1 0.292125 0.938969 0.132784 0.118125
1 0.0216096 0.895745 0.0411624 0.117273
1 0.0344298 0.399901 0.0682664 0.176099
1 0.127317 0.984344 0.0641131 0.0313115
0 0.222047 0.911938 0.143964 0.159605
0 0.963362 0.489927 0.0724289 0.111409
1 0.96461 0.487266 0.0702081 0.115165
