1 0.220971 0.100582 0.145264 0.128876
1 0.287782 0.262627 0.138338 0.110755
1 0.779712 0.265754 0.142193 0.10638
1 0.805553 0.946887 0.104943 0.0945542
1 0.766634 0.183298 0.147394 0.117449
1 0.444405 0.692763 0.175017 0.130051
1 0.209383 0.703787 0.136815 0.109571
1 0.482529 0.610422 0.131681 0.104713
1 0.290743 0.35698 0.121164 0.0887656
1 0.790298 0.36982 0.126679 0.0870036
1 0.844814 0.781408 0.131361 0.110804
1 0.671147 0.7927 0.154402 0.120119
1 0.647863 0.874411 0.136214 0.103437
1 0.279976 0.537706 0.143306 0.102386
1 0.941226 0.286282 0.117548 0.108871
1 0.782836 0.464982 0.14386 0.0942963
1 0.274056 0.169938 0.158946 0.126894
1 0.731813 0.64394 0.154916 0.121494
1 0.764069 0.56347 0.154477 0.124476
1 0.687228 0.707832 0.130057 0.100778
1 0.922794 0.111832 0.13527 0.0948901
1 0.493064 0.112132 0.113528 0.0989377
1 0.429691 0.783915 0.130174 0.108751
1 0.928162 0.202476 0.14049 0.0851026
1 0.548748 0.374015 0.112459 0.0886835
1 0.819136 0.862003 0.125901 0.0979359
1 0.91188 0.032311 0.120807 0.0646174
1 0.511282 0.19692 0.181526 0.11562
1 0.871686 0.70688 0.152315 0.117823
1 0.51838 0.53256 0.117165 0.0984929
1 0.173294 0.953392 0.159905 0.0900209
1 0.537943 0.277885 0.154632 0.114628
1 0.71633 0.0389893 0.198288 0.0778101
1 0.230833 0.622244 0.120304 0.106877
1 0.289685 0.44955 0.128999 0.0896485
1 0.41162 0.859813 0.109587 0.0881995
1 0.920932 0.618272 0.122693 0.108551
1 0.93809 0.457127 0.123199 0.0898145
1 0.73717 0.0948787 0.161218 0.115969
1 0.547839 0.45341 0.157519 0.08938
1 0.397297 0.944572 0.136854 0.102484
1 0.948357 0.373572 0.102286 0.0807261
1 0.631952 0.952721 0.130007 0.0943244
1 0.188501 0.0474829 0.166191 0.0947683
1 0.446288 0.0461982 0.141227 0.0923963
1 0.190006 0.796954 0.168573 0.162128
1 0.938266 0.536602 0.100884 0.0921024
0 0.189296 0.0468923 0.162424 0.0932228
0 0.939735 0.536916 0.101789 0.0911477
1 0.390552 0.994415 0.101264 0.0107927
1 0.990505 0.930921 0.0188532 0.0803869
