0 0.739106 0.889134 0.0808176 0.138181
1 0.454788 0.117038 0.145608 0.105865
1 0.887957 0.233109 0.153079 0.0889215
1 0.634712 0.206033 0.180827 0.146645
1 0.447596 0.219141 0.131245 0.0894256
1 0.740423 0.448652 0.0962837 0.115459
0 0.394997 0.887746 0.088374 0.13623
1 0.920507 0.458218 0.110355 0.125123
1 0.178962 0.126991 0.126198 0.0879416
1 0.467495 0.0424907 0.119211 0.0847538
1 0.889861 0.0469272 0.121932 0.0929547
1 0.882975 0.128543 0.111708 0.0876444
1 0.646503 0.43675 0.078204 0.103743
1 0.894847 0.624385 0.111915 0.15274
1 0.833094 0.452696 0.0833274 0.129905
1 0.644588 0.890727 0.0912654 0.146849
1 0.636439 0.0729428 0.188681 0.125558
1 0.561165 0.887361 0.0782094 0.117713
1 0.732638 0.602079 0.0962164 0.122572
1 0.223616 0.881714 0.075366 0.130049
1 0.832646 0.901021 0.110395 0.161219
0 0.143933 0.886734 0.0788166 0.136435
1 0.819505 0.611037 0.0792429 0.134118
1 0.312854 0.878856 0.0916556 0.125139
1 0.200904 0.0448462 0.14817 0.0896924
0 0.830595 0.899848 0.108113 0.157714
1 0.471568 0.893564 0.0637797 0.129148
1 0.928728 0.912452 0.11455 0.144655
1 0.0690049 0.857638 0.0567371 0.0906589
1 0.646805 0.59726 0.0986942 0.126706
1 0.575912 0.204505 0.0776798 0.101186
3 0.440475 0.559612 0.13726 0.19675
1 0.978368 0.914272 0.0429959 0.140181
1 0.665777 0.0190145 0.122283 0.0379266
0 0.927932 0.915012 0.113207 0.148295
0 0.0301022 0.586859 0.0602044 0.112125
1 0.979429 0.46474 0.0408427 0.101152
2 0.437878 0.559521 0.137484 0.195212
