1 0.119322 0.570622 0.117347 0.122394
1 0.379548 0.850686 0.138513 0.130254
1 0.662067 0.72923 0.146541 0.122264
1 0.264297 0.362756 0.131827 0.127553
1 0.663039 0.445245 0.120077 0.126806
1 0.856117 0.479416 0.104332 0.102251
1 0.958029 0.9562 0.0823616 0.087227
1 0.0750072 0.637533 0.11711 0.119417
1 0.227708 0.442562 0.142829 0.128853
1 0.40828 0.468672 0.142673 0.129054
1 0.763338 0.313597 0.12973 0.125061
1 0.583351 0.584155 0.141175 0.126667
1 0.911039 0.0966588 0.115422 0.1225
1 0.930223 0.355012 0.139554 0.19911
1 0.524373 0.651045 0.120784 0.113148
1 0.807906 0.24837 0.118296 0.118364
1 0.450492 0.390027 0.119623 0.119521
1 0.426879 0.786629 0.107236 0.106772
1 0.476365 0.723554 0.123625 0.119415
1 0.86518 0.175999 0.132641 0.132014
1 0.761284 0.604136 0.113975 0.11436
1 0.522532 0.94885 0.126887 0.102299
1 0.186741 0.515335 0.143678 0.14025
1 0.362468 0.229301 0.111791 0.105379
1 0.714404 0.675054 0.129425 0.1215
1 0.811722 0.538656 0.127603 0.11375
1 0.472386 0.0984421 0.154883 0.128146
1 0.41 0.168634 0.125949 0.116265
1 0.623319 0.518327 0.127486 0.131139
1 0.110345 0.866245 0.137589 0.143657
1 0.484717 0.3183 0.140947 0.131039
1 0.219738 0.736826 0.133797 0.107812
1 0.63207 0.113032 0.14511 0.13249
1 0.971545 0.264538 0.0565521 0.0938248
1 0.572883 0.887826 0.124573 0.125662
1 0.514219 0.049921 0.133494 0.0998419
1 0.34275 0.928743 0.146039 0.126771
1 0.954514 0.663584 0.090366 0.144727
1 0.931325 0.727694 0.11876 0.116276
1 0.885492 0.788105 0.1098 0.108698
1 0.543513 0.252749 0.160238 0.165096
1 0.62558 0.805257 0.141465 0.128649
1 0.292109 0.962766 0.134377 0.0740671
1 0.317182 0.293332 0.115954 0.109005
1 0.0431233 0.731303 0.0852553 0.158557
1 0.173804 0.798267 0.11118 0.10904
1 0.82925 0.853212 0.127268 0.107373
1 0.790615 0.926895 0.142799 0.132099
1 0.97918 0.885946 0.0413119 0.0732809
1 0.598335 0.181081 0.111201 0.107022
1 0.904522 0.402134 0.163043 0.125864
0 0.631261 0.113548 0.141469 0.13245
1 0.47562 0.978059 0.0964287 0.043581
1 0.259189 0.673531 0.125858 0.124867
1 0.0900351 0.235454 0.135009 0.124873
1 0.971591 0.0518949 0.0564392 0.102178
1 0.0566822 0.308325 0.113202 0.13582
1 0.036975 0.971505 0.0733251 0.05699
1 0.073656 0.944952 0.138997 0.110038
1 0.355898 0.525505 0.0959665 0.112745
1 0.715484 0.375562 0.101467 0.107461
1 0.723396 0.974491 0.101655 0.050585
0 0.0716411 0.945737 0.133494 0.108525
1 0.0352894 0.39013 0.0700608 0.115728
1 0.911054 0.989388 0.050247 0.0208464
