1 0.716987 0.340682 0.137964 0.155242
1 0.414188 0.13341 0.125491 0.123766
1 0.681724 0.138594 0.126475 0.135738
1 0.627766 0.0903088 0.117418 0.123046
1 0.881215 0.0543724 0.122622 0.10832
1 0.466182 0.183941 0.104222 0.111593
1 0.590953 0.269815 0.102766 0.12396
1 0.31052 0.0712557 0.157362 0.141914
1 0.914548 0.490006 0.101202 0.100527
1 0.647612 0.313986 0.134606 0.133527
1 0.508524 0.237108 0.0832986 0.0852473
0 0.850984 0.44591 0.125633 0.129814
0 0.942938 0.282821 0.107265 0.111305
1 0.569547 0.0591046 0.117025 0.118209
1 0.941316 0.28105 0.10487 0.107995
1 0.798741 0.033074 0.103257 0.0659631
1 0.393222 0.0367434 0.132275 0.0734868
1 0.901448 0.353594 0.104139 0.105571
1 0.757998 0.429075 0.0970223 0.0849196
0 0.973279 0.125674 0.053019 0.111825
1 0.810624 0.204971 0.121905 0.120546
0 0.861867 0.260114 0.1257 0.148917
1 0.854293 0.44468 0.116066 0.126678
1 0.96093 0.527931 0.0774077 0.188296
0 0.567229 0.175861 0.0737491 0.0652964
