2 0.898166 0.487195 0.203085 0.284946
1 0.407966 0.494409 0.114678 0.118437
1 0.262346 0.854469 0.119587 0.104867
1 0.654973 0.853547 0.108641 0.119034
1 0.0464851 0.493842 0.0929702 0.0860016
1 0.443073 0.759761 0.11892 0.108012
1 0.294978 0.914311 0.116112 0.0950007
1 0.0525089 0.730433 0.105018 0.0940561
1 0.0685329 0.408248 0.129288 0.109467
0 0.419584 0.678775 0.171844 0.152147
1 0.523148 0.915112 0.136412 0.16699
1 0.591024 0.909238 0.107858 0.138027
1 0.880221 0.955661 0.105653 0.0881763
1 0.201753 0.62052 0.132043 0.0723047
1 0.205566 0.702916 0.14294 0.0975573
1 0.220386 0.792833 0.137542 0.117132
1 0.315593 0.431806 0.112282 0.108405
1 0.082881 0.866677 0.165762 0.123898
1 0.485024 0.810098 0.146241 0.113544
0 0.807964 0.971357 0.0960031 0.0572857
1 0.286492 0.977412 0.0983415 0.044781
1 0.81242 0.971558 0.0903053 0.0568831
1 0.116849 0.935189 0.15633 0.123957
1 0.141719 0.979271 0.0946174 0.0411074
1 0.197957 0.519374 0.161336 0.114369
1 0.0498225 0.572307 0.0996449 0.0770798
0 0.0499831 0.571579 0.0992205 0.075509
0 0.0524962 0.0436245 0.100123 0.0869373
1 0.349348 0.959442 0.0878509 0.0810614
