3 0.751191 0.617677 0.283011 0.215089
3 0.776184 0.322022 0.281599 0.202387
1 0.541775 0.789627 0.172475 0.184027
1 0.282663 0.22929 0.111584 0.105489
3 0.506437 0.508405 0.272948 0.239642
1 0.02336 0.244658 0.0460643 0.0796682
3 0.810142 0.837773 0.37955 0.169711
0 0.705597 0.18192 0.106397 0.0803418
2 0.303324 0.72058 0.200274 0.211199
3 0.963399 0.609321 0.0727595 0.289843
0 0.0875357 0.608506 0.0994484 0.0980022
2 0.963406 0.611925 0.0705742 0.30177
2 0.750619 0.619652 0.282022 0.209194
2 0.776622 0.319508 0.2829 0.199894
1 0.705694 0.182371 0.106161 0.078347
