1 0.822545 0.0923193 0.168967 0.105042
1 0.596733 0.787265 0.162003 0.10425
1 0.853125 0.620726 0.113394 0.0877399
1 0.397628 0.201328 0.134479 0.0917033
1 0.538712 0.0781722 0.143327 0.0945962
1 0.883111 0.790506 0.138094 0.101937
1 0.111626 0.515714 0.0937014 0.162155
1 0.838937 0.446589 0.132791 0.093159
1 0.0794721 0.327724 0.098742 0.11912
1 0.587052 0.486209 0.10794 0.102849
1 0.563204 0.345256 0.106392 0.0882555
1 0.374601 0.120049 0.142007 0.0910713
1 0.873169 0.892222 0.0938007 0.0968139
1 0.858338 0.532355 0.158799 0.0977277
1 0.357535 0.0405792 0.104165 0.0792645
1 0.0370891 0.524452 0.0734826 0.147953
1 0.542845 0.255164 0.150959 0.103339
1 0.806633 0.186035 0.13632 0.0938284
1 0.203452 0.52325 0.0883948 0.119621
1 0.583825 0.683842 0.159426 0.1139
1 0.400171 0.283748 0.128593 0.0882308
1 0.145566 0.0295035 0.107633 0.0585658
1 0.115825 0.119247 0.189157 0.107136
0 0.396694 0.367736 0.124651 0.0807855
1 0.498776 0.493487 0.0897872 0.130792
1 0.974538 0.680327 0.0507402 0.0724614
1 0.961993 0.902865 0.0755769 0.11642
1 0.638308 0.86254 0.108954 0.0902524
1 0.185088 0.332179 0.0816978 0.105309
1 0.620469 0.953974 0.152268 0.091327
1 0.522249 0.0216431 0.157017 0.0425887
0 0.841841 0.312481 0.206848 0.179999
1 0.855947 0.710111 0.112323 0.0911191
1 0.976415 0.580735 0.0465989 0.0873504
0 0.557962 0.162893 0.102152 0.0854538
1 0.0597667 0.967978 0.119533 0.0635259
1 0.231049 0.961471 0.132987 0.0766261
0 0.963374 0.124042 0.0719168 0.141097
0 0.115925 0.118678 0.187057 0.108249
0 0.857117 0.711486 0.111054 0.0911777
0 0.778903 0.0181906 0.112217 0.0360438
0 0.971259 0.768908 0.0564601 0.103979
2 0.459752 0.775733 0.134431 0.266148
1 0.550981 0.165347 0.115737 0.0876622
