2 0.152237 0.100622 0.24793 0.19804
0 0.324024 0.220757 0.128606 0.138657
0 0.549631 0.278336 0.10787 0.129802
1 0.752532 0.74656 0.175861 0.118943
1 0.219998 0.917651 0.148849 0.113341
0 0.733366 0.516586 0.118095 0.154128
1 0.176746 0.374737 0.166848 0.169845
1 0.292952 0.417028 0.1133 0.121444
1 0.273387 0.845864 0.152169 0.138729
1 0.0617167 0.564183 0.12222 0.166996
1 0.729554 0.865388 0.183835 0.156428
1 0.407696 0.439608 0.121424 0.152885
1 0.419249 0.672907 0.165118 0.129331
1 0.0571662 0.739056 0.1135 0.127069
1 0.335353 0.756783 0.159472 0.136915
0 0.421441 0.249807 0.129499 0.174338
1 0.135825 0.639247 0.154518 0.18362
1 0.565803 0.974084 0.0991093 0.0517588
1 0.664097 0.932242 0.162361 0.134587
0 0.75841 0.314336 0.10869 0.132654
1 0.505383 0.462003 0.105793 0.125314
1 0.962602 0.903681 0.0734849 0.113888
1 0.509276 0.908482 0.0996881 0.0911409
1 0.0319536 0.820274 0.0639073 0.122101
1 0.945072 0.970952 0.109856 0.0576706
1 0.619745 0.492264 0.115725 0.129835
0 0.619079 0.493848 0.113669 0.127293
1 0.977673 0.802258 0.0439891 0.101461
1 0.164264 0.967326 0.140792 0.0641448
0 0.155042 0.969715 0.122863 0.0600278
1 0.91383 0.39103 0.17234 0.211778
0 0.136598 0.639581 0.157671 0.190217
0 0.504919 0.463036 0.105628 0.127299
