0 0.255438 0.143438 0.0985273 0.126573
0 0.390766 0.601476 0.124013 0.151671
0 0.530451 0.843597 0.0893484 0.140818
0 0.339409 0.16542 0.099936 0.139503
1 0.262158 0.820217 0.107027 0.135889
0 0.441759 0.845166 0.0878045 0.134757
0 0.292865 0.41732 0.121798 0.153086
1 0.838803 0.175494 0.0769528 0.108609
1 0.573695 0.187004 0.081726 0.117493
1 0.0947448 0.101016 0.108676 0.136972
1 0.341984 0.839922 0.118684 0.14771
1 0.090578 0.76868 0.108439 0.146792
0 0.457025 0.0525997 0.11384 0.104658
1 0.369778 0.0442521 0.0983293 0.0878019
0 0.0266166 0.753702 0.0528154 0.134585
0 0.400016 0.184934 0.0745142 0.134783
0 0.78033 0.836226 0.0853875 0.137015
1 0.860247 0.837353 0.0762911 0.13765
1 0.385545 0.425011 0.114525 0.14448
1 0.279918 0.0316005 0.0931128 0.06288
1 0.208919 0.39259 0.112923 0.149329
0 0.221311 0.544658 0.122315 0.144072
1 0.161405 0.794744 0.103792 0.141932
0 0.298672 0.573293 0.112576 0.141833
0 0.616556 0.840114 0.0846061 0.136384
1 0.0543205 0.508305 0.108641 0.148012
1 0.0536217 0.350216 0.10609 0.155422
0 0.0336816 0.0852251 0.0673631 0.139429
0 0.210708 0.391988 0.121746 0.150959
1 0.131203 0.367091 0.118675 0.152002
0 0.0538663 0.509683 0.106826 0.150922
0 0.130276 0.529379 0.113879 0.133712
1 0.130781 0.528658 0.113452 0.134197
0 0.196777 0.0179602 0.0886629 0.0355772
1 0.303547 0.569854 0.121564 0.138202
0 0.0543045 0.348727 0.107246 0.155008
1 0.700761 0.839804 0.0754082 0.135063
0 0.161905 0.792569 0.101171 0.139729
1 0.220657 0.546584 0.120542 0.149557
1 0.777791 0.836507 0.081327 0.133586
1 0.709967 0.0160299 0.0773423 0.0317726
1 0.0360254 0.0867566 0.0720509 0.141153
1 0.685626 0.606402 0.0721693 0.0775876
1 0.177256 0.110935 0.11384 0.138526
