1 0.445773 0.0611686 0.144187 0.122337
1 0.760026 0.520295 0.14174 0.16125
1 0.868584 0.366696 0.139275 0.138894
1 0.807875 0.302288 0.115592 0.112078
1 0.865336 0.0613339 0.127439 0.122668
1 0.915571 0.539728 0.166283 0.158157
1 0.10131 0.186678 0.159191 0.136371
1 0.299402 0.261898 0.148106 0.162263
1 0.352769 0.0452961 0.136372 0.0904309
1 0.827295 0.604266 0.15458 0.132798
1 0.714159 0.275689 0.157777 0.147887
1 0.517325 0.103678 0.140706 0.134164
1 0.963038 0.448427 0.0733558 0.123312
1 0.379408 0.30982 0.137966 0.157242
1 0.912501 0.114397 0.100253 0.102594
1 0.58676 0.464945 0.111512 0.110457
1 0.198845 0.24468 0.113547 0.115969
1 0.156633 0.775116 0.0970891 0.0999529
1 0.616706 0.410655 0.0791563 0.0895034
1 0.662809 0.493888 0.110476 0.114622
1 0.44321 0.358592 0.108388 0.129079
0 0.459278 0.175254 0.112454 0.104719
1 0.515049 0.421387 0.102477 0.105745
1 0.772857 0.037775 0.144183 0.07555
1 0.194075 0.0327328 0.139886 0.0650762
1 0.971187 0.17005 0.0571285 0.121768
0 0.344483 0.183188 0.0928921 0.0879283
0 0.759279 0.521462 0.14437 0.161685
1 0.647339 0.214322 0.134166 0.119149
1 0.114986 0.0656574 0.116823 0.124828
