0 0.157101 0.496845 0.109939 0.104107
1 0.370975 0.424688 0.0769802 0.101241
1 0.367529 0.662481 0.0942526 0.112555
1 0.924251 0.839524 0.151498 0.152613
1 0.0965546 0.228214 0.168787 0.146251
1 0.909594 0.407426 0.0889685 0.0829796
1 0.8511 0.948097 0.119825 0.103428
1 0.681648 0.263861 0.087997 0.126129
1 0.295689 0.75447 0.14315 0.143409
1 0.478454 0.908981 0.144793 0.151104
1 0.307656 0.121341 0.113352 0.127384
1 0.91616 0.553718 0.148867 0.0994331
0 0.359086 0.0296641 0.123378 0.0591377
0 0.690763 0.109079 0.131943 0.150334
0 0.642052 0.717687 0.123893 0.102371
1 0.926303 0.27723 0.146386 0.118108
1 0.0702472 0.536675 0.0648937 0.0720258
1 0.623802 0.427512 0.144369 0.0948591
2 0.295316 0.756145 0.145042 0.143886
1 0.261016 0.37047 0.13158 0.145115
1 0.690853 0.107888 0.133838 0.151741
0 0.623354 0.428695 0.146024 0.09786
1 0.696892 0.813979 0.124787 0.0989614
1 0.0220455 0.109098 0.043731 0.0721785
