1 0.280576 0.330881 0.143307 0.107645
1 0.230181 0.519464 0.140962 0.143446
1 0.726842 0.224938 0.142876 0.125868
1 0.329237 0.166455 0.149719 0.104107
1 0.51958 0.102426 0.125012 0.100824
1 0.55797 0.795996 0.145261 0.118838
1 0.468214 0.258132 0.138044 0.0876642
1 0.754739 0.756037 0.129188 0.108285
1 0.286636 0.955188 0.0822089 0.0888923
1 0.773712 0.669017 0.13798 0.0999608
1 0.0530466 0.600339 0.0952648 0.125479
1 0.0862675 0.216379 0.118639 0.102426
1 0.791585 0.588592 0.136044 0.102066
1 0.651382 0.469421 0.129324 0.102416
1 0.35729 0.086949 0.139775 0.111169
1 0.811599 0.508221 0.141772 0.108414
1 0.265527 0.414409 0.136543 0.108393
1 0.952494 0.829484 0.0949841 0.092387
1 0.620749 0.592364 0.167068 0.193685
1 0.405709 0.504312 0.152889 0.115714
1 0.679286 0.385826 0.142998 0.104693
1 0.157015 0.59435 0.132981 0.132893
1 0.68867 0.306064 0.124088 0.0939312
1 0.521457 0.953307 0.137149 0.0933852
1 0.30732 0.251904 0.151535 0.104267
1 0.135103 0.0613016 0.118106 0.105434
1 0.587677 0.707622 0.135336 0.0984073
1 0.066406 0.290102 0.132812 0.103899
1 0.42626 0.418663 0.154856 0.105573
1 0.702461 0.921242 0.133418 0.0921745
1 0.100195 0.963285 0.0988995 0.0722604
1 0.57933 0.0431401 0.124498 0.0862802
1 0.115086 0.142232 0.140165 0.100247
1 0.190716 0.753965 0.0904328 0.107272
1 0.855249 0.349204 0.142737 0.0994378
1 0.869254 0.276725 0.151088 0.107727
1 0.0456375 0.37524 0.0912751 0.120891
1 0.540017 0.876973 0.142857 0.0972579
1 0.491119 0.1822 0.159884 0.115987
1 0.963088 0.739114 0.0730141 0.104646
1 0.835698 0.429088 0.142044 0.0998496
1 0.723417 0.831192 0.142923 0.0926087
1 0.929518 0.966449 0.135402 0.0660508
1 0.450754 0.337316 0.151057 0.11038
1 0.378373 0.0205531 0.0976776 0.0410511
1 0.19748 0.956413 0.093727 0.0869079
1 0.691769 0.973675 0.154158 0.0524182
1 0.941335 0.904896 0.117297 0.11397
1 0.273684 0.750533 0.0864072 0.0978618
1 0.896595 0.041507 0.160174 0.0830141
1 0.383913 0.589356 0.115358 0.0782454
1 0.369972 0.66352 0.135602 0.106763
0 0.274843 0.750347 0.0907705 0.0971355
1 0.755937 0.157474 0.143457 0.106455
1 0.082999 0.760456 0.0801374 0.104619
1 0.973741 0.636531 0.0522064 0.102039
1 0.960824 0.0849828 0.0775623 0.130892
0 0.0227399 0.758774 0.0450211 0.116987
1 0.98688 0.544642 0.0262392 0.0866823
1 0.0269059 0.969519 0.0528411 0.0608559
1 0.00817202 0.617154 0.0160449 0.127671
0 0.973392 0.637364 0.0523677 0.104297
1 0.166921 0.0172747 0.111246 0.034277
