1 0.729481 0.244508 0.100858 0.0770692
0 0.137017 0.433358 0.117341 0.119139
1 0.620791 0.195279 0.07462 0.0626382
1 0.356415 0.512565 0.112391 0.114486
1 0.57346 0.622455 0.136192 0.117461
1 0.527196 0.36259 0.116405 0.0893975
1 0.296124 0.042666 0.121487 0.0844003
1 0.950058 0.310814 0.0982625 0.0969533
1 0.343167 0.286122 0.103413 0.114971
1 0.825799 0.955075 0.0981622 0.0883783
1 0.383368 0.641274 0.0903391 0.0876883
1 0.408878 0.777784 0.0977769 0.138473
0 0.415381 0.908468 0.120804 0.130703
1 0.0619199 0.70996 0.116705 0.0974081
1 0.306398 0.171164 0.139865 0.0955722
1 0.607268 0.757527 0.141909 0.128801
1 0.746534 0.337478 0.0669999 0.0796629
1 0.956847 0.196305 0.0845494 0.104393
0 0.766489 0.621088 0.0726708 0.0857671
1 0.539391 0.516079 0.0822352 0.100889
3 0.0588939 0.592413 0.11719 0.117154
1 0.87227 0.47296 0.125018 0.105375
1 0.126034 0.301071 0.0413744 0.0566146
1 0.764196 0.620715 0.0673265 0.0801766
1 0.49687 0.0260958 0.134858 0.0517485
0 0.527989 0.229659 0.0998175 0.102769
0 0.82043 0.348977 0.0733632 0.0649266
0 0.0608565 0.590505 0.121713 0.114591
1 0.754027 0.441675 0.0908006 0.0730175
0 0.755563 0.441751 0.0869679 0.0733572
1 0.527855 0.229316 0.0990534 0.103006
0 0.957745 0.429045 0.0834246 0.110295
0 0.340137 0.387837 0.114567 0.0994863
1 0.339525 0.388683 0.113836 0.0990202
1 0.865134 0.301694 0.0828457 0.0928779
1 0.598805 0.869692 0.111442 0.0970495
1 0.821428 0.349425 0.0755804 0.0685984
1 0.847381 0.0126057 0.128165 0.0249904
1 0.427599 0.985731 0.140037 0.0283597
