0 0.844131 0.469547 0.13179 0.122964
0 0.975122 0.960467 0.0497315 0.0765982
0 0.97334 0.819939 0.052644 0.0866904
0 0.507308 0.595521 0.103641 0.101447
1 0.960406 0.0917774 0.0790023 0.164796
0 0.475415 0.830549 0.0885784 0.131868
1 0.873748 0.926658 0.124624 0.101437
0 0.663037 0.4663 0.116993 0.0909943
1 0.976897 0.314048 0.0457916 0.115524
3 0.667383 0.791489 0.140968 0.258796
0 0.826239 0.301098 0.105977 0.0629458
1 0.0876283 0.314734 0.162653 0.0988546
0 0.868455 0.818081 0.113889 0.0819594
0 0.646907 0.567828 0.115307 0.0642142
2 0.643111 0.971244 0.249796 0.0567589
0 0.150824 0.0648936 0.0944985 0.0630734
2 0.611206 0.338744 0.13723 0.153052
0 0.573372 0.86044 0.0660877 0.0738165
1 0.612575 0.337935 0.141961 0.152811
3 0.475992 0.828942 0.0849683 0.13686
1 0.650396 0.708975 0.10081 0.0853935
3 0.981446 0.466954 0.0364952 0.0900209
