0 0.957632 0.336909 0.0799882 0.107349
1 0.948835 0.913086 0.100039 0.13765
1 0.96115 0.106159 0.0777005 0.14721
0 0.868452 0.333869 0.0860164 0.1236
3 0.724418 0.860048 0.146596 0.152191
1 0.781702 0.320805 0.0798972 0.109778
1 0.705995 0.103544 0.0871562 0.122283
0 0.705699 0.10545 0.0874255 0.119794
1 0.868147 0.334868 0.0841892 0.122971
1 0.823615 0.766555 0.119257 0.123922
0 0.871689 0.111057 0.0629699 0.0763824
0 0.825347 0.764596 0.118463 0.128729
1 0.871681 0.112284 0.0627831 0.0773253
0 0.782427 0.108151 0.088094 0.140829
