1 0.153505 0.769778 0.135518 0.144679
1 0.187916 0.897454 0.101996 0.109165
1 0.779174 0.803593 0.107081 0.110084
1 0.348909 0.378066 0.13068 0.128535
1 0.628742 0.916113 0.121469 0.126786
1 0.252016 0.632456 0.130732 0.118178
1 0.907902 0.0796182 0.11204 0.112163
1 0.0535774 0.32309 0.107155 0.131005
1 0.333869 0.934806 0.130282 0.130387
1 0.42646 0.145735 0.117525 0.135438
1 0.487666 0.652381 0.111615 0.119179
0 0.519944 0.391521 0.15379 0.149893
1 0.300988 0.77369 0.117132 0.123955
1 0.303674 0.453277 0.0741059 0.109416
1 0.329499 0.243968 0.141753 0.0915318
0 0.85661 0.435066 0.184849 0.158329
1 0.69403 0.198 0.134423 0.112881
1 0.827956 0.356005 0.114806 0.111993
1 0.795735 0.96672 0.132276 0.0659367
0 0.561205 0.0324585 0.0798512 0.0647343
1 0.770554 0.258979 0.126032 0.113014
0 0.464709 0.774996 0.0897721 0.0772216
1 0.518789 0.402055 0.164043 0.128675
0 0.770062 0.258696 0.126013 0.11353
0 0.230098 0.150455 0.104468 0.102924
1 0.231992 0.148829 0.104233 0.101473
1 0.798603 0.657358 0.0831553 0.083986
1 0.74401 0.63128 0.108233 0.109438
1 0.4229 0.662889 0.0562571 0.0500815
