0 0.838831 0.185635 0.0988967 0.139691
0 0.376478 0.326666 0.0873144 0.127868
0 0.897445 0.742067 0.0882363 0.0813667
0 0.752238 0.560176 0.0942948 0.0998487
0 0.668015 0.263886 0.0809317 0.110738
0 0.436679 0.509411 0.125218 0.174179
1 0.24098 0.358284 0.128758 0.156157
0 0.446296 0.320288 0.103119 0.104876
0 0.102742 0.0720909 0.104821 0.144182
1 0.410997 0.159909 0.094286 0.121672
0 0.324851 0.0354059 0.0903604 0.0706901
0 0.863355 0.652727 0.087326 0.0904875
1 0.444335 0.855245 0.0944036 0.0954638
0 0.778716 0.880348 0.104379 0.129043
1 0.276763 0.556401 0.149142 0.148036
1 0.795583 0.725636 0.133456 0.15153
1 0.823926 0.538536 0.104886 0.0977751
0 0.712607 0.902225 0.097265 0.121265
1 0.516779 0.282336 0.0940828 0.134236
1 0.574684 0.444046 0.0721557 0.106708
0 0.164493 0.0825881 0.0744488 0.0767126
1 0.621462 0.590149 0.107501 0.130463
1 0.264129 0.043362 0.0693665 0.086724
0 0.178715 0.579628 0.0937153 0.163447
0 0.0254561 0.301595 0.0505723 0.0619465
0 0.53373 0.625104 0.0863013 0.123663
1 0.637181 0.432644 0.0833318 0.118294
1 0.481399 0.138832 0.101893 0.140257
0 0.125246 0.241662 0.102943 0.146917
1 0.515609 0.847141 0.129713 0.161482
1 0.682757 0.0695274 0.0999618 0.130538
1 0.278857 0.185828 0.0670691 0.0762899
1 0.843493 0.879607 0.0731061 0.0917463
0 0.358808 0.710473 0.071301 0.0760849
0 0.600236 0.283636 0.0974193 0.1051
0 0.810418 0.464386 0.0779761 0.0723747
0 0.682888 0.0708724 0.102674 0.136685
1 0.0372753 0.734651 0.0743068 0.0878525
1 0.553248 0.11223 0.105229 0.149214
1 0.0331349 0.34596 0.0661874 0.0538747
0 0.963147 0.47679 0.0732062 0.111734
0 0.694816 0.748351 0.0893725 0.151658
0 0.518427 0.849823 0.134935 0.163007
0 0.326589 0.35282 0.0770661 0.10752
1 0.0405378 0.625245 0.0806566 0.129692
1 0.331108 0.173932 0.0825399 0.11245
0 0.680617 0.572935 0.0921113 0.132955
0 0.0464605 0.431665 0.0924566 0.132936
0 0.364265 0.518009 0.0823863 0.113075
1 0.476294 0.650837 0.0937504 0.109237
1 0.643411 0.804273 0.0980037 0.118673
0 0.211196 0.0519187 0.0770586 0.103837
1 0.953467 0.152941 0.0914915 0.134296
0 0.818366 0.0596087 0.139071 0.118204
1 0.217386 0.698931 0.0927467 0.0753415
0 0.156992 0.413227 0.0902056 0.122746
1 0.626356 0.936391 0.106357 0.113708
0 0.473042 0.648799 0.0942616 0.114824
0 0.722516 0.175638 0.0762863 0.0600163
1 0.911546 0.0215201 0.0845819 0.0428791
0 0.0629884 0.103278 0.0686227 0.101049
0 0.557816 0.109445 0.107018 0.150502
0 0.84551 0.0356644 0.0756483 0.0713287
1 0.0464423 0.42963 0.0925747 0.130866
0 0.446091 0.547125 0.0953164 0.106507
1 0.200897 0.201282 0.0798794 0.0892632
1 0.710635 0.415385 0.093672 0.115539
0 0.0225259 0.219687 0.0448246 0.109763
0 0.899307 0.187143 0.0861155 0.102919
