1 0.320097 0.611785 0.14021 0.151912
1 0.0841787 0.728603 0.117551 0.126369
1 0.146885 0.771999 0.114893 0.115245
1 0.30017 0.0851997 0.155272 0.153115
1 0.351413 0.417797 0.124897 0.126934
1 0.829012 0.461134 0.129698 0.134325
1 0.0715888 0.218863 0.143178 0.150848
1 0.476115 0.527733 0.147866 0.156656
1 0.761301 0.414562 0.136076 0.145076
1 0.775737 0.765378 0.125036 0.164586
1 0.518768 0.217745 0.121841 0.145222
1 0.232067 0.0538075 0.147772 0.106501
1 0.245961 0.55392 0.127565 0.138684
1 0.278201 0.873823 0.136114 0.153914
1 0.828554 0.258356 0.120733 0.126249
1 0.40025 0.666009 0.134688 0.122195
1 0.0942776 0.434194 0.133108 0.129932
1 0.704742 0.365251 0.129752 0.12565
1 0.364201 0.12448 0.139084 0.153782
1 0.13558 0.270251 0.133931 0.141124
1 0.043317 0.892299 0.0863681 0.121411
1 0.207394 0.809672 0.138702 0.151365
1 0.565292 0.283427 0.14351 0.143411
1 0.631422 0.867692 0.17407 0.110026
1 0.948072 0.932329 0.103855 0.130845
0 0.337246 0.918819 0.177691 0.161002
1 0.890287 0.305549 0.127784 0.140837
1 0.618436 0.110607 0.111737 0.130693
1 0.749564 0.201775 0.133773 0.130936
1 0.632529 0.320958 0.119829 0.111221
1 0.19129 0.958367 0.139426 0.0822707
1 0.470586 0.0453635 0.141078 0.0905877
1 0.833344 0.972513 0.111669 0.0547802
1 0.200488 0.321305 0.12346 0.129439
1 0.466334 0.706357 0.114308 0.12549
1 0.5483 0.576468 0.132326 0.152198
1 0.0343999 0.382429 0.0687998 0.1386
1 0.956414 0.592545 0.0864162 0.12714
1 0.0977995 0.9372 0.134647 0.1256
1 0.551981 0.755401 0.137029 0.139488
0 0.950541 0.363354 0.0974084 0.136875
1 0.879382 0.514081 0.163692 0.165372
0 0.976346 0.714388 0.0467607 0.0997339
1 0.942822 0.0703755 0.112902 0.140326
1 0.683607 0.159031 0.153338 0.164154
1 0.382013 0.0239892 0.0775256 0.0479015
1 0.0317845 0.153651 0.0635691 0.112154
1 0.408346 0.469317 0.141635 0.142381
0 0.974253 0.821318 0.0511756 0.0953799
1 0.969613 0.0799735 0.060256 0.119918
1 0.9768 0.716429 0.0458467 0.100465
1 0.129535 0.0262331 0.105076 0.0522304
1 0.622219 0.613606 0.118909 0.13226
0 0.620709 0.612073 0.117342 0.13206
1 0.570673 0.154679 0.0809937 0.0773078
