1 0.192426 0.447166 0.210954 0.225431
1 0.387984 0.231368 0.132655 0.143274
1 0.524101 0.351164 0.172177 0.170935
0 0.267976 0.0713392 0.16784 0.142678
1 0.621556 0.537897 0.177088 0.182375
1 0.344155 0.65605 0.128362 0.107924
1 0.0972305 0.258066 0.194461 0.160222
1 0.0728262 0.343612 0.105709 0.0923449
1 0.341533 0.930691 0.238153 0.137412
1 0.9368 0.448896 0.109976 0.118433
1 0.262445 0.611051 0.136485 0.153427
1 0.0861074 0.515269 0.146675 0.201388
2 0.33996 0.930472 0.243812 0.138237
1 0.221717 0.690708 0.104911 0.117851
1 0.352152 0.715186 0.141341 0.101271
