1 0.942276 0.368189 0.115449 0.160519
1 0.582759 0.686624 0.110767 0.119918
1 0.849925 0.839804 0.113657 0.142571
1 0.693589 0.904247 0.114495 0.158491
1 0.503304 0.207078 0.11665 0.115266
1 0.501311 0.707509 0.114065 0.122475
1 0.492378 0.0484896 0.106134 0.0966046
2 0.162438 0.0911883 0.233108 0.181846
1 0.636892 0.392201 0.116362 0.120879
1 0.917072 0.565756 0.116803 0.12727
1 0.771039 0.865447 0.119655 0.13576
1 0.69766 0.581759 0.173646 0.133316
1 0.724112 0.664781 0.13285 0.117219
1 0.412408 0.73664 0.137313 0.137076
1 0.533326 0.943188 0.116323 0.108097
1 0.952939 0.967845 0.0906303 0.0643097
1 0.111571 0.96073 0.125467 0.0785403
1 0.861913 0.414082 0.151592 0.162361
1 0.671908 0.50302 0.154585 0.113981
1 0.975311 0.55059 0.0490446 0.103432
1 0.615326 0.930277 0.126081 0.138528
1 0.124178 0.297002 0.140018 0.145894
1 0.930169 0.81574 0.127886 0.177085
0 0.863366 0.41357 0.152738 0.161763
1 0.980366 0.920413 0.0388584 0.0954978
1 0.971191 0.795524 0.0566963 0.14213
0 0.438733 0.58351 0.110514 0.101003
1 0.868784 0.974293 0.0942736 0.05101
1 0.785855 0.989676 0.0688388 0.0206479
