1 0.229638 0.394258 0.106264 0.115238
1 0.535381 0.561673 0.136655 0.11079
1 0.943959 0.0526858 0.108355 0.104863
1 0.211808 0.565838 0.141975 0.14668
1 0.829205 0.502698 0.112852 0.13419
1 0.520741 0.720152 0.123242 0.118476
1 0.656832 0.0530612 0.100036 0.10511
1 0.816074 0.659685 0.125041 0.107319
1 0.806901 0.788649 0.13834 0.119053
1 0.229746 0.92354 0.176262 0.151028
1 0.0210195 0.350177 0.0420364 0.109866
1 0.527362 0.409392 0.104254 0.111726
1 0.815257 0.369228 0.123879 0.11194
0 0.218208 0.750537 0.12865 0.140834
0 0.613044 0.896965 0.113203 0.0953078
0 0.527761 0.970077 0.137834 0.0593683
0 0.68601 0.940282 0.157698 0.118845
0 0.817072 0.659378 0.120443 0.103702
1 0.218437 0.747882 0.128257 0.137122
1 0.682908 0.943564 0.152418 0.112872
0 0.813602 0.369693 0.128289 0.110236
1 0.278778 0.107248 0.0459328 0.052872
1 0.0285189 0.977753 0.0562194 0.0443861
1 0.0172208 0.717918 0.0342491 0.081062
0 0.0272575 0.470223 0.0540213 0.060373
