2 0.785488 0.165376 0.189758 0.31866
2 0.397572 0.257848 0.164087 0.181667
1 0.17531 0.128608 0.191806 0.171092
1 0.104073 0.189927 0.108759 0.125187
0 0.918694 0.43543 0.0859251 0.0861632
1 0.0554782 0.214983 0.110956 0.135769
1 0.292703 0.0807602 0.13689 0.138216
2 0.744475 0.924893 0.307397 0.14214
1 0.238031 0.355622 0.184965 0.205789
0 0.434571 0.667152 0.0935697 0.107645
1 0.307229 0.29384 0.106008 0.136795
1 0.0350998 0.0580062 0.0701996 0.116012
0 0.377794 0.0539092 0.11617 0.106877
0 0.148412 0.386897 0.118873 0.146087
2 0.387314 0.481818 0.171078 0.169491
1 0.0306136 0.259295 0.0606324 0.103655
2 0.239112 0.354354 0.18635 0.206517
1 0.322198 0.526283 0.108092 0.118699
1 0.177654 0.609714 0.142874 0.151148
1 0.506036 0.188237 0.108474 0.140885
1 0.380439 0.0538259 0.115229 0.107652
0 0.518037 0.64323 0.127271 0.13955
0 0.293305 0.0813758 0.139081 0.137151
2 0.177383 0.609772 0.144046 0.154864
1 0.387278 0.483025 0.173939 0.177139
2 0.025626 0.738256 0.0512521 0.0998517
