0 0.093028 0.819769 0.117411 0.118127
0 0.174547 0.418786 0.103499 0.105858
1 0.558786 0.920618 0.155735 0.148879
0 0.0303352 0.753256 0.0606704 0.0767208
1 0.60001 0.72208 0.126171 0.138011
1 0.421439 0.831757 0.104364 0.114007
1 0.92472 0.914226 0.123565 0.139547
1 0.3707 0.972885 0.108783 0.0539744
1 0.399758 0.632478 0.111456 0.0993459
0 0.344619 0.778463 0.14479 0.116768
0 0.975371 0.943429 0.0488058 0.111349
0 0.800976 0.864545 0.0914265 0.0942688
2 0.540742 0.433589 0.91076 0.867177
1 0.227746 0.957648 0.170835 0.0838132
0 0.109094 0.379736 0.115008 0.110245
0 0.0622709 0.58644 0.122116 0.115314
1 0.05095 0.328535 0.100015 0.131411
1 0.639322 0.961884 0.104438 0.0757353
1 0.194828 0.605943 0.0821827 0.0923283
0 0.639507 0.961411 0.105968 0.077175
