1 0.374234 0.610627 0.141403 0.1408
1 0.28146 0.335443 0.14615 0.145229
1 0.510271 0.0838101 0.14495 0.137092
1 0.542344 0.650729 0.153714 0.152783
1 0.523216 0.408603 0.104891 0.105149
1 0.879699 0.27708 0.16329 0.162804
1 0.208328 0.796586 0.135785 0.14305
1 0.653604 0.528766 0.16267 0.163371
1 0.103155 0.925827 0.141567 0.143028
1 0.701555 0.228983 0.12746 0.1277
1 0.722205 0.472681 0.133854 0.13677
1 0.508518 0.733062 0.112254 0.11307
1 0.159359 0.482745 0.145004 0.144475
1 0.235608 0.422851 0.143682 0.145226
1 0.481006 0.477176 0.127359 0.129686
1 0.567896 0.0458827 0.12504 0.0914261
1 0.337069 0.281462 0.135341 0.144123
1 0.235067 0.169948 0.138415 0.147042
1 0.597749 0.361707 0.144969 0.137693
1 0.746916 0.160327 0.11055 0.108217
1 0.30894 0.665715 0.108901 0.112282
1 0.265256 0.724936 0.140746 0.133037
1 0.424864 0.543791 0.125591 0.126174
1 0.406599 0.215866 0.125871 0.145214
1 0.627882 0.612735 0.138327 0.121972
1 0.261976 0.0343654 0.0815312 0.0681298
1 0.806753 0.100645 0.115222 0.112133
1 0.819634 0.338495 0.155767 0.166281
1 0.883414 0.0606066 0.147591 0.120162
1 0.0481797 0.542289 0.0962007 0.151206
1 0.461905 0.164772 0.109385 0.0971377
1 0.769121 0.410905 0.168717 0.137308
1 0.349967 0.887697 0.203155 0.198836
1 0.1027 0.211891 0.116907 0.131766
1 0.154639 0.861089 0.135099 0.128569
1 0.453348 0.796157 0.120117 0.113648
0 0.0820009 0.616334 0.112847 0.122021
1 0.643744 0.292026 0.114224 0.118026
1 0.239039 0.981783 0.0763537 0.0360444
1 0.984072 0.0432505 0.0313289 0.0599025
1 0.924553 0.212859 0.150895 0.154021
0 0.0263171 0.430129 0.0515866 0.112756
0 0.957327 0.121649 0.0844512 0.144822
1 0.633169 0.0141614 0.0703123 0.0283228
1 0.0260853 0.428836 0.0517147 0.109844
1 0.956069 0.124398 0.0874852 0.148093
1 0.0254754 0.98614 0.0494773 0.0277194
1 0.273143 0.939488 0.143961 0.121023
