1 0.496112 0.693708 0.136364 0.104098
1 0.427525 0.510596 0.118247 0.109861
1 0.621556 0.266627 0.131723 0.0736297
1 0.698631 0.574113 0.101975 0.107696
1 0.562501 0.928364 0.0939693 0.0789819
1 0.41711 0.413728 0.123059 0.109624
1 0.286688 0.105026 0.12005 0.107983
0 0.535862 0.834705 0.121986 0.0807097
1 0.272593 0.207261 0.0997406 0.068041
1 0.456499 0.599272 0.102164 0.0922216
0 0.744299 0.914518 0.117342 0.119905
1 0.638116 0.467846 0.109188 0.0672668
1 0.708336 0.184764 0.10783 0.0812721
0 0.0334814 0.613743 0.0669628 0.106532
1 0.646639 0.357673 0.109229 0.0797844
0 0.596361 0.984326 0.08811 0.0310941
1 0.633224 0.090995 0.122013 0.0679172
1 0.637821 0.0191103 0.141121 0.0379057
1 0.282193 0.882401 0.120835 0.140872
1 0.354905 0.0376381 0.112631 0.0746585
