0 0.767503 0.245735 0.140959 0.109963
1 0.883014 0.528596 0.144814 0.16288
1 0.874805 0.104637 0.13088 0.113214
1 0.910391 0.179489 0.129398 0.110858
1 0.686623 0.0951144 0.140362 0.120469
1 0.951888 0.465787 0.096224 0.114441
1 0.723027 0.178949 0.128587 0.110089
1 0.834184 0.0428694 0.133042 0.0857389
1 0.27179 0.807867 0.111946 0.111347
1 0.344284 0.576293 0.0850729 0.0763879
1 0.114114 0.949537 0.1418 0.100927
1 0.271682 0.153578 0.0712787 0.109066
0 0.0964788 0.212562 0.0718989 0.0697108
1 0.806725 0.31823 0.158753 0.125597
1 0.252439 0.707694 0.103793 0.0989912
0 0.937931 0.251581 0.122102 0.106808
1 0.651714 0.0448802 0.16342 0.0897605
0 0.620077 0.937785 0.141292 0.118657
1 0.434648 0.0578628 0.116227 0.115399
1 0.758878 0.0110858 0.0510011 0.0221716
1 0.985113 0.424961 0.029318 0.0780108
0 0.408334 0.174887 0.111849 0.0918215
