1 0.372632 0.843318 0.186491 0.181289
1 0.542554 0.366885 0.159341 0.11526
1 0.758169 0.913582 0.141212 0.139171
1 0.426125 0.0834307 0.111146 0.139014
1 0.83255 0.083934 0.113723 0.156098
1 0.902635 0.582529 0.10692 0.128483
1 0.313956 0.729593 0.1352 0.148885
1 0.442162 0.760788 0.155858 0.150313
1 0.543764 0.570401 0.133394 0.0836985
1 0.802665 0.610539 0.111002 0.143364
0 0.0383875 0.49019 0.0767751 0.130446
1 0.88309 0.360646 0.104187 0.134573
1 0.30674 0.586339 0.156117 0.155815
1 0.53224 0.101887 0.145224 0.168664
1 0.955599 0.784295 0.0883739 0.118006
1 0.16078 0.0632641 0.106691 0.125665
1 0.739581 0.101297 0.117568 0.144215
1 0.54068 0.474358 0.141802 0.106653
1 0.118341 0.912084 0.159229 0.125299
1 0.343642 0.0474779 0.0989673 0.0889485
1 0.95812 0.32404 0.0831254 0.115706
1 0.797133 0.363351 0.105031 0.140454
0 0.111366 0.493998 0.0890476 0.1223
1 0.511369 0.694395 0.149377 0.137832
1 0.915006 0.0601064 0.107996 0.11859
1 0.969899 0.57082 0.0595121 0.138937
1 0.671742 0.841362 0.0980663 0.108102
0 0.510832 0.690811 0.148275 0.130024
0 0.251571 0.0504256 0.103155 0.0999024
1 0.0461506 0.0393168 0.0923012 0.0779414
1 0.900388 0.978538 0.0791106 0.0426288
1 0.25148 0.050252 0.10556 0.100504
0 0.586689 0.949909 0.152383 0.0974622
1 0.829064 0.953073 0.130123 0.0931697
0 0.0918408 0.788521 0.181147 0.181453
1 0.975139 0.0428036 0.0494297 0.0852599
1 0.583323 0.949961 0.161507 0.0992579
1 0.249184 0.479434 0.183156 0.219176
1 0.676388 0.9781 0.0839593 0.0435833
0 0.251311 0.480995 0.18561 0.216502
1 0.0824188 0.789257 0.163885 0.179285
1 0.977882 0.870146 0.0438178 0.0762653
