1 0.898929 0.691521 0.132669 0.106939
1 0.66306 0.467518 0.150141 0.167733
1 0.234362 0.0768032 0.191212 0.152689
1 0.176066 0.281009 0.164848 0.144875
1 0.771224 0.16174 0.11384 0.167381
1 0.20774 0.1731 0.187874 0.141917
0 0.943593 0.551465 0.112815 0.182129
1 0.869932 0.234828 0.108909 0.125434
1 0.55259 0.280586 0.158241 0.125357
1 0.85056 0.522478 0.125549 0.173983
1 0.758522 0.49662 0.118881 0.157519
0 0.93889 0.284751 0.122219 0.175014
1 0.262749 0.0175295 0.0976754 0.0347663
1 0.93887 0.278157 0.122259 0.154752
0 0.112771 0.373002 0.164292 0.14364
0 0.977975 0.763214 0.0438694 0.0917964
