0 0.827783 0.871916 0.109404 0.109948
0 0.148015 0.652767 0.113389 0.100946
1 0.697134 0.077679 0.105945 0.111208
0 0.776968 0.733713 0.114914 0.10972
1 0.848974 0.180962 0.125951 0.133337
0 0.360086 0.553674 0.0602319 0.0548413
1 0.92935 0.574888 0.140665 0.14623
1 0.724197 0.376409 0.112467 0.111266
1 0.493683 0.769752 0.0776829 0.0954294
1 0.290796 0.756987 0.107507 0.0927708
1 0.595003 0.788974 0.10809 0.0839162
1 0.656379 0.2936 0.126301 0.126146
0 0.622147 0.446374 0.091288 0.0937697
1 0.650466 0.90884 0.0844688 0.0622364
1 0.566097 0.23332 0.145211 0.133328
1 0.486526 0.427139 0.123118 0.100366
1 0.873487 0.970007 0.0940647 0.0599867
0 0.537313 0.476453 0.0940182 0.0956602
0 0.383444 0.631259 0.0870093 0.0744606
1 0.270744 0.975293 0.143408 0.0493329
1 0.628091 0.0584042 0.129915 0.115806
0 0.257637 0.618371 0.116956 0.100231
1 0.513219 0.173734 0.0951807 0.094604
0 0.886686 0.275507 0.133281 0.130086
0 0.253826 0.456083 0.121354 0.106433
0 0.950355 0.310033 0.0988035 0.114229
1 0.950805 0.0228666 0.0857462 0.0453901
1 0.62639 0.976147 0.106086 0.0473613
1 0.808154 0.4267 0.0843832 0.0834935
1 0.951293 0.308663 0.0974144 0.112395
0 0.58545 0.550564 0.147336 0.0997349
0 0.42856 0.977496 0.0747396 0.0449891
0 0.280521 0.818861 0.0889071 0.061686
0 0.0231068 0.208567 0.0458324 0.130312
0 0.856216 0.513252 0.105997 0.0983185
0 0.344587 0.0674609 0.104636 0.127954
1 0.342326 0.0733981 0.103633 0.113862
