1 0.517935 0.109007 0.125409 0.133006
1 0.0645196 0.6734 0.129039 0.133694
1 0.0632175 0.328299 0.126435 0.136499
0 0.870042 0.239769 0.174652 0.17377
1 0.592213 0.0580985 0.141115 0.116197
1 0.0626089 0.132622 0.125218 0.139946
1 0.25832 0.406688 0.112443 0.115373
1 0.471191 0.172854 0.121006 0.114715
1 0.10214 0.589924 0.114061 0.118493
1 0.105696 0.0731344 0.143526 0.143202
1 0.408605 0.218121 0.0943553 0.0952094
1 0.157052 0.220107 0.137424 0.131405
1 0.275295 0.10018 0.11762 0.131611
1 0.212909 0.163642 0.12885 0.126237
1 0.374561 0.28906 0.13982 0.128302
1 0.319115 0.0473856 0.116278 0.0947711
1 0.218349 0.4687 0.100787 0.0956149
1 0.382899 0.0216141 0.0970622 0.0432283
1 0.0324381 0.406472 0.0641247 0.116356
1 0.194303 0.559289 0.170059 0.170309
1 0.155814 0.0297175 0.108785 0.0593023
1 0.654189 0.0236446 0.0889096 0.0470771
1 0.0226153 0.192629 0.044863 0.0974187
0 0.976415 0.0689768 0.0466585 0.109974
1 0.28351 0.648877 0.0911824 0.0974782
1 0.101757 0.275214 0.129777 0.111365
2 0.935331 0.515723 0.128695 0.238951
1 0.934401 0.529689 0.131198 0.210433
1 0.307648 0.348768 0.10085 0.105679
