1 0.760639 0.819425 0.145251 0.142473
1 0.580222 0.811143 0.126897 0.121249
1 0.131812 0.400603 0.143522 0.115767
1 0.171225 0.0875192 0.139392 0.130981
1 0.798511 0.276779 0.123248 0.128322
1 0.436046 0.63189 0.135173 0.124076
1 0.690852 0.672724 0.147415 0.13666
1 0.944734 0.110056 0.107637 0.116156
1 0.921947 0.948714 0.122507 0.102572
1 0.709853 0.891 0.121867 0.116787
1 0.369206 0.446067 0.135338 0.134598
1 0.492221 0.312809 0.152364 0.132898
1 0.878908 0.0617566 0.106106 0.110037
1 0.65263 0.174348 0.108395 0.116968
1 0.189751 0.332018 0.119861 0.115369
1 0.0580385 0.93893 0.116077 0.122139
1 0.477725 0.935528 0.159404 0.128944
1 0.513664 0.0644151 0.135261 0.125987
1 0.579728 0.139333 0.126722 0.128666
1 0.528728 0.879788 0.127441 0.122964
1 0.486681 0.546252 0.14478 0.144402
1 0.31802 0.524564 0.120578 0.131853
1 0.667 0.959153 0.10943 0.0815396
1 0.321947 0.784641 0.135353 0.135253
1 0.107861 0.166552 0.125034 0.11802
1 0.736946 0.60567 0.141082 0.142184
1 0.267109 0.595502 0.122737 0.118234
1 0.266452 0.870051 0.102194 0.101815
1 0.382266 0.704839 0.12971 0.125416
1 0.220273 0.669459 0.147144 0.138129
1 0.0833254 0.463572 0.118086 0.123482
1 0.4274 0.368978 0.116592 0.108503
1 0.0500308 0.249873 0.0999819 0.125892
1 0.272263 0.15263 0.133521 0.130948
1 0.629724 0.740455 0.11608 0.112561
1 0.0498459 0.525121 0.0990961 0.140399
1 0.608734 0.401643 0.109243 0.113471
1 0.242971 0.24672 0.105854 0.116954
1 0.445035 0.0399713 0.119143 0.0795385
1 0.814281 0.745424 0.119979 0.121232
1 0.0395104 0.857846 0.0790209 0.112638
1 0.0905894 0.978856 0.106794 0.0421512
1 0.551133 0.470935 0.148032 0.148294
0 0.93223 0.705555 0.111609 0.117481
1 0.712407 0.228499 0.133214 0.119387
0 0.881603 0.4427 0.13491 0.115391
1 0.157252 0.739516 0.12241 0.113435
1 0.976529 0.975859 0.0469412 0.0480306
0 0.783745 0.526809 0.134287 0.116764
1 0.932763 0.705771 0.112286 0.114668
1 0.601149 0.986534 0.0600805 0.0269313
