1 0.227731 0.512932 0.151721 0.143795
1 0.281592 0.932721 0.131953 0.134557
1 0.940484 0.796751 0.117964 0.125062
1 0.143636 0.314158 0.149306 0.163207
0 0.529878 0.457203 0.104243 0.0805433
1 0.715049 0.40249 0.100761 0.0787652
1 0.966948 0.0706751 0.06216 0.061838
1 0.961059 0.889732 0.0767508 0.108952
1 0.473407 0.251498 0.174028 0.118456
1 0.434881 0.36267 0.0916536 0.0863009
1 0.114301 0.0632729 0.123976 0.125405
0 0.768761 0.642285 0.113729 0.103278
1 0.268199 0.348042 0.129747 0.140306
0 0.628874 0.0337565 0.0976955 0.0672563
1 0.483253 0.141592 0.15494 0.108909
1 0.241744 0.0934399 0.153305 0.172792
1 0.105911 0.863081 0.0883351 0.103112
0 0.505242 0.660031 0.120396 0.0725143
1 0.0472508 0.264096 0.0942911 0.141293
1 0.476912 0.0335918 0.120535 0.0669435
1 0.767739 0.641564 0.120543 0.101108
1 0.814043 0.41548 0.11468 0.0927989
1 0.974732 0.965732 0.0499127 0.067734
0 0.485991 0.140279 0.152288 0.108711
1 0.0354025 0.668238 0.0707167 0.165465
1 0.715567 0.310526 0.110039 0.108192
1 0.0833986 0.444586 0.120501 0.145548
2 0.241655 0.0943065 0.151167 0.172537
