0 0.773063 0.338345 0.0888829 0.117956
1 0.5816 0.578736 0.11625 0.129349
0 0.68134 0.321631 0.087384 0.116983
1 0.367783 0.616642 0.10212 0.103843
0 0.947901 0.582157 0.0965769 0.146328
0 0.949224 0.76708 0.101142 0.137352
0 0.758597 0.116699 0.107698 0.155228
0 0.358083 0.930309 0.127573 0.132351
1 0.0314504 0.695441 0.0629008 0.0895231
1 0.582473 0.786418 0.103039 0.117373
1 0.0802131 0.35632 0.077375 0.100918
1 0.696961 0.572984 0.0945642 0.114508
1 0.0345747 0.82835 0.0691495 0.112469
0 0.246057 0.332568 0.0772658 0.11381
0 0.333177 0.130724 0.115819 0.16829
1 0.631122 0.882566 0.135831 0.111217
0 0.0655534 0.181686 0.103538 0.0894002
0 0.862032 0.316834 0.0922348 0.151913
0 0.861638 0.530569 0.0651865 0.143697
1 0.882658 0.0595826 0.111584 0.118704
1 0.525234 0.153201 0.0815521 0.123718
1 0.169396 0.335113 0.0586509 0.107176
0 0.666152 0.120458 0.0889387 0.11683
1 0.576206 0.0791024 0.0636995 0.0811607
1 0.571558 0.305479 0.0617068 0.101265
0 0.797852 0.782959 0.0830681 0.121085
0 0.782373 0.535958 0.0877982 0.163215
1 0.0925805 0.600336 0.0755432 0.0979202
0 0.231119 0.159712 0.0978675 0.149093
1 0.161936 0.796579 0.0727667 0.0764304
1 0.354997 0.321172 0.068923 0.0994909
1 0.983277 0.0963898 0.0331539 0.0901599
0 0.780736 0.966213 0.106447 0.0672145
1 0.667351 0.117527 0.0875242 0.111383
1 0.422053 0.132194 0.065093 0.137078
0 0.422711 0.13772 0.0662175 0.149586
0 0.523893 0.153329 0.0793232 0.120028
1 0.496013 0.330819 0.0662079 0.101178
1 0.181852 0.593107 0.0834091 0.112888
1 0.68052 0.322113 0.0845215 0.119098
0 0.355659 0.32229 0.0721434 0.0991666
0 0.261784 0.889512 0.0907269 0.0870756
1 0.92356 0.475935 0.062139 0.0555166
1 0.785093 0.559389 0.0817599 0.10841
0 0.0272869 0.602738 0.0545738 0.100172
0 0.4945 0.331463 0.0627444 0.101688
0 0.980197 0.76484 0.0391659 0.129556
1 0.0269637 0.603234 0.0539064 0.101595
0 0.988994 0.29579 0.021673 0.0862877
