1 0.362587 0.21667 0.128426 0.131427
1 0.0999886 0.616275 0.142733 0.141992
1 0.145092 0.709928 0.127408 0.12541
1 0.111457 0.376899 0.154345 0.131513
1 0.205082 0.0724808 0.167668 0.143807
1 0.442598 0.149328 0.1236 0.151399
1 0.206671 0.563293 0.145362 0.132656
1 0.272992 0.870434 0.139202 0.137657
1 0.237662 0.164657 0.132223 0.122653
1 0.416308 0.811737 0.14322 0.153492
1 0.550226 0.631443 0.116859 0.120463
1 0.887123 0.427717 0.127693 0.142259
1 0.29083 0.268846 0.111722 0.118468
1 0.467439 0.549371 0.171892 0.160894
1 0.412387 0.452316 0.146949 0.138085
1 0.534436 0.103846 0.12933 0.126987
1 0.716498 0.746714 0.138191 0.139577
1 0.556474 0.367604 0.137422 0.122309
1 0.951 0.49509 0.0976609 0.114523
1 0.934535 0.764946 0.130931 0.135339
1 0.200876 0.798496 0.151285 0.160849
1 0.0444211 0.209209 0.0886264 0.107785
1 0.485156 0.868929 0.13839 0.14413
1 0.865388 0.864619 0.122217 0.126812
1 0.349256 0.927289 0.124538 0.120971
1 0.624763 0.489707 0.156099 0.185619
1 0.319941 0.0538826 0.135445 0.107765
1 0.939453 0.917213 0.117355 0.121101
1 0.793397 0.350288 0.138324 0.140136
1 0.569483 0.924807 0.127504 0.138392
1 0.32269 0.739556 0.140461 0.119815
1 0.702619 0.5813 0.11212 0.112781
1 0.782491 0.815911 0.160823 0.16787
1 0.0382377 0.909296 0.0760651 0.133018
1 0.0391045 0.442452 0.0771968 0.10888
1 0.638063 0.958041 0.112663 0.083724
1 0.630944 0.694379 0.121774 0.113189
1 0.872977 0.688416 0.13058 0.118536
1 0.789234 0.639326 0.131469 0.11932
1 0.084562 0.953337 0.167321 0.0925798
1 0.424063 0.965476 0.124927 0.0685959
1 0.0195466 0.137297 0.0390101 0.0792907
1 0.554117 0.0289336 0.105946 0.0576909
1 0.984242 0.800601 0.0312313 0.0885683
0 0.555361 0.0304897 0.10657 0.0606765
1 0.802641 0.233581 0.0646491 0.0595279
1 0.98918 0.551294 0.0214407 0.045837
1 0.728259 0.982965 0.0819104 0.0340084
0 0.802632 0.232803 0.066044 0.0598781
1 0.518181 0.985264 0.0765409 0.029449
