0 0.144648 0.601731 0.106231 0.147049
0 0.186857 0.785271 0.106262 0.143217
1 0.315261 0.63925 0.094059 0.116685
0 0.269827 0.417474 0.111935 0.134273
0 0.570238 0.706715 0.0994982 0.123102
0 0.232486 0.621758 0.0966467 0.116711
1 0.102869 0.782835 0.106344 0.131107
0 0.685345 0.272964 0.104419 0.092485
1 0.436607 0.856196 0.100245 0.121388
1 0.438551 0.458662 0.0781944 0.100324
0 0.515163 0.863417 0.104336 0.127214
0 0.649163 0.721041 0.0804856 0.109532
1 0.687052 0.924813 0.101518 0.13815
1 0.740706 0.739195 0.0898166 0.0982574
0 0.268011 0.806607 0.109907 0.14306
1 0.0474788 0.333235 0.09443 0.177304
0 0.526625 0.476165 0.0921962 0.104682
1 0.769985 0.938723 0.107862 0.121498
1 0.0680321 0.57219 0.09884 0.107278
1 0.952618 0.54378 0.0880722 0.11373
1 0.869006 0.951267 0.114112 0.0969187
0 0.619586 0.491509 0.0985166 0.138838
1 0.0360798 0.750671 0.0721595 0.123606
1 0.474334 0.700962 0.112999 0.139026
1 0.812025 0.775154 0.13393 0.179669
3 0.578048 0.113053 0.179365 0.0988527
1 0.117761 0.35194 0.0938664 0.119334
1 0.0624063 0.957414 0.124368 0.0849273
0 0.706847 0.517952 0.0797112 0.105302
0 0.920589 0.783307 0.10365 0.127257
1 0.604066 0.90379 0.0962294 0.113235
1 0.35091 0.839346 0.0999879 0.115624
1 0.921517 0.784751 0.100104 0.12818
1 0.394556 0.660044 0.0956064 0.121024
0 0.360612 0.434946 0.107908 0.122011
0 0.201835 0.386378 0.106041 0.132639
1 0.795357 0.519852 0.0949707 0.137625
1 0.361535 0.435456 0.108308 0.121799
0 0.353014 0.839189 0.100103 0.11605
0 0.686332 0.923478 0.106507 0.135072
1 0.570726 0.707851 0.0994562 0.125445
0 0.472484 0.697979 0.117346 0.142381
0 0.0217068 0.56026 0.0433478 0.136405
1 0.870279 0.531751 0.0840154 0.114571
0 0.394698 0.659942 0.101642 0.116418
1 0.198979 0.38661 0.101882 0.128181
1 0.232155 0.622044 0.0982963 0.117391
1 0.166778 0.97606 0.102092 0.0476942
1 0.266875 0.808517 0.115477 0.143751
0 0.975582 0.926067 0.0488362 0.0867982
