1 0.142849 0.516226 0.16248 0.143786
1 0.44872 0.610279 0.106633 0.0935428
1 0.389291 0.532529 0.0975868 0.0915067
1 0.189588 0.922487 0.138882 0.124497
1 0.861838 0.162401 0.135831 0.127396
1 0.583943 0.24893 0.0989835 0.0965249
1 0.142342 0.844371 0.128305 0.122856
1 0.357414 0.791199 0.144172 0.119722
1 0.908177 0.23356 0.135586 0.125631
1 0.820414 0.0794927 0.173526 0.154908
1 0.776942 0.681784 0.165651 0.14892
1 0.186262 0.260816 0.131994 0.123552
1 0.723819 0.595541 0.159203 0.159205
1 0.596563 0.820313 0.134321 0.126989
1 0.34733 0.109232 0.168275 0.160448
1 0.276609 0.406995 0.158505 0.150604
1 0.566099 0.153121 0.123188 0.114412
1 0.65414 0.529526 0.117182 0.109401
1 0.556247 0.388962 0.137384 0.117233
1 0.227055 0.328138 0.131676 0.11808
1 0.661056 0.878426 0.130965 0.129813
1 0.0532854 0.704924 0.106455 0.121276
1 0.501431 0.672497 0.10674 0.107793
1 0.394241 0.186511 0.1557 0.143461
1 0.702088 0.942097 0.11921 0.106371
1 0.796919 0.425573 0.139973 0.128498
1 0.324845 0.473185 0.159196 0.133834
1 0.728226 0.364098 0.170389 0.158992
1 0.198187 0.582391 0.138199 0.128322
1 0.435949 0.262947 0.15094 0.134757
1 0.676584 0.291484 0.142926 0.144721
1 0.0587475 0.372497 0.116484 0.150869
1 0.46626 0.0453817 0.151762 0.0907634
1 0.309123 0.720258 0.151746 0.123954
1 0.605518 0.459387 0.158029 0.128585
1 0.425447 0.851286 0.15501 0.144205
1 0.910269 0.577574 0.144209 0.137876
1 0.926676 0.671 0.089479 0.093992
1 0.240201 0.959706 0.159991 0.0799752
1 0.0542176 0.104692 0.107926 0.146709
1 0.250609 0.662707 0.177784 0.136857
1 0.0805427 0.782192 0.161085 0.148597
1 0.929207 0.893866 0.14124 0.132459
1 0.856321 0.492963 0.141694 0.141359
1 0.0426503 0.935692 0.0846184 0.127198
1 0.768052 0.977061 0.103403 0.0455372
1 0.644632 0.208665 0.126768 0.112135
1 0.533012 0.0731222 0.112447 0.109701
1 0.975518 0.717056 0.0485737 0.0984564
1 0.88007 0.814424 0.124657 0.11429
1 0.943804 0.021611 0.0975411 0.043222
1 0.748356 0.0381964 0.0868971 0.0763928
1 0.45982 0.928083 0.141728 0.125597
1 0.515649 0.963145 0.131859 0.072516
1 0.506882 0.321549 0.132176 0.115486
0 0.0997228 0.438671 0.148841 0.148578
1 0.960303 0.624738 0.0782225 0.112503
1 0.82164 0.76172 0.112948 0.104898
1 0.95961 0.944356 0.0785644 0.109024
1 0.948178 0.287992 0.103571 0.124993
0 0.508829 0.321642 0.135215 0.111457
1 0.977033 0.054862 0.0458425 0.0954911
1 0.0602282 0.981642 0.0826132 0.0364399
