2 0.376934 0.363724 0.256541 0.251623
3 0.382845 0.597299 0.243231 0.0853407
3 0.383481 0.518922 0.244454 0.0864484
1 0.777073 0.484556 0.0826997 0.120715
1 0.533572 0.899342 0.12867 0.0807369
1 0.772985 0.309182 0.0834427 0.116091
2 0.358334 0.871116 0.147648 0.148641
1 0.786269 0.888197 0.0759089 0.0880737
1 0.932226 0.0931508 0.0852342 0.109841
1 0.860064 0.289695 0.0804585 0.0885326
0 0.951731 0.704761 0.0789065 0.11143
1 0.780667 0.706404 0.0914333 0.130073
1 0.948903 0.307078 0.0900893 0.129388
1 0.869725 0.893782 0.0866444 0.101937
1 0.872588 0.70121 0.083827 0.110911
1 0.955099 0.890756 0.0833111 0.0973517
1 0.759412 0.0832199 0.0722753 0.0808434
1 0.860909 0.500155 0.0734671 0.0835693
3 0.044072 0.461572 0.0873576 0.151665
1 0.952157 0.464454 0.0945253 0.141562
3 0.0466174 0.670693 0.0923937 0.162716
1 0.84208 0.0786119 0.0851538 0.149711
2 0.120613 0.286052 0.240731 0.0917288
2 0.047876 0.669378 0.0943225 0.16506
2 0.527865 0.388243 0.0500567 0.311261
0 0.872419 0.699767 0.0864275 0.108933
0 0.952347 0.466247 0.0925331 0.141425
0 0.869402 0.895125 0.0874646 0.104347
2 0.113353 0.702604 0.0520985 0.237295
