0 0.294865 0.279858 0.137851 0.142528
1 0.183461 0.298523 0.171903 0.195725
2 0.924021 0.26794 0.150495 0.18677
1 0.707589 0.562752 0.150486 0.132928
1 0.0578682 0.793818 0.115736 0.135029
1 0.581989 0.941571 0.109017 0.115498
1 0.533084 0.19743 0.12659 0.132728
1 0.846205 0.0911112 0.0973172 0.115399
1 0.342827 0.478536 0.152785 0.168808
0 0.157281 0.732199 0.164086 0.170312
2 0.824068 0.8665 0.139438 0.154468
1 0.246047 0.509304 0.101975 0.141227
1 0.282445 0.706523 0.158275 0.138416
1 0.148293 0.107684 0.103536 0.12728
1 0.817889 0.499596 0.163484 0.171082
1 0.489364 0.554949 0.135699 0.0929418
1 0.0634396 0.363133 0.123704 0.138573
1 0.107401 0.561782 0.14126 0.151417
1 0.514724 0.628925 0.150759 0.138134
1 0.437482 0.207917 0.122765 0.179335
1 0.184897 0.54405 0.104421 0.174351
1 0.0875351 0.132905 0.101535 0.138669
1 0.235568 0.0873256 0.11341 0.128075
1 0.764517 0.116348 0.13854 0.155486
1 0.96715 0.0518089 0.065165 0.100435
0 0.374621 0.678029 0.0885692 0.106231
0 0.756662 0.337347 0.161009 0.178162
1 0.648258 0.160124 0.142288 0.147274
0 0.646941 0.157664 0.137061 0.14554
1 0.426015 0.656031 0.0954923 0.115201
0 0.932747 0.493097 0.12404 0.133317
2 0.341873 0.481101 0.152431 0.172029
2 0.876222 0.86688 0.246017 0.258346
1 0.0338029 0.584391 0.0672631 0.128925
1 0.46406 0.457992 0.152838 0.17157
1 0.932825 0.49193 0.123034 0.139041
1 0.332035 0.0571802 0.0883785 0.11436
0 0.764938 0.114756 0.140882 0.157165
1 0.754913 0.338302 0.155328 0.178334
2 0.438517 0.954434 0.245536 0.0904821
1 0.388361 0.25577 0.10234 0.124298
1 0.900938 0.0662785 0.141757 0.132557
0 0.330046 0.0580442 0.0911605 0.115578
1 0.434642 0.95434 0.252288 0.0895972
1 0.105475 0.340682 0.0906208 0.120957
