1 0.31288 0.745061 0.13617 0.149929
1 0.430772 0.851486 0.110471 0.115062
1 0.146178 0.813864 0.0900095 0.104337
1 0.277303 0.493584 0.134759 0.137549
1 0.187284 0.0469222 0.12466 0.093571
1 0.364887 0.89631 0.121583 0.119622
1 0.107929 0.303538 0.111398 0.119733
2 0.424041 0.197603 0.280129 0.364188
1 0.766992 0.148799 0.166176 0.160747
1 0.392887 0.687602 0.137018 0.141001
1 0.0526749 0.429091 0.104474 0.139085
1 0.227106 0.792628 0.119246 0.130051
1 0.569612 0.712886 0.138347 0.133417
1 0.891877 0.276822 0.150671 0.149007
1 0.83966 0.219971 0.12773 0.117108
1 0.824066 0.523637 0.0820293 0.078815
1 0.09263 0.500981 0.138354 0.119847
1 0.279614 0.936104 0.129552 0.121447
2 0.925762 0.762145 0.147341 0.210008
1 0.0945212 0.956632 0.189042 0.0857623
1 0.755175 0.937288 0.138336 0.125225
1 0.173083 0.364143 0.130434 0.128291
1 0.164424 0.568452 0.168256 0.126161
1 0.561959 0.189869 0.128127 0.121542
1 0.564155 0.0270286 0.0992535 0.0539719
1 0.453209 0.615651 0.12057 0.113809
2 0.773496 0.464855 0.128641 0.131498
1 0.067504 0.873764 0.128661 0.13595
1 0.0473371 0.228034 0.0946741 0.124561
1 0.9307 0.76404 0.137742 0.205773
1 0.610477 0.236994 0.11304 0.108452
1 0.0454941 0.972688 0.0900446 0.0546243
1 0.856481 0.977495 0.106672 0.0447828
1 0.64801 0.0538848 0.164356 0.106697
2 0.57769 0.199212 0.59105 0.372809
2 0.96663 0.077822 0.0659406 0.145032
1 0.207813 0.956921 0.0942955 0.0842745
1 0.0227256 0.89616 0.045196 0.0969843
1 0.323544 0.846168 0.0817958 0.0664876
1 0.0226019 0.161569 0.0449686 0.0867071
