1 0.079182 0.252109 0.15822 0.110498
0 0.528824 0.76385 0.0709602 0.0917777
1 0.487449 0.484466 0.148232 0.0891472
1 0.496379 0.136752 0.15874 0.0880134
1 0.0795821 0.350589 0.143926 0.0821601
1 0.259816 0.175862 0.109798 0.080972
1 0.25017 0.367091 0.139306 0.0836967
1 0.19109 0.876406 0.086817 0.0887086
1 0.484922 0.300558 0.156268 0.0902296
1 0.0812676 0.0653532 0.162021 0.0966311
1 0.0770222 0.161933 0.153966 0.0734422
1 0.242143 0.268715 0.132336 0.0817716
1 0.360223 0.739096 0.0834715 0.107408
1 0.474827 0.392037 0.131567 0.095368
1 0.249022 0.0664153 0.123189 0.106639
1 0.0783662 0.424319 0.138044 0.0750358
1 0.258792 0.457088 0.120819 0.0812247
1 0.183681 0.966541 0.0882379 0.0660644
1 0.495046 0.213786 0.156882 0.0903289
1 0.201875 0.747356 0.0948072 0.117554
1 0.437543 0.74422 0.0748513 0.0932119
1 0.483486 0.579147 0.158285 0.121449
1 0.262612 0.548818 0.148564 0.0976405
1 0.0943994 0.531522 0.150571 0.13224
1 0.473008 0.85995 0.0729685 0.125433
1 0.0368538 0.883266 0.0727681 0.143503
1 0.47976 0.0446418 0.160794 0.0832127
1 0.37327 0.902573 0.0800277 0.139311
1 0.420442 0.838221 0.0527048 0.0595424
1 0.976041 0.944956 0.0475868 0.0912826
1 0.481052 0.0333416 0.102698 0.0525323
