1 0.41443 0.304989 0.127084 0.143341
1 0.746855 0.370336 0.150743 0.163502
1 0.489644 0.259214 0.139041 0.160333
1 0.683586 0.667274 0.0862429 0.103832
1 0.829707 0.0681579 0.126235 0.133056
1 0.745201 0.113582 0.152031 0.162489
1 0.275876 0.122833 0.154331 0.195126
1 0.45467 0.0523191 0.121625 0.104638
1 0.561309 0.484319 0.174339 0.184198
1 0.369794 0.0910115 0.141904 0.176291
1 0.413032 0.829076 0.189685 0.134904
1 0.587371 0.228488 0.157276 0.188641
1 0.664868 0.163071 0.141294 0.158096
1 0.826511 0.302146 0.180273 0.215767
1 0.655661 0.404788 0.173252 0.211726
1 0.234769 0.911364 0.143408 0.115318
1 0.924532 0.265961 0.138083 0.170206
1 0.36378 0.331198 0.106432 0.120711
1 0.920178 0.0477288 0.142436 0.0949804
1 0.0443672 0.583031 0.0883787 0.107808
1 0.0290802 0.916084 0.0581605 0.0909172
0 0.809115 0.592008 0.138888 0.144835
1 0.0304778 0.383864 0.0609556 0.144245
1 0.974994 0.485094 0.0494523 0.116054
0 0.545659 0.0424624 0.104362 0.0842405
1 0.0290834 0.82469 0.0581668 0.0937767
1 0.898352 0.538981 0.148613 0.146678
1 0.954691 0.185588 0.0900542 0.186293
1 0.230424 0.98421 0.126188 0.0313356
2 0.233512 0.624866 0.152589 0.234897
1 0.809979 0.592345 0.134756 0.143431
1 0.0337389 0.727513 0.0670942 0.0947664
0 0.368825 0.0914349 0.143379 0.181384
3 0.233018 0.622986 0.152915 0.229387
