0 0.207013 0.514905 0.100394 0.117067
1 0.594064 0.386326 0.105068 0.124732
1 0.134479 0.945018 0.104509 0.106563
0 0.051396 0.779818 0.0870869 0.129114
1 0.217571 0.377188 0.0971157 0.0909646
1 0.501922 0.400544 0.0958386 0.123993
1 0.400307 0.165281 0.0944612 0.0928646
1 0.411284 0.392788 0.0851208 0.104712
1 0.342459 0.811097 0.108506 0.121887
1 0.516218 0.943189 0.117481 0.113397
1 0.502123 0.166076 0.100459 0.113879
1 0.122355 0.374019 0.0873055 0.123373
1 0.59148 0.157975 0.0954812 0.115017
1 0.0955285 0.163055 0.105756 0.115637
1 0.812111 0.929075 0.103996 0.09216
1 0.510897 0.531934 0.0691025 0.103682
1 0.884891 0.34094 0.112449 0.138592
1 0.948865 0.0812226 0.101382 0.143677
1 0.757805 0.510787 0.106332 0.10407
1 0.319705 0.529012 0.101335 0.121817
0 0.700741 0.775302 0.105194 0.125725
1 0.669345 0.530125 0.0992813 0.114405
1 0.627807 0.929967 0.105457 0.122575
1 0.0428304 0.352994 0.085363 0.101632
1 0.321759 0.401062 0.0940033 0.128957
1 0.105193 0.0364224 0.0960187 0.0720007
1 0.408786 0.541515 0.0886227 0.146386
0 0.0407001 0.92385 0.0808935 0.12418
1 0.339977 0.934927 0.103793 0.120834
1 0.919686 0.908481 0.158072 0.163018
1 0.611762 0.784191 0.0838168 0.0839226
1 0.781805 0.131443 0.0951203 0.081577
0 0.153957 0.786554 0.118809 0.155758
1 0.585874 0.532204 0.0961492 0.127053
1 0.689686 0.380703 0.0978152 0.137215
1 0.69506 0.128568 0.112237 0.142933
0 0.408867 0.0440955 0.105357 0.0878453
1 0.716341 0.922928 0.0947568 0.116076
1 0.865458 0.120236 0.0928661 0.083841
1 0.155411 0.785727 0.113718 0.155699
0 0.794569 0.758297 0.107064 0.0916768
1 0.84764 0.0196899 0.0967664 0.0391123
1 0.578155 0.023727 0.0876732 0.0471667
0 0.491793 0.0401449 0.0899498 0.0738339
1 0.0205904 0.125844 0.0409939 0.11472
0 0.515794 0.940148 0.113661 0.118606
1 0.101837 0.52558 0.0528194 0.11184
1 0.700983 0.775404 0.105563 0.128492
0 0.306932 0.160262 0.0995145 0.0989746
0 0.21718 0.378253 0.0947155 0.0942315
0 0.0380444 0.518929 0.075559 0.0994953
1 0.305519 0.161478 0.0988075 0.0981417
0 0.409103 0.531498 0.0882151 0.126728
0 0.101667 0.528376 0.0523517 0.107154
1 0.4385 0.785225 0.0957435 0.0770996
1 0.2002 0.01633 0.089597 0.0321551
0 0.842476 0.503573 0.10157 0.120446
