1 0.330098 0.80404 0.123267 0.118522
1 0.847828 0.312362 0.144106 0.151739
1 0.414215 0.950712 0.152346 0.0985763
1 0.354953 0.422792 0.118456 0.113571
1 0.358197 0.254169 0.0986692 0.114243
1 0.416049 0.306782 0.112773 0.115423
1 0.431616 0.669052 0.140377 0.136875
1 0.379588 0.735649 0.112361 0.112394
1 0.124345 0.120836 0.138496 0.14974
1 0.171736 0.382592 0.126132 0.124817
1 0.211727 0.309961 0.121074 0.111462
1 0.0688997 0.525314 0.113016 0.111135
1 0.0725152 0.824159 0.140198 0.120479
1 0.275538 0.204745 0.123752 0.129043
1 0.462514 0.100068 0.106666 0.100895
1 0.268288 0.887529 0.170791 0.161673
1 0.0700294 0.203947 0.138087 0.129607
1 0.121954 0.457171 0.122828 0.126282
1 0.517729 0.803929 0.104203 0.113983
1 0.0598375 0.0656297 0.119675 0.13111
1 0.937705 0.172335 0.12254 0.191664
1 0.261211 0.556095 0.116114 0.110969
1 0.120922 0.757478 0.114868 0.128003
1 0.725428 0.936805 0.121383 0.125748
1 0.0426798 0.593907 0.0851871 0.110001
1 0.210227 0.60825 0.135165 0.117626
1 0.65935 0.903856 0.12718 0.137034
1 0.31701 0.492933 0.133777 0.13099
1 0.0476882 0.894425 0.0952869 0.130809
1 0.3096 0.0404569 0.127183 0.0807627
1 0.0321675 0.683361 0.0643349 0.113009
1 0.164449 0.675006 0.144847 0.141719
1 0.583428 0.857332 0.152555 0.16607
1 0.0359212 0.27424 0.0718424 0.111509
1 0.487823 0.568323 0.14843 0.130406
1 0.181503 0.980541 0.0948909 0.0384798
0 0.585798 0.863836 0.154661 0.167209
0 0.376672 0.0461923 0.0980741 0.0923846
1 0.0207521 0.967816 0.0411353 0.061636
1 0.379022 0.0462076 0.0992308 0.0919084
