0 0.692881 0.313588 0.114776 0.117046
1 0.80237 0.660732 0.1481 0.135598
1 0.344213 0.720766 0.119879 0.112097
1 0.93073 0.779893 0.135679 0.145273
1 0.129628 0.54257 0.139222 0.193424
1 0.88151 0.946161 0.123891 0.107678
1 0.596545 0.348536 0.101903 0.115886
1 0.811173 0.884401 0.134398 0.135602
2 0.918079 0.0690239 0.130723 0.137744
1 0.396679 0.809854 0.151704 0.145614
1 0.470653 0.869936 0.138758 0.140805
1 0.747978 0.807357 0.152556 0.162722
1 0.294243 0.479063 0.116035 0.154423
1 0.939065 0.495365 0.121197 0.147808
1 0.577824 0.954998 0.121693 0.0895821
1 0.529951 0.63426 0.128525 0.133615
1 0.662162 0.754614 0.117995 0.124921
1 0.738091 0.593301 0.0979358 0.104884
1 0.220878 0.515234 0.122348 0.156569
1 0.076517 0.596362 0.0847982 0.0922701
1 0.892915 0.419163 0.144489 0.152658
1 0.851399 0.724922 0.160728 0.152507
0 0.14881 0.884544 0.108729 0.0949974
1 0.0501934 0.937184 0.0996489 0.124497
1 0.482997 0.380258 0.20024 0.173955
1 0.951034 0.978103 0.0978378 0.0432949
1 0.685771 0.536043 0.121828 0.104678
1 0.961764 0.846073 0.0735389 0.126938
1 0.366118 0.44763 0.124791 0.140913
1 0.022656 0.635497 0.0445353 0.10986
1 0.639215 0.978873 0.0869021 0.0420066
1 0.601707 0.678078 0.147225 0.148452
0 0.190314 0.807463 0.134817 0.125875
1 0.190358 0.807964 0.134727 0.125704
1 0.980571 0.580329 0.038331 0.0697608
1 0.970392 0.53537 0.0587177 0.0931069
