1 0.836919 0.525019 0.188233 0.1867
1 0.536587 0.467411 0.249001 0.174181
1 0.4204 0.631026 0.229002 0.202014
1 0.354526 0.783094 0.202381 0.178644
1 0.690321 0.216289 0.200102 0.205975
1 0.409975 0.06367 0.150064 0.126287
1 0.745579 0.0771289 0.194234 0.154258
1 0.722592 0.735895 0.180359 0.165057
0 0.620767 0.363759 0.209794 0.210696
1 0.940315 0.349539 0.11937 0.165463
1 0.584646 0.918498 0.176509 0.162188
1 0.236964 0.914232 0.244299 0.171156
2 0.232992 0.915383 0.237203 0.167827
1 0.665674 0.684996 0.119414 0.135963
1 0.979512 0.400424 0.0407356 0.0949014
1 0.518136 0.0158025 0.0569056 0.0315554
