1 0.225204 0.937777 0.136276 0.0797052
1 0.226089 0.842983 0.111482 0.0634105
1 0.22966 0.757682 0.130992 0.0818186
1 0.0284243 0.894715 0.0568486 0.0695441
2 0.507384 0.487966 0.985233 0.970897
1 0.042792 0.965309 0.0852385 0.0692601
1 0.0319218 0.716409 0.0635661 0.0855163
1 0.0301419 0.63362 0.0602838 0.0764303
1 0.0280203 0.808826 0.0557241 0.0534025
1 0.37031 0.940437 0.125429 0.0842874
1 0.0319651 0.53677 0.0634892 0.0874397
0 0.0307294 0.443731 0.0611047 0.0692983
1 0.0305146 0.444076 0.0610292 0.0689503
