2 0.605366 0.89353 0.241046 0.180873
2 0.343819 0.518866 0.263588 0.257853
1 0.661026 0.299157 0.11354 0.114929
2 0.149897 0.448342 0.106124 0.114038
1 0.710298 0.157372 0.0797634 0.083299
1 0.539709 0.0397724 0.100393 0.0790192
1 0.203207 0.0367942 0.11175 0.0734017
1 0.283641 0.0964515 0.12889 0.120203
1 0.372473 0.139021 0.128199 0.123361
2 0.0466134 0.955655 0.0919727 0.0880702
0 0.371801 0.138624 0.121286 0.117677
0 0.460473 0.180761 0.139763 0.130235
3 0.0206243 0.478476 0.040095 0.224192
1 0.0612504 0.00943924 0.0547074 0.0188634
1 0.458678 0.180188 0.139978 0.132092
