1 0.83933 0.239512 0.189058 0.133503
1 0.199532 0.495351 0.174157 0.171549
1 0.373234 0.0487313 0.107173 0.0974626
1 0.0585821 0.13084 0.117164 0.103908
1 0.0418724 0.0553284 0.0829592 0.10955
1 0.206827 0.670119 0.177268 0.170063
0 0.379279 0.211796 0.192424 0.189595
1 0.940852 0.416268 0.116226 0.173741
1 0.477624 0.55176 0.191132 0.178484
1 0.505955 0.665042 0.141655 0.0788691
1 0.606609 0.88891 0.21949 0.208204
1 0.538695 0.96695 0.164604 0.0656409
1 0.128958 0.269467 0.124616 0.0916891
1 0.377011 0.209265 0.197708 0.194079
3 0.897493 0.642679 0.204039 0.290536
1 0.438478 0.376117 0.192481 0.187297
1 0.776309 0.0794965 0.256557 0.157251
1 0.413608 0.332081 0.142028 0.10181
1 0.141656 0.360418 0.180893 0.134877
0 0.526403 0.744372 0.163778 0.10955
1 0.221268 0.834062 0.178266 0.168535
0 0.140941 0.357533 0.1799 0.137981
1 0.526337 0.745757 0.168862 0.110017
1 0.027952 0.670086 0.0555645 0.0714654
2 0.603232 0.889257 0.21718 0.205317
1 0.302269 0.0820584 0.149563 0.142323
1 0.856676 0.390742 0.137185 0.114271
2 0.776225 0.0805165 0.260655 0.159622
1 0.353965 0.166514 0.148704 0.106552
