1 0.420656 0.14747 0.141869 0.134632
1 0.762313 0.263919 0.102179 0.114095
0 0.563215 0.790563 0.0916245 0.108964
1 0.583273 0.180641 0.0987895 0.123536
3 0.665111 0.580022 0.173304 0.255813
1 0.407526 0.975304 0.0916028 0.0491126
1 0.332336 0.3792 0.0931183 0.105314
1 0.680967 0.242366 0.113264 0.115022
1 0.405793 0.751691 0.0925454 0.0883873
1 0.878209 0.30328 0.138476 0.146899
1 0.931007 0.954356 0.11776 0.0912888
0 0.876765 0.30299 0.139307 0.148761
0 0.406604 0.752191 0.0973461 0.0884833
0 0.671892 0.582012 0.17324 0.248585
1 0.563098 0.789233 0.0906985 0.109507
