1 0.282658 0.0766457 0.174668 0.153291
1 0.833898 0.119064 0.156167 0.166997
0 0.0975526 0.205649 0.14282 0.12118
1 0.355133 0.214618 0.176574 0.162345
1 0.655125 0.163534 0.158956 0.16575
1 0.736149 0.494612 0.209214 0.171731
3 0.200031 0.65577 0.185805 0.175884
1 0.592658 0.0298204 0.125749 0.059314
1 0.0964041 0.0458103 0.165914 0.0915532
3 0.748658 0.765751 0.502684 0.465068
0 0.300507 0.798422 0.173281 0.131512
0 0.479396 0.781695 0.127739 0.130172
3 0.47985 0.780898 0.12821 0.131968
3 0.300484 0.799465 0.172192 0.130515
0 0.0769279 0.766747 0.153856 0.167924
3 0.075927 0.763462 0.151737 0.16552
0 0.0385727 0.337721 0.0770571 0.140053
2 0.35357 0.217339 0.183473 0.170051
1 0.576256 0.725217 0.162171 0.127442
1 0.683316 0.0151513 0.0746317 0.0299111
