1 0.510319 0.588315 0.128722 0.148225
1 0.29462 0.55523 0.118417 0.12488
1 0.44836 0.663118 0.113454 0.109709
1 0.520967 0.894046 0.11288 0.0981052
0 0.51511 0.0672531 0.0851368 0.0824275
1 0.217716 0.33528 0.146734 0.172491
1 0.398271 0.717485 0.123581 0.12213
1 0.0906517 0.168385 0.102435 0.0948503
1 0.200219 0.0477951 0.104077 0.0955903
1 0.146467 0.11227 0.128472 0.121066
1 0.0521114 0.247349 0.102216 0.098348
1 0.298314 0.20389 0.0870042 0.0882561
1 0.297465 0.841497 0.124564 0.116127
1 0.154686 0.421722 0.122903 0.1157
1 0.239559 0.618482 0.129607 0.141294
1 0.0989223 0.486952 0.121284 0.115063
1 0.797934 0.718212 0.0529815 0.0867355
1 0.408527 0.103112 0.111863 0.114363
1 0.171728 0.662501 0.108766 0.115293
0 0.813451 0.852211 0.0910408 0.0918496
0 0.705285 0.0380019 0.0687602 0.0759058
1 0.0723111 0.894326 0.103088 0.113431
1 0.0909911 0.716643 0.0969188 0.101163
1 0.223783 0.967564 0.105843 0.0646551
1 0.599761 0.0467807 0.103339 0.0793946
0 0.500696 0.797903 0.104221 0.0995637
1 0.151674 0.944966 0.110383 0.0992297
1 0.0162462 0.308875 0.0323054 0.066055
1 0.0588843 0.552914 0.117769 0.121186
1 0.796632 0.0337035 0.104637 0.0671961
1 0.348778 0.802914 0.0772136 0.0740976
0 0.0631447 0.55281 0.126289 0.119684
1 0.0809008 0.0245795 0.0633261 0.0489832
0 0.0897299 0.715632 0.0900649 0.101886
1 0.422628 0.529189 0.106509 0.114395
1 0.274433 0.0318342 0.125096 0.0636623
