1 0.860665 0.742888 0.100677 0.152545
1 0.763623 0.0611362 0.0926113 0.120217
1 0.149971 0.195395 0.148917 0.143278
1 0.258007 0.286035 0.101462 0.102029
1 0.673818 0.316949 0.0881033 0.115058
1 0.883567 0.895099 0.102249 0.109772
1 0.549582 0.0817113 0.0968318 0.137045
1 0.845212 0.500746 0.0928085 0.119575
1 0.951954 0.72183 0.0921218 0.132265
1 0.361755 0.0561495 0.103148 0.112299
1 0.102834 0.29851 0.135208 0.147132
1 0.664117 0.0839907 0.117361 0.13121
1 0.446739 0.0772308 0.103551 0.111677
1 0.885878 0.279258 0.143514 0.185917
1 0.756791 0.514734 0.106553 0.142289
0 0.357082 0.312799 0.120443 0.144746
1 0.957174 0.249725 0.0847161 0.16874
0 0.0620999 0.382267 0.123617 0.164537
1 0.970227 0.889955 0.0585874 0.120843
0 0.451284 0.316811 0.0855755 0.144729
1 0.563526 0.319496 0.0969421 0.130102
0 0.319472 0.899209 0.199561 0.201583
1 0.766265 0.303054 0.0983624 0.136877
1 0.245422 0.0394019 0.125856 0.0786063
1 0.85736 0.0339869 0.0999804 0.0676887
1 0.93027 0.507591 0.0725381 0.126612
1 0.452844 0.319754 0.0862408 0.133669
1 0.229733 0.350268 0.0820619 0.0689384
1 0.982821 0.495303 0.0335671 0.157579
0 0.196716 0.0171708 0.0556363 0.0343417
0 0.204979 0.0310095 0.0708899 0.0620189
1 0.0537379 0.377734 0.106723 0.155069
