1 0.904827 0.572569 0.185555 0.159658
0 0.250063 0.583504 0.104428 0.152567
1 0.119829 0.409049 0.109313 0.132398
1 0.369867 0.10357 0.15648 0.16334
1 0.317441 0.954286 0.0908152 0.0881958
1 0.922123 0.694679 0.155754 0.145945
1 0.206989 0.378567 0.154255 0.143348
1 0.227899 0.150068 0.105865 0.132807
1 0.678893 0.637481 0.151065 0.144097
1 0.405697 0.938852 0.1473 0.122296
1 0.433403 0.304697 0.160485 0.152173
1 0.719953 0.833011 0.107435 0.133
1 0.825438 0.357211 0.192545 0.206357
1 0.142552 0.184919 0.13078 0.132574
1 0.0662971 0.661004 0.132446 0.175959
1 0.476444 0.497275 0.103159 0.148661
1 0.587409 0.672241 0.11627 0.13854
1 0.293343 0.346376 0.102724 0.13448
1 0.0501156 0.224091 0.100231 0.147778
1 0.733964 0.120235 0.196542 0.19173
1 0.246729 0.78502 0.0895301 0.128377
0 0.677937 0.504424 0.0849142 0.0672671
0 0.599687 0.45057 0.080319 0.111336
1 0.77571 0.814377 0.0857265 0.11379
1 0.202897 0.802489 0.117376 0.144
1 0.108255 0.823999 0.172505 0.18595
1 0.934735 0.310181 0.12821 0.228533
1 0.763446 0.251571 0.140688 0.116144
1 0.53998 0.479044 0.113773 0.16512
1 0.406825 0.541464 0.148233 0.136529
1 0.892062 0.0357957 0.166515 0.0708593
1 0.964743 0.931539 0.0690856 0.131986
1 0.92098 0.129868 0.157164 0.120017
0 0.532291 0.269607 0.0926598 0.109772
1 0.349084 0.321768 0.109137 0.138381
1 0.494243 0.0644881 0.144643 0.128086
1 0.309091 0.768101 0.0992445 0.125667
1 0.559699 0.913574 0.106677 0.149333
1 0.132883 0.620002 0.115923 0.15959
1 0.306732 0.55274 0.103571 0.139637
1 0.943809 0.775012 0.112324 0.101965
1 0.69635 0.0397718 0.153343 0.0795436
1 0.58268 0.248134 0.0962088 0.117483
1 0.690594 0.971341 0.11167 0.0569437
1 0.283319 0.136638 0.101326 0.138693
1 0.839367 0.959301 0.0955333 0.0810313
1 0.477254 0.706791 0.0840718 0.123964
1 0.261485 0.96345 0.071886 0.0716325
0 0.492227 0.0637897 0.14392 0.127579
0 0.0684819 0.659982 0.134882 0.175178
0 0.73736 0.1255 0.206654 0.202898
0 0.0665497 0.437891 0.0857372 0.0935497
0 0.397639 0.731501 0.146578 0.152405
1 0.376915 0.742003 0.115033 0.137318
1 0.652061 0.434563 0.101636 0.118257
1 0.034249 0.88127 0.0679079 0.129243
1 0.409523 0.729135 0.121327 0.149586
0 0.559648 0.913533 0.109887 0.152793
0 0.0266662 0.439993 0.052036 0.154772
1 0.0259303 0.448468 0.0513463 0.131808
0 0.30719 0.55406 0.103146 0.145758
1 0.771635 0.976991 0.0914633 0.0459175
0 0.0321964 0.875452 0.0643928 0.131408
1 0.532886 0.269853 0.0934733 0.110789
