2 0.746371 0.261173 0.268075 0.25343
1 0.0419698 0.611912 0.0830394 0.0866675
1 0.394876 0.809559 0.088641 0.0865141
1 0.357674 0.682406 0.0965022 0.0926353
1 0.152353 0.499515 0.0924383 0.0935389
1 0.506859 0.827124 0.111166 0.11265
1 0.219897 0.557885 0.117907 0.114383
1 0.0426315 0.516517 0.0852629 0.0855433
1 0.0843902 0.563691 0.0819323 0.0847527
1 0.118218 0.453818 0.0879816 0.0933769
1 0.706754 0.535096 0.0693016 0.0678871
0 0.29631 0.768424 0.106026 0.101328
1 0.641203 0.846588 0.103244 0.105222
1 0.254046 0.604531 0.0839351 0.0899413
1 0.116501 0.668256 0.08872 0.0875162
1 0.452083 0.750715 0.10947 0.11217
0 0.733304 0.886157 0.116816 0.121539
1 0.707104 0.121048 0.128459 0.132102
1 0.0553254 0.424564 0.0853194 0.0861871
1 0.692026 0.793387 0.121188 0.123903
0 0.217587 0.717962 0.113033 0.111935
1 0.224708 0.418026 0.0859072 0.0935311
1 0.307162 0.484138 0.130097 0.154449
1 0.0905429 0.383534 0.0727406 0.0691336
1 0.366789 0.531889 0.117372 0.134164
1 0.565713 0.784653 0.0875884 0.0889781
1 0.535612 0.649398 0.114598 0.125973
1 0.601608 0.918248 0.112348 0.109807
1 0.617472 0.73405 0.0951055 0.0981079
2 0.588628 0.354514 0.120561 0.154681
0 0.40477 0.634656 0.0899208 0.0956302
1 0.587756 0.354289 0.121639 0.155527
1 0.508612 0.676079 0.0950141 0.0900974
1 0.00835472 0.637886 0.0162469 0.0468153
1 0.193105 0.363196 0.124764 0.131197
1 0.267935 0.506389 0.053768 0.0593548
1 0.142865 0.327826 0.119441 0.121541
1 0.0835856 0.305571 0.161023 0.156141
1 0.0657592 0.687788 0.0522683 0.0470011
1 0.359194 0.860436 0.0922201 0.0901592
1 0.526703 0.626025 0.0716462 0.077985
1 0.459759 0.583634 0.0861867 0.0938191
0 0.189109 0.912338 0.0891798 0.0827888
1 0.667797 0.463695 0.105448 0.0735376
1 0.385594 0.582173 0.0949793 0.0884757
