1 0.637696 0.732379 0.135305 0.130482
1 0.39919 0.668743 0.125798 0.12309
1 0.496047 0.860446 0.130126 0.143251
1 0.739804 0.565634 0.133026 0.10837
1 0.766211 0.913999 0.140771 0.134075
1 0.524164 0.545285 0.140823 0.153965
1 0.886808 0.793022 0.140957 0.123784
1 0.6826 0.937546 0.143289 0.124907
1 0.267319 0.503778 0.142817 0.13499
1 0.700798 0.660127 0.147854 0.137361
1 0.3964 0.90964 0.122391 0.119734
1 0.161868 0.570488 0.147695 0.134553
1 0.290479 0.946743 0.181333 0.105057
1 0.925333 0.6981 0.116254 0.105092
1 0.06946 0.659101 0.138918 0.128562
1 0.0947365 0.849941 0.120825 0.110713
1 0.54634 0.780299 0.160729 0.173112
1 0.826188 0.863745 0.133869 0.119573
1 0.941493 0.955966 0.11616 0.0880678
1 0.469034 0.619088 0.129162 0.135774
1 0.0672144 0.452655 0.134148 0.15527
1 0.0225193 0.508486 0.0449492 0.0972484
1 0.0523093 0.795471 0.104619 0.114672
1 0.926211 0.335384 0.145701 0.190604
1 0.626974 0.981058 0.0865541 0.0375847
1 0.844918 0.0283794 0.0987731 0.0563797
0 0.935343 0.601849 0.126804 0.105226
1 0.338516 0.774762 0.120579 0.114414
1 0.281712 0.82426 0.245779 0.209099
1 0.236391 0.853796 0.14712 0.143421
1 0.935173 0.602315 0.122639 0.101064
1 0.981505 0.0281751 0.0365238 0.0561289
1 0.743261 0.290868 0.219827 0.171393
2 0.744968 0.290906 0.216209 0.169293
