1 0.113799 0.156044 0.155687 0.14677
1 0.946107 0.451685 0.0977659 0.10543
1 0.066712 0.259148 0.133398 0.129141
1 0.245193 0.0582876 0.115936 0.105405
1 0.741614 0.0632499 0.0786774 0.0799326
1 0.612823 0.788657 0.103581 0.115995
1 0.496094 0.616991 0.0819123 0.0803198
1 0.298173 0.256039 0.102811 0.139837
1 0.0648245 0.384859 0.122267 0.108888
1 0.386619 0.598486 0.0756222 0.0890517
1 0.896636 0.0275112 0.104404 0.0547729
1 0.603636 0.127197 0.0869374 0.128743
1 0.968899 0.556649 0.0618231 0.0767879
1 0.15672 0.513534 0.0875961 0.0912977
1 0.175279 0.360372 0.0689222 0.0702384
0 0.646856 0.864074 0.0652472 0.0440221
1 0.390133 0.535107 0.0395271 0.0388465
