2 0.0704809 0.37398 0.139924 0.213301
2 0.860421 0.135773 0.156413 0.250595
2 0.704295 0.14647 0.180928 0.292941
2 0.482082 0.871357 0.238774 0.257286
2 0.334738 0.898676 0.207623 0.202648
2 0.0660794 0.0969493 0.132159 0.193274
2 0.864172 0.430637 0.10506 0.252184
2 0.56123 0.422968 0.107348 0.255527
3 0.223039 0.108739 0.151563 0.217478
2 0.545671 0.13229 0.184776 0.264579
2 0.636491 0.844554 0.194065 0.227824
2 0.719272 0.443914 0.107769 0.256175
3 0.910718 0.73907 0.178565 0.240044
2 0.382103 0.119257 0.168315 0.238515
2 0.773664 0.791406 0.188868 0.21911
2 0.224398 0.106602 0.149032 0.211314
3 0.271685 0.539324 0.284428 0.426714
2 0.175261 0.924241 0.166426 0.15069
3 0.635013 0.845394 0.197208 0.235344
3 0.773475 0.792456 0.191036 0.23294
3 0.379838 0.121891 0.168594 0.243782
2 0.225934 0.439648 0.179268 0.225845
2 0.910351 0.739733 0.178052 0.226489
