1 0.565427 0.0886992 0.136178 0.131478
1 0.320797 0.647611 0.138624 0.113798
1 0.740976 0.105508 0.128472 0.106195
1 0.664629 0.257721 0.163238 0.120816
1 0.619812 0.412888 0.132816 0.113428
1 0.295606 0.137302 0.11956 0.134751
1 0.513138 0.677372 0.1619 0.143316
1 0.146983 0.50069 0.156285 0.16398
1 0.27965 0.728429 0.126554 0.114949
1 0.448505 0.82999 0.127447 0.107182
1 0.243715 0.798579 0.123829 0.0995528
1 0.195751 0.0838994 0.127569 0.129476
1 0.157392 0.257495 0.103118 0.0985887
1 0.224261 0.311974 0.13951 0.147313
1 0.344403 0.568823 0.105942 0.106408
1 0.120696 0.060453 0.128194 0.120906
1 0.597612 0.501237 0.123274 0.103177
1 0.755242 0.0390481 0.133195 0.077363
1 0.0627057 0.436071 0.125411 0.139593
1 0.479691 0.758828 0.148335 0.120694
1 0.0710521 0.681193 0.0944016 0.0909256
1 0.510061 0.179737 0.124027 0.10123
1 0.465265 0.240726 0.107531 0.0925849
1 0.335593 0.946178 0.178736 0.106353
1 0.164913 0.948366 0.104327 0.100816
1 0.102197 0.616796 0.0755837 0.0677725
1 0.419654 0.914807 0.125781 0.110859
1 0.710452 0.185383 0.14263 0.0980317
0 0.0267104 0.636428 0.0529886 0.128578
1 0.438413 0.308712 0.109036 0.100514
1 0.551221 0.0178438 0.0947933 0.0356877
