0 0.954539 0.389719 0.090922 0.111401
0 0.556277 0.637084 0.121201 0.125461
0 0.771056 0.726025 0.111111 0.111991
1 0.0868674 0.82221 0.155072 0.146308
1 0.901026 0.604863 0.134358 0.138555
0 0.575601 0.0746388 0.160751 0.147664
0 0.856629 0.895983 0.115245 0.12261
1 0.349657 0.867043 0.115348 0.112468
1 0.27666 0.951628 0.0986626 0.0962086
1 0.263441 0.40812 0.13504 0.131292
1 0.422163 0.778865 0.164859 0.154194
0 0.781972 0.936174 0.123381 0.126819
1 0.599359 0.521823 0.118789 0.122274
1 0.717804 0.305034 0.136497 0.138535
0 0.181699 0.700215 0.118867 0.133215
1 0.667243 0.434188 0.184918 0.162123
1 0.699937 0.953874 0.125905 0.0911639
1 0.864547 0.225456 0.0966997 0.106542
1 0.490317 0.19662 0.142815 0.138877
0 0.733339 0.77999 0.0971662 0.0880203
0 0.956446 0.78743 0.0871078 0.120317
1 0.982933 0.945871 0.0336862 0.0710286
0 0.378236 0.324785 0.132972 0.121738
0 0.492089 0.197298 0.141294 0.138119
1 0.377978 0.325062 0.131302 0.125085
1 0.482082 0.689571 0.105039 0.113739
1 0.984629 0.46434 0.0303319 0.0554869
0 0.666148 0.432589 0.181608 0.164883
1 0.179434 0.699012 0.124909 0.128737
0 0.481597 0.685626 0.11053 0.12233
0 0.863927 0.123105 0.130237 0.0950781
